27, 125, pa2-unknown-g-output1.txt
 191.10,  195.89,  194.43
 400.99,  397.27,  200.26
  98.63,  100.96,   98.18
 101.60,  100.43,  223.15
 104.56,   99.90,  348.11
 100.99,  225.93,   98.65
 103.96,  225.41,  223.62
 106.92,  224.88,  348.58
 103.35,  350.91,   99.13
 106.32,  350.38,  224.09
 109.28,  349.86,  349.05
 223.58,   98.61,   95.21
 226.54,   98.08,  220.17
 229.51,   97.56,  345.14
 225.94,  223.59,   95.68
 228.90,  223.06,  220.64
 231.87,  222.53,  345.61
 228.30,  348.56,   96.15
 231.26,  348.04,  221.12
 234.23,  347.51,  346.08
 348.52,   96.26,   92.24
 351.48,   95.73,  217.20
 354.45,   95.21,  342.16
 350.88,  221.24,   92.71
 353.84,  220.71,  217.67
 356.81,  220.18,  342.63
 353.24,  346.22,   93.18
 356.20,  345.69,  218.14
 359.17,  345.16,  343.11
  98.24,  101.60,  225.16
  94.78,  100.25,  350.10
  91.32,   98.90,  475.05
  94.54,  226.54,  226.40
  91.08,  225.19,  351.35
  87.62,  223.84,  476.29
  90.85,  351.48,  227.65
  87.39,  350.13,  352.60
  83.93,  348.78,  477.54
 223.13,  105.26,  228.65
 219.67,  103.91,  353.60
 216.21,  102.56,  478.54
 219.44,  230.20,  229.90
 215.98,  228.85,  354.85
 212.52,  227.49,  479.79
 215.74,  355.14,  231.15
 212.29,  353.78,  356.10
 208.83,  352.43,  481.04
 348.03,  108.92,  232.15
 344.57,  107.56,  357.10
 341.11,  106.21,  482.04
 344.34,  233.85,  233.40
 340.88,  232.50,  358.34
 337.42,  231.15,  483.29
 340.64,  358.79,  234.65
 337.18,  357.44,  359.59
 333.72,  356.09,  484.54
  99.01,  101.22,  349.55
 101.72,   98.47,  474.49
 104.44,   95.71,  599.43
 102.28,  226.15,  352.23
 104.99,  223.40,  477.17
 107.71,  220.64,  602.11
 105.55,  351.08,  354.92
 108.27,  348.32,  479.86
 110.98,  345.57,  604.80
 223.93,   98.01,  346.77
 226.65,   95.25,  471.71
 229.36,   92.50,  596.65
 227.21,  222.94,  349.45
 229.92,  220.18,  474.39
 232.64,  217.43,  599.33
 230.48,  347.86,  352.13
 233.19,  345.11,  477.07
 235.91,  342.36,  602.01
 348.86,   94.80,  343.98
 351.58,   92.04,  468.92
 354.29,   89.29,  593.86
 352.13,  219.72,  346.66
 354.85,  216.97,  471.60
 357.57,  214.22,  596.54
 355.41,  344.65,  349.34
 358.12,  341.90,  474.28
 360.84,  339.15,  599.22
 101.20,   99.78,  474.08
 101.85,   99.43,  599.07
 102.51,   99.08,  724.07
 100.52,  224.78,  474.43
 101.18,  224.43,  599.43
 101.83,  224.07,  724.43
  99.84,  349.78,  474.79
 100.50,  349.43,  599.79
 101.15,  349.07,  724.79
 226.19,  100.46,  473.42
 226.85,  100.11,  598.42
 227.51,   99.76,  723.42
 225.52,  225.46,  473.78
 226.17,  225.11,  598.78
 226.83,  224.75,  723.77
 224.84,  350.46,  474.14
 225.49,  350.11,  599.13
 226.15,  349.75,  724.13
 351.19,  101.14,  472.77
 351.85,  100.79,  597.77
 352.50,  100.44,  722.76
 350.51,  226.14,  473.13
 351.17,  225.79,  598.12
 351.82,  225.43,  723.12
 349.83,  351.14,  473.48
 350.49,  350.78,  598.48
 351.15,  350.43,  723.48
  98.97,   98.14,  599.02
  97.49,   99.20,  724.00
  96.00,  100.26,  848.99
  98.24,  223.13,  597.95
  96.76,  224.19,  722.94
  95.28,  225.25,  847.92
  97.52,  348.13,  596.88
  96.03,  349.19,  721.87
  94.55,  350.25,  846.86
 223.96,   98.88,  600.50
 222.48,   99.94,  725.48
 220.99,  101.00,  850.47
 223.23,  223.87,  599.43
 221.75,  224.93,  724.41
 220.27,  225.99,  849.40
 222.51,  348.87,  598.36
 221.02,  349.93,  723.35
 219.54,  350.99,  848.33
 348.95,   99.62,  601.97
 347.47,  100.68,  726.96
 345.98,  101.74,  851.95
 348.22,  224.61,  600.90
 346.74,  225.67,  725.89
 345.25,  226.73,  850.88
 347.50,  349.61,  599.84
 346.01,  350.67,  724.82
 344.53,  351.72,  849.81
 100.26,  226.68,   99.98
  97.95,  227.02,  224.96
  95.63,  227.37,  349.94
  99.33,  351.67,   99.62
  97.01,  352.02,  224.60
  94.69,  352.36,  349.57
  98.39,  476.67,   99.26
  96.07,  477.01,  224.23
  93.75,  477.36,  349.21
 225.24,  227.62,  102.29
 222.92,  227.97,  227.27
 220.60,  228.31,  352.25
 224.30,  352.62,  101.93
 221.98,  352.96,  226.91
 219.66,  353.31,  351.89
 223.36,  477.61,  101.57
 221.04,  477.96,  226.55
 218.73,  478.30,  351.53
 350.21,  228.56,  104.61
 347.90,  228.91,  229.59
 345.58,  229.25,  354.57
 349.28,  353.56,  104.25
 346.96,  353.91,  229.23
 344.64,  354.25,  354.20
 348.34,  478.56,  103.89
 346.02,  478.90,  228.86
 343.70,  479.25,  353.84
  99.21,  226.72,  226.09
  96.25,  227.61,  351.06
  93.30,  228.51,  476.02
 101.89,  351.68,  225.26
  98.93,  352.58,  350.22
  95.97,  353.47,  475.18
 104.57,  476.65,  224.43
 101.61,  477.55,  349.39
  98.65,  478.44,  474.35
 224.15,  224.06,  229.07
 221.19,  224.95,  354.03
 218.23,  225.85,  478.99
 226.82,  349.03,  228.24
 223.87,  349.92,  353.20
 220.91,  350.82,  478.16
 229.50,  474.00,  227.40
 226.54,  474.89,  352.37
 223.59,  475.79,  477.33
 349.08,  221.40,  232.04
 346.13,  222.30,  357.01
 343.17,  223.19,  481.97
 351.76,  346.37,  231.21
 348.80,  347.27,  356.17
 345.85,  348.16,  481.14
 354.44,  471.34,  230.38
 351.48,  472.24,  355.34
 348.52,  473.13,  480.30
  98.62,  226.05,  351.59
  97.99,  224.09,  476.58
  97.36,  222.13,  601.56
  99.93,  351.03,  353.56
  99.30,  349.07,  478.54
  98.67,  347.11,  603.52
 101.24,  476.01,  355.52
 100.61,  474.05,  480.51
  99.98,  472.09,  605.49
 223.61,  224.73,  352.20
 222.98,  222.77,  477.19
 222.35,  220.81,  602.17
 224.92,  349.71,  354.17
 224.29,  347.75,  479.15
 223.66,  345.79,  604.13
 226.24,  474.69,  356.13
 225.60,  472.73,  481.12
 224.97,  470.77,  606.10
 348.60,  223.41,  352.81
 347.97,  221.45,  477.80
 347.34,  219.49,  602.78
 349.91,  348.39,  354.78
 349.28,  346.43,  479.76
 348.65,  344.47,  604.74
 351.23,  473.36,  356.74
 350.60,  471.40,  481.73
 349.96,  469.44,  606.71
  98.10,  224.11,  473.77
  98.92,  226.37,  598.75
  99.74,  228.63,  723.73
  98.59,  349.09,  471.51
  99.41,  351.35,  596.49
 100.23,  353.61,  721.46
  99.08,  474.07,  469.24
  99.90,  476.33,  594.22
 100.71,  478.59,  719.20
 223.10,  223.61,  472.96
 223.92,  225.87,  597.94
 224.73,  228.13,  722.92
 223.59,  348.59,  470.70
 224.40,  350.85,  595.68
 225.22,  353.11,  720.65
 224.07,  473.57,  468.43
 224.89,  475.83,  593.41
 225.71,  478.09,  718.39
 348.09,  223.11,  472.15
 348.91,  225.37,  597.13
 349.73,  227.63,  722.11
 348.58,  348.09,  469.89
 349.40,  350.35,  594.87
 350.22,  352.61,  719.84
 349.07,  473.06,  467.63
 349.89,  475.33,  592.60
 350.71,  477.59,  717.58
  98.15,  224.36,  601.84
  95.91,  224.25,  726.82
  93.68,  224.14,  851.80
 100.15,  349.34,  601.99
  97.91,  349.23,  726.97
  95.68,  349.13,  851.95
 102.14,  474.33,  602.13
  99.91,  474.22,  727.11
  97.67,  474.11,  852.09
 223.11,  222.36,  604.08
 220.88,  222.25,  729.06
 218.64,  222.14,  854.04
 225.11,  347.34,  604.22
 222.88,  347.24,  729.20
 220.64,  347.13,  854.18
 227.11,  472.33,  604.36
 224.87,  472.22,  729.34
 222.64,  472.11,  854.32
 348.08,  220.36,  606.31
 345.84,  220.25,  731.29
 343.61,  220.14,  856.27
 350.07,  345.34,  606.45
 347.84,  345.24,  731.43
 345.61,  345.13,  856.41
 352.07,  470.33,  606.60
 349.84,  470.22,  731.58
 347.60,  470.11,  856.56
 100.21,  349.04,  100.89
  99.60,  349.83,  225.89
  99.00,  350.61,  350.88
 100.77,  474.04,  100.11
 100.17,  474.82,  225.10
  99.57,  475.61,  350.10
 101.34,  599.03,   99.32
 100.74,  599.82,  224.32
 100.13,  600.61,  349.32
 225.20,  348.48,  101.50
 224.60,  349.26,  226.49
 224.00,  350.05,  351.49
 225.77,  473.47,  100.71
 225.17,  474.26,  225.71
 224.56,  475.05,  350.71
 226.34,  598.47,   99.93
 225.73,  599.26,  224.93
 225.13,  600.04,  349.92
 350.20,  347.91,  102.11
 349.60,  348.70,  227.10
 348.99,  349.49,  352.10
 350.77,  472.91,  101.32
 350.16,  473.70,  226.32
 349.56,  474.48,  351.31
 351.33,  597.91,  100.54
 350.73,  598.69,  225.53
 350.13,  599.48,  350.53
 100.77,  350.90,  223.25
  98.46,  348.61,  348.21
  96.14,  346.31,  473.16
  99.81,  475.88,  225.53
  97.50,  473.58,  350.49
  95.19,  471.29,  475.44
  98.86,  600.85,  227.81
  96.55,  598.56,  352.77
  94.23,  596.26,  477.72
 225.74,  351.82,  225.58
 223.43,  349.52,  350.53
 221.12,  347.22,  475.49
 224.79,  476.79,  227.86
 222.48,  474.49,  352.81
 220.16,  472.20,  477.77
 223.83,  601.77,  230.14
 221.52,  599.47,  355.09
 219.21,  597.17,  480.05
 350.72,  352.73,  227.91
 348.41,  350.43,  352.86
 346.09,  348.13,  477.82
 349.76,  477.70,  230.18
 347.45,  475.41,  355.14
 345.14,  473.11,  480.10
 348.81,  602.68,  232.46
 346.50,  600.38,  357.42
 344.18,  598.09,  482.38
 101.81,  350.35,  350.65
 101.22,  347.52,  475.62
 100.63,  344.68,  600.58
 103.69,  475.31,  353.50
 103.10,  472.47,  478.46
 102.51,  469.63,  603.43
 105.57,  600.26,  356.34
 104.98,  597.42,  481.31
 104.39,  594.59,  606.27
 226.79,  348.46,  351.20
 226.20,  345.62,  476.16
 225.61,  342.79,  601.13
 228.67,  473.41,  354.04
 228.08,  470.58,  479.01
 227.49,  467.74,  603.98
 230.55,  598.37,  356.89
 229.96,  595.53,  481.85
 229.37,  592.69,  606.82
 351.78,  346.57,  351.75
 351.19,  343.73,  476.71
 350.60,  340.89,  601.68
 353.66,  471.52,  354.59
 353.07,  468.68,  479.56
 352.48,  465.85,  604.52
 355.54,  596.47,  357.43
 354.95,  593.64,  482.40
 354.36,  590.80,  607.37
 101.30,  351.90,  474.23
 102.07,  350.14,  599.21
 102.83,  348.38,  724.20
  98.26,  476.85,  476.01
  99.02,  475.09,  600.99
  99.79,  473.33,  725.98
  95.21,  601.80,  477.78
  95.98,  600.04,  602.77
  96.74,  598.28,  727.75
 226.26,  354.96,  473.51
 227.03,  353.20,  598.49
 227.79,  351.44,  723.48
 223.22,  479.91,  475.28
 223.98,  478.15,  600.27
 224.75,  476.39,  725.25
 220.17,  604.86,  477.06
 220.94,  603.10,  602.05
 221.70,  601.34,  727.03
 351.22,  358.01,  472.78
 351.99,  356.25,  597.77
 352.75,  354.50,  722.75
 348.18,  482.96,  474.56
 348.94,  481.21,  599.55
 349.71,  479.45,  724.53
 345.13,  607.92,  476.34
 345.90,  606.16,  601.32
 346.66,  604.40,  726.31
 100.22,  351.55,  601.12
  98.14,  355.19,  726.05
  96.05,  358.83,  850.98
  98.78,  476.49,  597.46
  96.70,  480.13,  722.39
  94.62,  483.76,  847.32
  97.35,  601.43,  593.80
  95.26,  605.06,  718.73
  93.18,  608.70,  843.66
 225.19,  353.04,  603.16
 223.11,  356.68,  728.09
 221.03,  360.32,  853.02
 223.76,  477.98,  599.50
 221.67,  481.62,  724.43
 219.59,  485.26,  849.36
 222.32,  602.92,  595.84
 220.24,  606.56,  720.77
 218.16,  610.20,  845.70
 350.17,  354.54,  605.20
 348.08,  358.18,  730.13
 346.00,  361.82,  855.06
 348.73,  479.48,  601.54
 346.65,  483.12,  726.47
 344.57,  486.76,  851.40
 347.30,  604.42,  597.88
 345.21,  608.06,  722.81
 343.13,  611.69,  847.74
  99.43,  473.70,  100.64
  95.72,  473.23,  225.58
  92.01,  472.76,  350.53
 102.14,  598.67,  101.19
  98.43,  598.20,  226.14
  94.71,  597.73,  351.08
 104.85,  723.64,  101.75
 101.13,  723.17,  226.69
  97.42,  722.70,  351.63
 224.35,  470.98,  104.34
 220.64,  470.51,  229.29
 216.92,  470.04,  354.23
 227.06,  595.95,  104.90
 223.34,  595.48,  229.84
 219.63,  595.01,  354.78
 229.76,  720.92,  105.45
 226.05,  720.45,  230.39
 222.33,  719.98,  355.34
 349.27,  468.26,  108.04
 345.55,  467.79,  232.99
 341.84,  467.32,  357.93
 351.97,  593.23,  108.60
 348.26,  592.76,  233.54
 344.54,  592.29,  358.49
 354.68,  718.20,  109.15
 350.96,  717.73,  234.10
 347.25,  717.26,  359.04
 101.87,  474.62,  225.57
 101.37,  478.33,  350.51
 100.88,  482.04,  475.45
 103.67,  599.56,  221.86
 103.18,  603.27,  346.81
 102.69,  606.97,  471.75
 105.47,  724.49,  218.16
 104.98,  728.20,  343.11
 104.49,  731.91,  468.05
 226.85,  472.83,  226.11
 226.36,  476.54,  351.06
 225.87,  480.25,  476.00
 228.66,  597.77,  222.41
 228.16,  601.48,  347.35
 227.67,  605.19,  472.30
 230.46,  722.70,  218.71
 229.97,  726.41,  343.65
 229.48,  730.12,  468.60
 351.84,  471.05,  226.66
 351.35,  474.76,  351.60
 350.86,  478.47,  476.54
 353.64,  595.98,  222.95
 353.15,  599.69,  347.90
 352.66,  603.40,  472.84
 355.45,  720.91,  219.25
 354.95,  724.62,  344.20
 354.46,  728.33,  469.14
  99.61,  474.74,  348.02
  97.56,  473.98,  473.00
  95.50,  473.21,  597.98
  99.46,  599.74,  348.78
  97.40,  598.98,  473.76
  95.35,  598.21,  598.74
  99.31,  724.74,  349.54
  97.25,  723.97,  474.53
  95.20,  723.21,  599.51
 224.59,  474.88,  350.08
 222.54,  474.12,  475.06
 220.48,  473.35,  600.04
 224.44,  599.88,  350.84
 222.39,  599.11,  475.82
 220.33,  598.35,  600.80
 224.29,  724.88,  351.60
 222.24,  724.11,  476.58
 220.18,  723.35,  601.56
 349.58,  475.02,  352.13
 347.52,  474.26,  477.11
 345.47,  473.49,  602.10
 349.43,  600.02,  352.90
 347.37,  599.25,  477.88
 345.31,  598.49,  602.86
 349.27,  725.01,  353.66
 347.22,  724.25,  478.64
 345.16,  723.49,  603.62
 100.87,  474.98,  474.00
  97.90,  476.78,  598.95
  94.93,  478.57,  723.90
  98.88,  599.95,  472.15
  95.91,  601.75,  597.10
  92.94,  603.54,  722.06
  96.89,  724.92,  470.31
  93.92,  726.72,  595.26
  90.95,  728.51,  720.21
 225.81,  477.01,  476.94
 222.84,  478.81,  601.89
 219.88,  480.60,  726.84
 223.83,  601.98,  475.09
 220.86,  603.78,  600.04
 217.89,  605.57,  725.00
 221.84,  726.95,  473.25
 218.87,  728.75,  598.20
 215.90,  730.54,  723.15
 350.76,  479.04,  479.88
 347.79,  480.84,  604.83
 344.82,  482.63,  729.78
 348.78,  604.01,  478.03
 345.81,  605.81,  602.98
 342.84,  607.60,  727.94
 346.79,  728.98,  476.19
 343.82,  730.78,  601.14
 340.85,  732.57,  726.09
  98.94,  476.48,  599.36
  96.09,  479.95,  724.28
  93.24,  483.41,  849.20
 100.62,  601.42,  595.94
  97.77,  604.89,  720.86
  94.92,  608.35,  845.78
 102.30,  726.37,  592.51
  99.45,  729.83,  717.43
  96.60,  733.29,  842.35
 223.90,  474.88,  602.26
 221.05,  478.35,  727.18
 218.20,  481.81,  852.10
 225.58,  599.83,  598.83
 222.73,  603.29,  723.75
 219.88,  606.75,  848.67
 227.25,  724.77,  595.41
 224.40,  728.23,  720.33
 221.55,  731.69,  845.25
 348.85,  473.29,  605.15
 346.00,  476.75,  730.07
 343.15,  480.21,  854.99
 350.53,  598.23,  601.73
 347.68,  601.69,  726.65
 344.83,  605.15,  851.57
 352.21,  723.17,  598.30
 349.36,  726.63,  723.22
 346.51,  730.10,  848.14
 100.10,  600.69,   98.99
  97.47,  599.91,  223.96
  94.85,  599.13,  348.93
 103.32,  725.65,   99.83
 100.69,  724.86,  224.80
  98.06,  724.08,  349.77
 106.54,  850.60,  100.68
 103.91,  849.82,  225.65
 101.28,  849.04,  350.62
 225.03,  597.45,  101.59
 222.40,  596.67,  226.56
 219.78,  595.89,  351.53
 228.25,  722.41,  102.44
 225.62,  721.63,  227.41
 223.00,  720.85,  352.38
 231.47,  847.37,  103.29
 228.84,  846.58,  228.26
 226.21,  845.80,  353.23
 349.96,  594.22,  104.20
 347.34,  593.44,  229.17
 344.71,  592.66,  354.14
 353.18,  719.17,  105.05
 350.55,  718.39,  230.02
 347.93,  717.61,  354.99
 356.40,  844.13,  105.90
 353.77,  843.35,  230.86
 351.15,  842.57,  355.83
  99.97,  599.81,  226.22
 103.59,  600.49,  351.17
 107.21,  601.18,  476.11
  97.16,  724.78,  225.62
 100.77,  725.46,  350.57
 104.39,  726.14,  475.51
  94.34,  849.74,  225.02
  97.95,  850.43,  349.96
 101.57,  851.11,  474.91
 224.89,  602.61,  222.59
 228.51,  603.29,  347.54
 232.12,  603.98,  472.48
 222.07,  727.58,  221.99
 225.69,  728.26,  346.93
 229.30,  728.94,  471.88
 219.25,  852.54,  221.39
 222.87,  853.23,  346.33
 226.48,  853.91,  471.28
 349.81,  605.41,  218.96
 353.42,  606.09,  343.91
 357.04,  606.78,  468.85
 346.99,  730.38,  218.36
 350.60,  731.06,  343.30
 354.22,  731.74,  468.25
 344.17,  855.34,  217.76
 347.78,  856.03,  342.70
 351.40,  856.71,  467.65
 101.45,  599.93,  348.50
 105.06,  598.68,  473.44
 108.67,  597.43,  598.38
 102.83,  724.92,  349.71
 106.44,  723.67,  474.65
 110.05,  722.41,  599.59
 104.22,  849.91,  350.92
 107.83,  848.65,  475.86
 111.43,  847.40,  600.81
 226.39,  598.59,  344.87
 230.00,  597.33,  469.82
 233.61,  596.08,  594.76
 227.77,  723.57,  346.09
 231.38,  722.32,  471.03
 234.99,  721.07,  595.97
 229.16,  848.56,  347.30
 232.77,  847.31,  472.24
 236.37,  846.05,  597.19
 351.33,  597.24,  341.25
 354.94,  595.99,  466.20
 358.55,  594.73,  591.14
 352.72,  722.23,  342.47
 356.32,  720.97,  467.41
 359.93,  719.72,  592.35
 354.10,  847.21,  343.68
 357.71,  845.96,  468.62
 361.31,  844.71,  593.57
 101.30,  600.21,  475.56
  97.68,  597.24,  600.48
  94.07,  594.26,  725.39
 102.39,  725.17,  478.57
  98.77,  722.20,  603.48
  95.16,  719.22,  728.40
 103.48,  850.13,  481.58
  99.87,  847.15,  606.49
  96.25,  844.18,  731.40
 226.24,  599.03,  479.15
 222.63,  596.06,  604.06
 219.01,  593.08,  728.98
 227.33,  723.99,  482.16
 223.72,  721.02,  607.07
 220.10,  718.04,  731.98
 228.42,  848.95,  485.17
 224.81,  845.98,  610.08
 221.19,  843.00,  734.99
 351.18,  597.86,  482.74
 347.57,  594.88,  607.65
 343.95,  591.90,  732.56
 352.28,  722.81,  485.75
 348.66,  719.84,  610.66
 345.05,  716.86,  735.57
 353.37,  847.77,  488.76
 349.75,  844.80,  613.67
 346.14,  841.82,  738.58
 100.67,  599.27,  600.88
 104.24,  600.65,  725.82
 107.81,  602.04,  850.76
 100.21,  724.26,  599.50
 103.78,  725.64,  724.44
 107.35,  727.03,  849.39
  99.75,  849.25,  598.13
 103.32,  850.64,  723.07
 106.89,  852.02,  848.01
 225.61,  599.69,  597.30
 229.19,  601.07,  722.24
 232.76,  602.46,  847.18
 225.15,  724.68,  595.93
 228.73,  726.06,  720.87
 232.30,  727.45,  845.81
 224.70,  849.67,  594.55
 228.27,  851.06,  719.49
 231.84,  852.44,  844.44
 350.56,  600.11,  593.72
 354.13,  601.49,  718.66
 357.71,  602.88,  843.60
 350.10,  725.10,  592.35
 353.67,  726.48,  717.29
 357.25,  727.87,  842.23
 349.64,  850.09,  590.98
 353.21,  851.48,  715.92
 356.79,  852.86,  840.86
 223.49,  101.61,  100.24
 224.14,  105.18,  225.19
 224.80,  108.75,  350.13
 224.21,  226.56,   96.66
 224.86,  230.13,  221.61
 225.51,  233.70,  346.56
 224.92,  351.50,   93.09
 225.57,  355.08,  218.04
 226.22,  358.65,  342.98
 348.49,  100.88,   99.61
 349.14,  104.45,  224.56
 349.79,  108.02,  349.50
 349.20,  225.83,   96.03
 349.85,  229.40,  220.98
 350.50,  232.97,  345.93
 349.92,  350.77,   92.46
 350.57,  354.34,  217.41
 351.22,  357.92,  342.35
 473.49,  100.15,   98.98
 474.14,  103.72,  223.93
 474.79,  107.29,  348.87
 474.20,  225.09,   95.40
 474.85,  228.67,  220.35
 475.50,  232.24,  345.30
 474.91,  350.04,   91.83
 475.56,  353.61,  216.78
 476.21,  357.18,  341.72
 226.31,   99.56,  223.90
 225.08,  101.19,  348.88
 223.85,  102.82,  473.87
 226.84,  224.55,  222.28
 225.60,  226.18,  347.26
 224.37,  227.80,  472.25
 227.36,  349.54,  220.66
 226.13,  351.17,  345.64
 224.89,  352.79,  470.62
 351.31,   99.06,  225.14
 350.08,  100.68,  350.12
 348.84,  102.31,  475.11
 351.83,  224.05,  223.52
 350.60,  225.67,  348.50
 349.37,  227.30,  473.48
 352.35,  349.03,  221.90
 351.12,  350.66,  346.88
 349.89,  352.29,  471.86
 476.30,   98.55,  226.38
 475.07,  100.18,  351.36
 473.84,  101.81,  476.34
 476.82,  223.54,  224.76
 475.59,  225.17,  349.74
 474.36,  226.79,  474.72
 477.34,  348.53,  223.13
 476.11,  350.15,  348.12
 474.88,  351.78,  473.10
 225.79,   99.28,  350.07
 226.39,  100.05,  475.07
 227.00,  100.83,  600.06
 228.20,  224.25,  349.29
 228.81,  225.03,  474.28
 229.42,  225.80,  599.28
 230.62,  349.23,  348.50
 231.23,  350.00,  473.50
 231.84,  350.77,  598.49
 350.76,   96.86,  349.48
 351.37,   97.63,  474.48
 351.98,   98.40,  599.47
 353.18,  221.83,  348.69
 353.79,  222.60,  473.69
 354.39,  223.38,  598.69
 355.60,  346.80,  347.91
 356.20,  347.58,  472.90
 356.81,  348.35,  597.90
 475.74,   94.43,  348.89
 476.34,   95.21,  473.88
 476.95,   95.98,  598.88
 478.15,  219.41,  348.10
 478.76,  220.18,  473.10
 479.37,  220.96,  598.09
 480.57,  344.38,  347.32
 481.18,  345.16,  472.31
 481.79,  345.93,  597.31
 224.70,   98.07,  476.60
 226.33,   96.90,  601.59
 227.96,   95.73,  726.57
 221.79,  223.03,  477.81
 223.42,  221.86,  602.79
 225.05,  220.69,  727.78
 218.88,  347.99,  479.02
 220.51,  346.82,  604.00
 222.14,  345.65,  728.99
 349.66,  101.00,  475.00
 351.29,   99.83,  599.98
 352.92,   98.66,  724.97
 346.74,  225.96,  476.21
 348.37,  224.79,  601.19
 350.00,  223.62,  726.18
 343.83,  350.92,  477.41
 345.46,  349.75,  602.40
 347.09,  348.58,  727.38
 474.61,  103.92,  473.40
 476.24,  102.75,  598.38
 477.87,  101.58,  723.36
 471.70,  228.88,  474.60
 473.33,  227.71,  599.59
 474.96,  226.55,  724.57
 468.79,  353.85,  475.81
 470.42,  352.68,  600.80
 472.05,  351.51,  725.78
 226.46,  101.02,  598.19
 228.57,   97.90,  723.13
 230.68,   94.77,  848.08
 230.05,  225.93,  601.25
 232.16,  222.81,  726.20
 234.27,  219.68,  851.14
 233.65,  350.84,  604.32
 235.76,  347.72,  729.26
 237.87,  344.59,  854.20
 351.39,   97.48,  595.99
 353.50,   94.36,  720.94
 355.61,   91.23,  845.88
 354.98,  222.39,  599.06
 357.09,  219.27,  724.00
 359.21,  216.14,  848.94
 358.58,  347.31,  602.12
 360.69,  344.18,  727.06
 362.80,  341.06,  852.01
 476.32,   93.95,  593.79
 478.43,   90.82,  718.74
 480.54,   87.70,  843.68
 479.92,  218.86,  596.86
 482.03,  215.73,  721.80
 484.14,  212.61,  846.74
 483.51,  343.77,  599.92
 485.62,  340.64,  724.86
 487.73,  337.52,  849.81
 224.85,  223.63,  101.53
 225.00,  226.94,  226.49
 225.14,  230.24,  351.44
 226.92,  348.57,   98.23
 227.06,  351.88,  223.18
 227.21,  355.18,  348.14
 228.99,  473.51,   94.92
 229.13,  476.81,  219.88
 229.28,  480.12,  344.84
 349.83,  221.56,  101.44
 349.98,  224.86,  226.40
 350.12,  228.17,  351.35
 351.90,  346.50,   98.14
 352.05,  349.80,  223.09
 352.19,  353.11,  348.05
 353.97,  471.44,   94.83
 354.11,  474.74,  219.79
 354.26,  478.05,  344.74
 474.81,  219.49,  101.35
 474.96,  222.79,  226.31
 475.11,  226.10,  351.26
 476.88,  344.43,   98.04
 477.03,  347.73,  223.00
 477.18,  351.03,  347.96
 478.95,  469.37,   94.74
 479.10,  472.67,  219.70
 479.24,  475.97,  344.65
 226.11,  225.28,  226.12
 224.62,  227.84,  351.09
 223.12,  230.41,  476.05
 224.18,  350.24,  223.53
 222.69,  352.80,  348.50
 221.19,  355.37,  473.46
 222.25,  475.20,  220.95
 220.75,  477.76,  345.91
 219.26,  480.32,  470.88
 351.09,  227.24,  227.58
 349.59,  229.80,  352.54
 348.09,  232.37,  477.51
 349.16,  352.20,  224.99
 347.66,  354.76,  349.96
 346.16,  357.33,  474.92
 347.23,  477.16,  222.40
 345.73,  479.72,  347.37
 344.23,  482.28,  472.33
 476.06,  229.20,  229.04
 474.57,  231.76,  354.00
 473.07,  234.33,  478.96
 474.13,  354.16,  226.45
 472.64,  356.72,  351.41
 471.14,  359.29,  476.38
 472.20,  479.12,  223.86
 470.71,  481.68,  348.83
 469.21,  484.25,  473.79
 223.92,  223.44,  351.53
 223.44,  225.07,  476.52
 222.97,  226.70,  601.50
 220.21,  348.38,  349.89
 219.73,  350.00,  474.87
 219.26,  351.63,  599.86
 216.50,  473.31,  348.25
 216.03,  474.94,  473.23
 215.55,  476.57,  598.22
 348.87,  227.16,  351.96
 348.39,  228.78,  476.95
 347.91,  230.41,  601.93
 345.16,  352.09,  350.32
 344.68,  353.72,  475.30
 344.20,  355.35,  600.29
 341.45,  477.03,  348.68
 340.97,  478.65,  473.66
 340.49,  480.28,  598.65
 473.81,  230.87,  352.39
 473.33,  232.50,  477.37
 472.85,  234.13,  602.36
 470.10,  355.81,  350.75
 469.62,  357.43,  475.73
 469.14,  359.06,  600.72
 466.39,  480.74,  349.10
 465.91,  482.37,  474.09
 465.44,  483.99,  599.08
 225.17,  225.62,  473.58
 221.99,  225.46,  598.54
 218.81,  225.30,  723.50
 223.42,  350.61,  473.70
 220.25,  350.45,  598.66
 217.07,  350.29,  723.62
 221.68,  475.59,  473.81
 218.50,  475.43,  598.77
 215.33,  475.28,  723.73
 350.11,  227.36,  476.76
 346.94,  227.20,  601.72
 343.76,  227.04,  726.68
 348.37,  352.35,  476.87
 345.19,  352.19,  601.83
 342.02,  352.03,  726.79
 346.63,  477.33,  476.99
 343.45,  477.17,  601.95
 340.27,  477.02,  726.91
 475.06,  229.10,  479.94
 471.88,  228.94,  604.90
 468.71,  228.78,  729.86
 473.32,  354.09,  480.05
 470.14,  353.93,  605.01
 466.96,  353.77,  729.97
 471.57,  479.07,  480.17
 468.40,  478.91,  605.13
 465.22,  478.76,  730.09
 223.73,  226.98,  600.47
 221.29,  228.72,  725.43
 218.84,  230.46,  850.40
 222.38,  351.96,  598.70
 219.94,  353.70,  723.67
 217.49,  355.44,  848.63
 221.03,  476.94,  596.93
 218.59,  478.68,  721.90
 216.14,  480.42,  846.86
 348.70,  228.37,  602.90
 346.26,  230.11,  727.86
 343.81,  231.85,  852.83
 347.35,  353.35,  601.13
 344.91,  355.09,  726.09
 342.46,  356.83,  851.06
 346.00,  478.33,  599.36
 343.56,  480.07,  724.33
 341.11,  481.81,  849.29
 473.67,  229.75,  605.32
 471.23,  231.49,  730.29
 468.78,  233.23,  855.25
 472.32,  354.73,  603.56
 469.88,  356.47,  728.52
 467.43,  358.21,  853.48
 470.97,  479.71,  601.79
 468.53,  481.45,  726.75
 466.08,  483.19,  851.72
 224.80,  351.31,   99.86
 223.72,  351.06,  224.85
 222.64,  350.82,  349.85
 224.56,  476.31,  100.10
 223.48,  476.06,  225.10
 222.39,  475.82,  350.09
 224.32,  601.31,  100.34
 223.23,  601.06,  225.34
 222.15,  600.82,  350.33
 349.80,  351.55,  100.94
 348.71,  351.30,  225.94
 347.63,  351.06,  350.93
 349.56,  476.55,  101.18
 348.47,  476.30,  226.18
 347.39,  476.06,  351.17
 349.31,  601.55,  101.43
 348.23,  601.30,  226.42
 347.15,  601.06,  351.42
 474.79,  351.79,  102.03
 473.71,  351.54,  227.02
 472.63,  351.30,  352.02
 474.55,  476.79,  102.27
 473.47,  476.54,  227.26
 472.38,  476.30,  352.26
 474.31,  601.79,  102.51
 473.22,  601.54,  227.50
 472.14,  601.30,  352.50
 226.16,  350.25,  225.53
 229.52,  349.87,  350.48
 232.88,  349.49,  475.44
 224.89,  475.24,  225.94
 228.25,  474.86,  350.90
 231.60,  474.49,  475.85
 223.62,  600.24,  226.36
 226.97,  599.86,  351.31
 230.33,  599.48,  476.26
 351.11,  351.53,  222.18
 354.47,  351.15,  347.13
 357.83,  350.78,  472.09
 349.84,  476.53,  222.59
 353.20,  476.15,  347.54
 356.55,  475.77,  472.50
 348.56,  601.52,  223.00
 351.92,  601.14,  347.96
 355.28,  600.76,  472.91
 476.06,  352.82,  218.82
 479.42,  352.44,  343.78
 482.77,  352.06,  468.73
 474.79,  477.81,  219.24
 478.14,  477.43,  344.19
 481.50,  477.05,  469.14
 473.51,  602.80,  219.65
 476.87,  602.42,  344.60
 480.23,  602.04,  469.56
 225.57,  351.22,  348.82
 223.54,  349.02,  473.78
 221.50,  346.81,  598.75
 222.80,  476.17,  350.98
 220.76,  473.97,  475.95
 218.72,  471.76,  600.91
 220.02,  601.12,  353.14
 217.99,  598.92,  478.11
 215.95,  596.71,  603.07
 350.53,  353.96,  350.91
 348.49,  351.75,  475.87
 346.45,  349.55,  600.83
 347.75,  478.91,  353.07
 345.71,  476.70,  478.03
 343.67,  474.50,  603.00
 344.98,  603.86,  355.23
 342.94,  601.66,  480.20
 340.90,  599.45,  605.16
 475.48,  356.70,  352.99
 473.44,  354.49,  477.96
 471.40,  352.29,  602.92
 472.70,  481.65,  355.16
 470.67,  479.44,  480.12
 468.63,  477.24,  605.08
 469.93,  606.60,  357.32
 467.89,  604.39,  482.28
 465.85,  602.19,  607.25
 225.52,  350.18,  474.55
 228.71,  347.31,  599.48
 231.90,  344.43,  724.41
 227.49,  475.14,  477.38
 230.68,  472.26,  602.31
 233.87,  469.38,  727.23
 229.47,  600.09,  480.21
 232.66,  597.21,  605.14
 235.85,  594.33,  730.06
 350.46,  348.28,  471.32
 353.65,  345.41,  596.25
 356.84,  342.53,  721.17
 352.44,  473.24,  474.15
 355.63,  470.36,  599.07
 358.82,  467.48,  724.00
 354.41,  598.19,  476.98
 357.60,  595.31,  601.90
 360.79,  592.43,  726.83
 475.41,  346.38,  468.09
 478.60,  343.50,  593.01
 481.78,  340.63,  717.94
 477.38,  471.33,  470.92
 480.57,  468.46,  595.84
 483.76,  465.58,  720.77
 479.36,  596.29,  473.74
 482.54,  593.41,  598.67
 485.73,  590.53,  723.60
 225.79,  349.60,  601.55
 223.95,  348.72,  726.54
 222.10,  347.85,  851.52
 227.53,  474.59,  602.46
 225.69,  473.71,  727.44
 223.85,  472.83,  852.43
 229.27,  599.57,  603.36
 227.43,  598.69,  728.35
 225.59,  597.81,  853.33
 350.76,  347.85,  603.38
 348.92,  346.97,  728.37
 347.08,  346.09,  853.35
 352.51,  472.83,  604.29
 350.66,  471.95,  729.27
 348.82,  471.07,  854.25
 354.25,  597.81,  605.19
 352.41,  596.94,  730.17
 350.56,  596.06,  855.16
 475.74,  346.09,  605.21
 473.89,  345.21,  730.20
 472.05,  344.33,  855.18
 477.48,  471.07,  606.12
 475.64,  470.20,  731.10
 473.80,  469.32,  856.08
 479.22,  596.06,  607.02
 477.38,  595.18,  732.00
 475.54,  594.30,  856.99
 226.33,  476.58,   98.64
 227.20,  480.19,  223.59
 228.08,  483.81,  348.53
 229.29,  601.49,   95.01
 230.16,  605.11,  219.95
 231.04,  608.72,  344.90
 232.25,  726.40,   91.37
 233.13,  730.02,  216.32
 234.00,  733.63,  341.26
 351.29,  473.59,   97.86
 352.17,  477.21,  222.80
 353.04,  480.82,  347.75
 354.25,  598.50,   94.22
 355.13,  602.12,  219.17
 356.00,  605.74,  344.11
 357.22,  723.42,   90.59
 358.09,  727.03,  215.53
 358.96,  730.65,  340.48
 476.26,  470.61,   97.07
 477.13,  474.22,  222.02
 478.00,  477.84,  346.96
 479.22,  595.52,   93.44
 480.09,  599.14,  218.38
 480.96,  602.75,  343.32
 482.18,  720.43,   89.80
 483.05,  724.05,  214.74
 483.92,  727.66,  339.69
 223.69,  475.37,  226.22
 226.83,  473.54,  351.17
 229.98,  471.71,  476.11
 225.14,  600.35,  228.01
 228.28,  598.52,  352.96
 231.42,  596.69,  477.91
 226.58,  725.33,  229.80
 229.72,  723.50,  354.75
 232.87,  721.67,  479.70
 348.64,  473.97,  223.06
 351.79,  472.14,  348.00
 354.93,  470.31,  472.95
 350.09,  598.95,  224.85
 353.23,  597.12,  349.79
 356.37,  595.29,  474.74
 351.53,  723.93,  226.64
 354.68,  722.10,  351.59
 357.82,  720.27,  476.53
 473.60,  472.57,  219.89
 476.74,  470.74,  344.84
 479.88,  468.91,  469.79
 475.04,  597.55,  221.68
 478.18,  595.72,  346.63
 481.33,  593.89,  471.58
 476.48,  722.53,  223.48
 479.63,  720.70,  348.42
 482.77,  718.87,  473.37
 226.49,  474.56,  349.42
 230.19,  475.90,  474.36
 233.89,  477.24,  599.30
 224.13,  599.53,  348.15
 227.83,  600.87,  473.09
 231.53,  602.22,  598.03
 221.77,  724.50,  346.88
 225.47,  725.85,  471.82
 229.17,  727.19,  596.76
 351.41,  476.88,  345.70
 355.11,  478.22,  470.64
 358.81,  479.57,  595.58
 349.05,  601.85,  344.43
 352.75,  603.20,  469.37
 356.45,  604.54,  594.31
 346.69,  726.83,  343.16
 350.39,  728.17,  468.10
 354.09,  729.51,  593.03
 476.34,  479.21,  341.98
 480.04,  480.55,  466.92
 483.73,  481.89,  591.85
 473.98,  604.18,  340.71
 477.67,  605.52,  465.64
 481.37,  606.86,  590.58
 471.62,  729.15,  339.43
 475.31,  730.49,  464.37
 479.01,  731.83,  589.31
 225.39,  476.75,  475.37
 225.26,  478.82,  600.35
 225.13,  480.89,  725.33
 228.40,  601.70,  473.30
 228.27,  603.77,  598.29
 228.14,  605.83,  723.27
 231.42,  726.65,  471.24
 231.29,  728.71,  596.22
 231.16,  730.78,  721.21
 350.35,  473.74,  475.55
 350.22,  475.81,  600.53
 350.09,  477.87,  725.51
 353.36,  598.69,  473.48
 353.24,  600.75,  598.47
 353.11,  602.82,  723.45
 356.38,  723.63,  471.42
 356.25,  725.70,  596.40
 356.12,  727.77,  721.39
 475.31,  470.73,  475.72
 475.18,  472.79,  600.71
 475.05,  474.86,  725.69
 478.33,  595.67,  473.66
 478.20,  597.74,  598.64
 478.07,  599.81,  723.63
 481.34,  720.62,  471.60
 481.22,  722.69,  596.58
 481.09,  724.75,  721.57
 226.19,  474.34,  598.08
 226.72,  477.93,  723.03
 227.25,  481.53,  847.98
 229.61,  599.24,  594.48
 230.14,  602.83,  719.42
 230.67,  606.43,  844.37
 233.03,  724.14,  590.87
 233.56,  727.74,  715.82
 234.09,  731.33,  840.77
 351.14,  470.91,  597.65
 351.67,  474.50,  722.60
 352.20,  478.09,  847.55
 354.56,  595.81,  594.05
 355.09,  599.40,  718.99
 355.62,  602.99,  843.94
 357.98,  720.71,  590.44
 358.51,  724.30,  715.39
 359.04,  727.89,  840.34
 476.09,  467.47,  597.22
 476.62,  471.06,  722.17
 477.15,  474.66,  847.12
 479.51,  592.37,  593.62
 480.04,  595.97,  718.56
 480.57,  599.56,  843.51
 482.94,  717.27,  590.01
 483.46,  720.87,  714.96
 483.99,  724.46,  839.91
 224.46,  599.81,   98.66
 225.18,  602.03,  223.64
 225.90,  604.24,  348.61
 225.21,  724.79,   96.44
 225.93,  727.01,  221.42
 226.65,  729.22,  346.39
 225.96,  849.77,   94.22
 226.68,  851.98,  219.20
 227.41,  854.20,  344.17
 349.46,  599.05,   97.95
 350.18,  601.26,  222.93
 350.90,  603.48,  347.91
 350.21,  724.03,   95.73
 350.93,  726.24,  220.71
 351.65,  728.46,  345.69
 350.96,  849.00,   93.51
 351.68,  851.22,  218.49
 352.40,  853.44,  343.47
 474.45,  598.29,   97.24
 475.18,  600.50,  222.22
 475.90,  602.72,  347.20
 475.20,  723.26,   95.02
 475.93,  725.48,  220.00
 476.65,  727.70,  344.98
 475.96,  848.24,   92.80
 476.68,  850.46,  217.78
 477.40,  852.67,  342.76
 226.67,  599.76,  226.63
 228.04,  602.83,  351.59
 229.41,  605.91,  476.54
 224.68,  724.70,  223.58
 226.05,  727.78,  348.54
 227.42,  730.85,  473.49
 222.69,  849.65,  220.53
 224.06,  852.72,  345.48
 225.42,  855.80,  470.44
 351.65,  601.72,  225.22
 353.02,  604.79,  350.17
 354.39,  607.86,  475.13
 349.66,  726.66,  222.16
 351.03,  729.74,  347.12
 352.39,  732.81,  472.07
 347.66,  851.61,  219.11
 349.03,  854.68,  344.07
 350.40,  857.76,  469.02
 476.63,  603.67,  223.80
 478.00,  606.75,  348.75
 479.37,  609.82,  473.71
 474.63,  728.62,  220.75
 476.00,  731.70,  345.70
 477.37,  734.77,  470.66
 472.64,  853.57,  217.69
 474.01,  856.64,  342.65
 475.38,  859.72,  467.60
 224.71,  600.03,  349.80
 225.72,  602.71,  474.77
 226.72,  605.38,  599.74
 225.84,  725.00,  347.12
 226.85,  727.67,  472.09
 227.85,  730.35,  597.06
 226.97,  849.97,  344.44
 227.97,  852.64,  469.41
 228.98,  855.31,  594.37
 349.71,  598.88,  348.82
 350.71,  601.56,  473.79
 351.72,  604.23,  598.76
 350.83,  723.85,  346.14
 351.84,  726.52,  471.11
 352.84,  729.20,  596.08
 351.96,  848.82,  343.46
 352.97,  851.49,  468.43
 353.97,  854.16,  593.39
 474.70,  597.74,  347.84
 475.70,  600.41,  472.81
 476.71,  603.08,  597.78
 475.82,  722.70,  345.16
 476.83,  725.38,  470.13
 477.83,  728.05,  595.10
 476.95,  847.67,  342.48
 477.96,  850.34,  467.45
 478.96,  853.01,  592.41
 223.72,  600.34,  473.17
 223.26,  599.80,  598.17
 222.80,  599.26,  723.17
 220.47,  725.30,  473.70
 220.01,  724.76,  598.70
 219.55,  724.22,  723.69
 217.22,  850.25,  474.23
 216.76,  849.71,  599.22
 216.30,  849.17,  724.22
 348.67,  603.59,  473.64
 348.21,  603.05,  598.64
 347.75,  602.51,  723.64
 345.43,  728.54,  474.17
 344.97,  728.00,  599.17
 344.50,  727.46,  724.17
 342.18,  853.50,  474.70
 341.72,  852.96,  599.70
 341.26,  852.42,  724.70
 473.63,  606.84,  474.12
 473.17,  606.30,  599.12
 472.71,  605.76,  724.11
 470.38,  731.79,  474.65
 469.92,  731.25,  599.64
 469.46,  730.71,  724.64
 467.13,  856.75,  475.18
 466.67,  856.21,  600.17
 466.21,  855.67,  725.17
 226.91,  600.55,  599.88
 230.34,  603.89,  724.79
 233.77,  607.23,  849.70
 224.52,  725.49,  596.61
 227.95,  728.83,  721.52
 231.38,  732.17,  846.42
 222.12,  850.42,  593.33
 225.55,  853.76,  718.24
 228.98,  857.10,  843.15
 351.84,  602.85,  596.39
 355.27,  606.20,  721.30
 358.70,  609.54,  846.21
 349.45,  727.79,  593.11
 352.88,  731.13,  718.02
 356.31,  734.47,  842.93
 347.05,  852.72,  589.84
 350.48,  856.06,  714.75
 353.91,  859.40,  839.66
 476.77,  605.16,  592.90
 480.20,  608.50,  717.81
 483.63,  611.84,  842.71
 474.38,  730.09,  589.62
 477.81,  733.43,  714.53
 481.24,  736.77,  839.44
 471.98,  855.02,  586.35
 475.41,  858.37,  711.25
 478.84,  861.71,  836.16
 348.72,   99.97,   98.77
 346.47,  103.19,  223.71
 344.22,  106.40,  348.65
 348.07,  224.93,   95.54
 345.82,  228.14,  220.48
 343.57,  231.36,  345.42
 347.42,  349.88,   92.32
 345.17,  353.10,  217.26
 342.92,  356.31,  342.19
 473.70,  100.68,  101.00
 471.45,  103.89,  225.94
 469.20,  107.11,  350.88
 473.05,  225.63,   97.78
 470.80,  228.85,  222.72
 468.55,  232.06,  347.65
 472.40,  350.59,   94.55
 470.15,  353.81,  219.49
 467.90,  357.02,  344.43
 598.68,  101.38,  103.24
 596.43,  104.60,  228.18
 594.18,  107.81,  353.11
 598.03,  226.34,  100.01
 595.78,  229.55,  224.95
 593.53,  232.77,  349.89
 597.38,  351.30,   96.78
 595.13,  354.51,  221.72
 592.88,  357.73,  346.66
 350.45,  101.99,  224.70
 348.59,  103.37,  349.68
 346.73,  104.74,  474.65
 351.56,  226.98,  223.34
 349.70,  228.35,  348.32
 347.84,  229.73,  473.30
 352.68,  351.97,  221.98
 350.82,  353.34,  346.96
 348.96,  354.72,  471.94
 475.43,  100.90,  226.57
 473.57,  102.27,  351.55
 471.71,  103.65,  476.53
 476.54,  225.88,  225.21
 474.68,  227.26,  350.19
 472.82,  228.63,  475.17
 477.66,  350.87,  223.85
 475.80,  352.25,  348.83
 473.94,  353.62,  473.81
 600.41,   99.80,  228.44
 598.55,  101.18,  353.42
 596.69,  102.55,  478.40
 601.53,  224.79,  227.08
 599.67,  226.17,  352.06
 597.81,  227.54,  477.04
 602.64,  349.78,  225.72
 600.78,  351.15,  350.70
 598.92,  352.53,  475.68
 351.46,  101.57,  350.67
 352.69,  101.20,  475.67
 353.93,  100.83,  600.66
 352.50,  226.56,  351.03
 353.74,  226.20,  476.02
 354.97,  225.83,  601.02
 353.54,  351.56,  351.39
 354.78,  351.19,  476.38
 356.01,  350.82,  601.37
 476.45,  100.53,  349.44
 477.68,  100.16,  474.43
 478.92,   99.79,  599.42
 477.49,  225.52,  349.79
 478.73,  225.16,  474.79
 479.96,  224.79,  599.78
 478.53,  350.52,  350.15
 479.77,  350.15,  475.14
 481.00,  349.79,  600.14
 601.44,   99.49,  348.20
 602.67,   99.12,  473.19
 603.91,   98.76,  598.19
 602.48,  224.48,  348.55
 603.72,  224.12,  473.55
 604.95,  223.75,  598.54
 603.52,  349.48,  348.91
 604.76,  349.11,  473.90
 605.99,  348.75,  598.90
 349.62,  100.47,  473.06
 346.97,  101.61,  598.03
 344.31,  102.76,  722.99
 353.29,  225.41,  471.99
 350.64,  226.56,  596.96
 347.98,  227.70,  721.93
 356.96,  350.36,  470.93
 354.31,  351.50,  595.90
 351.65,  352.64,  720.86
 474.54,   96.83,  475.75
 471.88,   97.97,  600.71
 469.23,   99.11,  725.68
 478.21,  221.77,  474.68
 475.55,  222.91,  599.65
 472.90,  224.05,  724.61
 481.88,  346.71,  473.62
 479.23,  347.85,  598.58
 476.57,  348.99,  723.55
 599.46,   93.18,  478.43
 596.80,   94.32,  603.40
 594.15,   95.46,  728.37
 603.13,  218.12,  477.37
 600.47,  219.26,  602.34
 597.82,  220.40,  727.30
 606.80,  343.06,  476.30
 604.14,  344.20,  601.27
 601.49,  345.35,  726.24
 350.18,   99.27,  601.63
 353.72,  101.81,  726.55
 357.26,  104.36,  851.47
 350.85,  224.24,  599.06
 354.39,  226.79,  723.99
 357.92,  229.33,  848.91
 351.52,  349.22,  596.50
 355.06,  351.76,  721.42
 358.59,  354.30,  846.35
 475.13,   98.53,  598.10
 478.67,  101.07,  723.03
 482.21,  103.62,  847.95
 475.80,  223.50,  595.54
 479.34,  226.05,  720.47
 482.87,  228.59,  845.39
 476.47,  348.48,  592.98
 480.00,  351.02,  717.90
 483.54,  353.56,  842.83
 600.08,   97.79,  594.58
 603.62,  100.33,  719.51
 607.15,  102.88,  844.43
 600.75,  222.76,  592.02
 604.28,  225.31,  716.94
 607.82,  227.85,  841.87
 601.42,  347.74,  589.46
 604.95,  350.28,  714.38
 608.49,  352.82,  839.30
 350.46,  224.50,   98.98
 352.17,  226.50,  223.95
 353.88,  228.50,  348.92
 347.04,  349.44,   97.02
 348.75,  351.44,  222.00
 350.47,  353.44,  346.97
 343.62,  474.38,   95.07
 345.34,  476.38,  220.04
 347.05,  478.38,  345.02
 475.40,  227.89,   97.21
 477.11,  229.89,  222.18
 478.83,  231.89,  347.15
 471.98,  352.83,   95.26
 473.69,  354.83,  220.23
 475.41,  356.83,  345.20
 468.56,  477.77,   93.31
 470.28,  479.77,  218.28
 471.99,  481.77,  343.25
 600.34,  231.28,   95.44
 602.05,  233.28,  220.42
 603.77,  235.28,  345.39
 596.92,  356.22,   93.49
 598.64,  358.22,  218.46
 600.35,  360.22,  343.43
 593.51,  481.16,   91.54
 595.22,  483.16,  216.51
 596.93,  485.16,  341.48
 348.80,  223.70,  226.76
 349.67,  222.05,  351.75
 350.53,  220.39,  476.74
 346.52,  348.67,  228.44
 347.38,  347.02,  353.42
 348.25,  345.36,  478.41
 344.24,  473.64,  230.11
 345.10,  471.98,  355.09
 345.96,  470.33,  480.08
 473.78,  226.00,  225.93
 474.64,  224.34,  350.92
 475.50,  222.69,  475.91
 471.50,  350.96,  227.60
 472.36,  349.31,  352.59
 473.22,  347.65,  477.58
 469.22,  475.93,  229.28
 470.08,  474.28,  354.26
 470.94,  472.62,  479.25
 598.76,  228.29,  225.10
 599.62,  226.63,  350.09
 600.48,  224.98,  475.07
 596.48,  353.26,  226.77
 597.34,  351.60,  351.76
 598.20,  349.95,  476.75
 594.19,  478.23,  228.44
 595.05,  476.57,  353.43
 595.92,  474.92,  478.42
 349.59,  224.38,  349.65
 351.08,  225.05,  474.64
 352.58,  225.73,  599.63
 346.82,  349.34,  349.01
 348.32,  350.02,  473.99
 349.82,  350.70,  598.98
 344.06,  474.31,  348.36
 345.56,  474.99,  473.35
 347.05,  475.66,  598.34
 474.55,  227.13,  348.14
 476.04,  227.81,  473.13
 477.54,  228.48,  598.12
 471.78,  352.10,  347.49
 473.28,  352.78,  472.48
 474.78,  353.45,  597.47
 469.02,  477.07,  346.85
 470.52,  477.74,  471.84
 472.01,  478.42,  596.83
 599.51,  229.89,  346.63
 601.00,  230.56,  471.62
 602.50,  231.24,  596.61
 596.74,  354.86,  345.98
 598.24,  355.53,  470.97
 599.74,  356.21,  595.96
 593.98,  479.82,  345.34
 595.48,  480.50,  470.33
 596.97,  481.18,  595.32
 349.31,  224.59,  474.54
 346.39,  223.36,  599.50
 343.46,  222.13,  724.46
 353.04,  349.53,  475.86
 350.11,  348.30,  600.82
 347.19,  347.06,  725.78
 356.76,  474.47,  477.18
 353.84,  473.23,  602.14
 350.92,  472.00,  727.10
 474.22,  220.83,  477.43
 471.30,  219.60,  602.39
 468.37,  218.37,  727.35
 477.95,  345.77,  478.75
 475.02,  344.54,  603.71
 472.10,  343.31,  728.67
 481.67,  470.71,  480.07
 478.75,  469.48,  605.03
 475.83,  468.24,  729.99
 599.13,  217.08,  480.31
 596.21,  215.84,  605.27
 593.28,  214.61,  730.23
 602.86,  342.01,  481.63
 599.93,  340.78,  606.59
 597.01,  339.55,  731.55
 606.59,  466.95,  482.95
 603.66,  465.72,  607.91
 600.74,  464.48,  732.87
 351.41,  225.24,  599.59
 353.08,  226.91,  724.57
 354.74,  228.58,  849.55
 348.63,  350.20,  597.96
 350.29,  351.87,  722.94
 351.96,  353.54,  847.91
 345.85,  475.16,  596.32
 347.51,  476.83,  721.30
 349.17,  478.50,  846.28
 476.37,  228.00,  597.89
 478.04,  229.67,  722.87
 479.70,  231.34,  847.85
 473.59,  352.96,  596.26
 475.25,  354.63,  721.24
 476.91,  356.30,  846.21
 470.80,  477.92,  594.62
 472.47,  479.59,  719.60
 474.13,  481.26,  844.58
 601.33,  230.76,  596.19
 602.99,  232.43,  721.17
 604.66,  234.10,  846.15
 598.55,  355.72,  594.56
 600.21,  357.39,  719.54
 601.87,  359.06,  844.51
 595.76,  480.68,  592.93
 597.43,  482.35,  717.90
 599.09,  484.02,  842.88
 348.16,  351.43,   99.75
 346.70,  355.13,  224.69
 345.25,  358.83,  349.62
 346.54,  476.37,   96.03
 345.09,  480.06,  220.97
 343.63,  483.76,  345.91
 344.93,  601.30,   92.32
 343.47,  605.00,  217.25
 342.02,  608.70,  342.19
 473.14,  353.09,  101.16
 471.68,  356.79,  226.09
 470.23,  360.49,  351.03
 471.52,  478.02,   97.44
 470.07,  481.72,  222.38
 468.61,  485.42,  347.31
 469.91,  602.96,   93.72
 468.45,  606.66,  218.66
 467.00,  610.36,  343.60
 598.12,  354.75,  102.56
 596.66,  358.45,  227.50
 595.21,  362.14,  352.44
 596.50,  479.68,   98.85
 595.05,  483.38,  223.78
 593.59,  487.08,  348.72
 594.89,  604.62,   95.13
 593.43,  608.31,  220.07
 591.98,  612.01,  345.00
 351.13,  351.52,  226.49
 351.31,  353.00,  351.48
 351.48,  354.48,  476.47
 350.03,  476.50,  225.01
 350.21,  477.99,  350.00
 350.38,  479.47,  474.99
 348.93,  601.49,  223.52
 349.11,  602.97,  348.51
 349.28,  604.46,  473.51
 476.13,  352.61,  226.30
 476.30,  354.10,  351.29
 476.48,  355.58,  476.28
 475.03,  477.60,  224.82
 475.20,  479.08,  349.81
 475.38,  480.57,  474.80
 473.93,  602.59,  223.34
 474.10,  604.07,  348.33
 474.28,  605.55,  473.32
 601.12,  353.71,  226.11
 601.30,  355.19,  351.11
 601.47,  356.68,  476.10
 600.02,  478.70,  224.63
 600.20,  480.18,  349.62
 600.37,  481.66,  474.61
 598.92,  603.68,  223.15
 599.10,  605.17,  348.14
 599.27,  606.65,  473.13
 349.40,  348.39,  348.88
 351.77,  348.72,  473.85
 354.14,  349.04,  598.83
 352.41,  473.35,  348.49
 354.78,  473.68,  473.47
 357.15,  474.00,  598.45
 355.42,  598.32,  348.11
 357.79,  598.64,  473.09
 360.16,  598.97,  598.07
 474.34,  345.37,  346.52
 476.71,  345.70,  471.49
 479.08,  346.03,  596.47
 477.35,  470.34,  346.13
 479.72,  470.66,  471.11
 482.09,  470.99,  596.09
 480.36,  595.30,  345.75
 482.73,  595.63,  470.73
 485.10,  595.95,  595.70
 599.29,  342.36,  344.16
 601.66,  342.69,  469.13
 604.03,  343.01,  594.11
 602.29,  467.32,  343.77
 604.66,  467.65,  468.75
 607.03,  467.98,  593.73
 605.30,  592.29,  343.39
 607.67,  592.61,  468.37
 610.04,  592.94,  593.34
 350.65,  351.17,  475.74
 349.50,  351.99,  600.74
 348.36,  352.82,  725.73
 354.33,  476.11,  474.95
 353.19,  476.94,  599.95
 352.04,  477.76,  724.94
 358.01,  601.05,  474.16
 356.87,  601.88,  599.15
 355.72,  602.71,  724.15
 475.59,  347.50,  476.91
 474.45,  348.32,  601.91
 473.30,  349.15,  726.90
 479.27,  472.44,  476.12
 478.13,  473.26,  601.11
 476.98,  474.09,  726.11
 482.95,  597.38,  475.33
 481.81,  598.21,  600.32
 480.66,  599.03,  725.31
 600.53,  343.82,  478.08
 599.39,  344.65,  603.07
 598.24,  345.47,  728.07
 604.21,  468.77,  477.29
 603.07,  469.59,  602.28
 601.92,  470.42,  727.27
 607.89,  593.71,  476.50
 606.75,  594.53,  601.49
 605.60,  595.36,  726.48
 349.66,  348.08,  600.63
 352.88,  347.04,  725.58
 356.09,  346.00,  850.54
 346.80,  473.04,  601.74
 350.01,  472.00,  726.69
 353.23,  470.96,  851.65
 343.94,  598.00,  602.85
 347.15,  596.96,  727.80
 350.36,  595.93,  852.76
 474.59,  350.97,  597.44
 477.80,  349.93,  722.39
 481.02,  348.89,  847.35
 471.72,  475.93,  598.55
 474.94,  474.89,  723.50
 478.15,  473.86,  848.46
 468.86,  600.89,  599.66
 472.07,  599.85,  724.61
 475.29,  598.82,  849.57
 599.51,  353.86,  594.25
 602.73,  352.82,  719.20
 605.94,  351.78,  844.16
 596.65,  478.82,  595.36
 599.86,  477.78,  720.32
 603.08,  476.75,  845.27
 593.79,  603.78,  596.47
 597.00,  602.75,  721.43
 600.21,  601.71,  846.38
 349.02,  476.61,  100.63
 348.05,  476.06,  225.63
 347.07,  475.50,  350.62
 349.14,  601.61,  101.19
 348.16,  601.05,  226.18
 347.18,  600.50,  351.18
 349.26,  726.61,  101.74
 348.28,  726.05,  226.74
 347.30,  725.50,  351.73
 474.02,  476.49,  101.61
 473.04,  475.94,  226.61
 472.06,  475.38,  351.60
 474.14,  601.49,  102.16
 473.16,  600.93,  227.16
 472.18,  600.38,  352.15
 474.25,  726.49,  102.72
 473.27,  725.93,  227.71
 472.29,  725.38,  352.71
 599.02,  476.37,  102.59
 598.04,  475.82,  227.58
 597.06,  475.26,  352.58
 599.13,  601.37,  103.14
 598.15,  600.81,  228.14
 597.18,  600.26,  353.13
 599.25,  726.37,  103.70
 598.27,  725.81,  228.69
 597.29,  725.26,  353.69
 350.00,  476.45,  223.92
 350.54,  478.59,  348.90
 351.09,  480.73,  473.88
 347.83,  601.41,  221.79
 348.37,  603.55,  346.77
 348.92,  605.69,  471.75
 345.66,  726.38,  219.67
 346.20,  728.52,  344.65
 346.74,  730.65,  469.63
 474.98,  478.61,  223.34
 475.52,  480.75,  348.32
 476.07,  482.89,  473.30
 472.81,  603.58,  221.22
 473.35,  605.71,  346.20
 473.90,  607.85,  471.18
 470.64,  728.54,  219.09
 471.18,  730.68,  344.07
 471.72,  732.81,  469.05
 599.96,  480.77,  222.76
 600.50,  482.91,  347.74
 601.05,  485.05,  472.73
 597.79,  605.74,  220.64
 598.33,  607.87,  345.62
 598.88,  610.01,  470.60
 595.62,  730.70,  218.51
 596.16,  732.84,  343.49
 596.70,  734.98,  468.47
 349.65,  474.86,  348.41
 352.30,  474.07,  473.38
 354.96,  473.29,  598.35
 351.14,  599.84,  349.16
 353.79,  599.06,  474.13
 356.45,  598.28,  599.10
 352.63,  724.83,  349.91
 355.29,  724.05,  474.88
 357.94,  723.27,  599.85
 474.61,  473.38,  345.74
 477.27,  472.60,  470.71
 479.92,  471.81,  595.68
 476.10,  598.37,  346.49
 478.76,  597.59,  471.46
 481.42,  596.80,  596.43
 477.59,  723.36,  347.25
 480.25,  722.57,  472.21
 482.91,  721.79,  597.18
 599.57,  471.91,  343.07
 602.23,  471.12,  468.04
 604.89,  470.34,  593.01
 601.06,  596.89,  343.83
 603.72,  596.11,  468.80
 606.38,  595.33,  593.76
 602.55,  721.88,  344.58
 605.21,  721.10,  469.55
 607.87,  720.32,  594.52
 348.21,  473.74,  474.19
 348.96,  471.91,  599.18
 349.72,  470.07,  724.16
 350.59,  598.71,  476.01
 351.35,  596.87,  601.00
 352.10,  595.04,  725.98
 352.97,  723.67,  477.83
 353.73,  721.84,  602.82
 354.48,  720.00,  727.80
 473.18,  471.37,  473.40
 473.94,  469.54,  598.39
 474.69,  467.70,  723.37
 475.57,  596.34,  475.22
 476.32,  594.50,  600.21
 477.08,  592.67,  725.19
 477.95,  721.30,  477.05
 478.70,  719.47,  602.03
 479.46,  717.63,  727.01
 598.16,  469.00,  472.61
 598.91,  467.17,  597.60
 599.67,  465.33,  722.58
 600.54,  593.97,  474.44
 601.30,  592.13,  599.42
 602.05,  590.30,  724.40
 602.92,  718.93,  476.26
 603.68,  717.10,  601.24
 604.43,  715.26,  726.23
 349.44,  474.60,  598.35
 345.77,  471.22,  723.25
 342.09,  467.84,  848.15
 347.52,  599.55,  601.68
 343.85,  596.16,  726.58
 340.17,  592.78,  851.48
 345.60,  724.49,  605.00
 341.92,  721.10,  729.90
 338.25,  717.72,  854.80
 474.37,  476.43,  602.07
 470.70,  473.05,  726.97
 467.03,  469.66,  851.88
 472.45,  601.37,  605.40
 468.78,  597.99,  730.30
 465.10,  594.61,  855.20
 470.53,  726.31,  608.73
 466.85,  722.93,  733.63
 463.18,  719.55,  858.53
 599.30,  478.25,  605.80
 595.63,  474.87,  730.70
 591.96,  471.49,  855.60
 597.38,  603.19,  609.12
 593.71,  599.81,  734.03
 590.03,  596.43,  858.93
 595.46,  728.13,  612.45
 591.78,  724.75,  737.35
 588.11,  721.37,  862.25
 350.80,  598.19,  102.00
 354.25,  594.41,  226.89
 357.70,  590.62,  351.79
 354.36,  723.09,  105.69
 357.81,  719.30,  230.58
 361.26,  715.51,  355.48
 357.92,  847.98,  109.38
 361.37,  844.20,  234.27
 364.82,  840.41,  359.17
 475.71,  594.74,   98.44
 479.16,  590.95,  223.34
 482.61,  587.17,  348.23
 479.26,  719.64,  102.13
 482.71,  715.85,  227.03
 486.16,  712.06,  351.92
 482.82,  844.53,  105.82
 486.27,  840.74,  230.72
 489.72,  836.96,  355.61
 600.61,  591.29,   94.89
 604.06,  587.50,  219.78
 607.51,  583.72,  344.68
 604.16,  716.19,   98.58
 607.61,  712.40,  223.47
 611.06,  708.61,  348.37
 607.72,  841.08,  102.27
 611.17,  837.29,  227.16
 614.62,  833.51,  352.06
 348.45,  598.48,  224.80
 350.33,  601.13,  349.75
 352.20,  603.78,  474.71
 347.32,  723.45,  222.16
 349.20,  726.10,  347.12
 351.07,  728.75,  472.08
 346.19,  848.41,  219.53
 348.07,  851.06,  344.49
 349.94,  853.71,  469.44
 473.43,  599.57,  222.90
 475.31,  602.22,  347.85
 477.18,  604.87,  472.81
 472.30,  724.54,  220.26
 474.18,  727.19,  345.22
 476.05,  729.84,  470.18
 471.17,  849.50,  217.63
 473.05,  852.15,  342.59
 474.92,  854.80,  467.55
 598.41,  600.66,  221.00
 600.29,  603.31,  345.96
 602.16,  605.96,  470.91
 597.28,  725.63,  218.37
 599.16,  728.28,  343.32
 601.03,  730.93,  468.28
 596.15,  850.59,  215.73
 598.03,  853.24,  340.69
 599.90,  855.89,  465.65
 348.91,  601.60,  351.50
 347.53,  600.49,  476.49
 346.15,  599.37,  601.47
 352.63,  726.54,  352.65
 351.25,  725.42,  477.64
 349.87,  724.31,  602.63
 356.36,  851.48,  353.81
 354.98,  850.36,  478.80
 353.60,  849.25,  603.79
 473.84,  597.86,  352.85
 472.46,  596.75,  477.83
 471.08,  595.63,  602.82
 477.57,  722.80,  354.00
 476.19,  721.69,  478.99
 474.81,  720.57,  603.98
 481.30,  847.74,  355.16
 479.92,  846.62,  480.14
 478.54,  845.51,  605.13
 598.78,  594.12,  354.19
 597.40,  593.01,  479.18
 596.02,  591.89,  604.17
 602.51,  719.06,  355.35
 601.13,  717.95,  480.34
 599.75,  716.83,  605.32
 606.23,  844.00,  356.50
 604.85,  842.89,  481.49
 603.47,  841.77,  606.48
 350.29,  600.44,  473.66
 350.94,  600.13,  598.66
 351.58,  599.83,  723.65
 347.10,  725.40,  473.98
 347.75,  725.09,  598.98
 348.39,  724.79,  723.98
 343.91,  850.36,  474.30
 344.56,  850.05,  599.30
 345.20,  849.75,  724.30
 475.25,  603.63,  473.02
 475.90,  603.33,  598.02
 476.54,  603.02,  723.02
 472.06,  728.59,  473.34
 472.71,  728.28,  598.34
 473.35,  727.98,  723.34
 468.87,  853.55,  473.67
 469.52,  853.24,  598.66
 470.16,  852.94,  723.66
 600.21,  606.82,  472.38
 600.85,  606.52,  597.38
 601.50,  606.21,  722.38
 597.02,  731.78,  472.71
 597.66,  731.48,  597.70
 598.31,  731.17,  722.70
 593.83,  856.74,  473.03
 594.47,  856.43,  598.03
 595.12,  856.13,  723.02
 348.08,  598.45,  598.16
 348.87,  599.78,  723.15
 349.65,  601.11,  848.14
 346.64,  723.43,  596.84
 347.42,  724.76,  721.83
 348.21,  726.09,  846.82
 345.19,  848.41,  595.51
 345.98,  849.75,  720.50
 346.77,  851.08,  845.50
 473.07,  599.88,  597.36
 473.86,  601.21,  722.35
 474.64,  602.54,  847.34
 471.63,  724.87,  596.04
 472.41,  726.20,  721.03
 473.20,  727.53,  846.02
 470.18,  849.85,  594.71
 470.97,  851.18,  719.70
 471.76,  852.51,  844.69
 598.06,  601.32,  596.56
 598.85,  602.65,  721.55
 599.63,  603.98,  846.54
 596.62,  726.30,  595.23
 597.40,  727.63,  720.22
 598.19,  728.96,  845.21
 595.17,  851.29,  593.91
 595.96,  852.62,  718.90
 596.75,  853.95,  843.89
 476.00,   99.12,   98.98
 478.78,   95.88,  223.91
 481.57,   92.64,  348.84
 473.13,  224.05,  102.29
 475.91,  220.80,  227.22
 478.70,  217.56,  352.14
 470.26,  348.97,  105.60
 473.05,  345.73,  230.52
 475.83,  342.48,  355.45
 600.93,  102.06,   96.28
 603.72,   98.82,  221.20
 606.50,   95.58,  346.13
 598.07,  226.99,   99.58
 600.85,  223.74,  224.51
 603.64,  220.50,  349.44
 595.20,  351.91,  102.89
 597.98,  348.67,  227.81
 600.77,  345.42,  352.74
 725.87,  105.00,   93.57
 728.65,  101.76,  218.49
 731.44,   98.52,  343.42
 723.00,  229.93,   96.87
 725.79,  226.68,  221.80
 728.57,  223.44,  346.73
 720.13,  354.85,  100.18
 722.92,  351.61,  225.11
 725.70,  348.36,  350.03
 473.50,   99.67,  224.98
 473.10,   96.61,  349.94
 472.70,   93.54,  474.90
 475.64,  224.62,  228.05
 475.24,  221.55,  353.01
 474.84,  218.49,  477.97
 477.79,  349.56,  231.12
 477.38,  346.49,  356.08
 476.98,  343.43,  481.04
 598.48,   97.52,  225.33
 598.08,   94.46,  350.29
 597.68,   91.39,  475.25
 600.63,  222.47,  228.40
 600.22,  219.40,  353.36
 599.82,  216.34,  478.32
 602.77,  347.41,  231.47
 602.36,  344.34,  356.43
 601.96,  341.28,  481.39
 723.47,   95.37,  225.68
 723.06,   92.31,  350.64
 722.66,   89.24,  475.60
 725.61,  220.31,  228.75
 725.20,  217.25,  353.71
 724.80,  214.19,  478.67
 727.75,  345.26,  231.82
 727.34,  342.19,  356.78
 726.94,  339.13,  481.75
 476.14,   98.61,  350.48
 472.45,   99.00,  475.43
 468.77,   99.39,  600.37
 475.66,  223.61,  350.08
 471.97,  224.00,  475.03
 468.29,  224.38,  599.97
 475.18,  348.61,  349.68
 471.50,  349.00,  474.62
 467.81,  349.38,  599.57
 601.08,   99.10,  354.17
 597.40,   99.49,  479.11
 593.71,   99.88,  604.06
 600.60,  224.10,  353.76
 596.92,  224.49,  478.71
 593.24,  224.87,  603.65
 600.13,  349.10,  353.36
 596.44,  349.48,  478.31
 592.76,  349.87,  603.25
 726.02,   99.59,  357.85
 722.34,   99.98,  482.79
 718.66,  100.36,  607.74
 725.55,  224.59,  357.45
 721.86,  224.97,  482.39
 718.18,  225.36,  607.34
 725.07,  349.58,  357.04
 721.39,  349.97,  481.99
 717.70,  350.36,  606.93
 475.46,   98.82,  473.79
 477.39,   99.85,  598.78
 479.31,  100.89,  723.76
 478.69,  223.77,  472.71
 480.62,  224.80,  597.69
 482.55,  225.84,  722.67
 481.93,  348.72,  471.62
 483.85,  349.76,  596.61
 485.78,  350.79,  721.59
 600.40,   95.57,  471.89
 602.33,   96.60,  596.88
 604.26,   97.64,  721.86
 603.64,  220.52,  470.81
 605.56,  221.55,  595.79
 607.49,  222.59,  720.77
 606.87,  345.47,  469.72
 608.80,  346.51,  594.71
 610.72,  347.54,  719.69
 725.35,   92.32,  469.99
 727.27,   93.35,  594.97
 729.20,   94.39,  719.96
 728.58,  217.27,  468.91
 730.51,  218.30,  593.89
 732.43,  219.34,  718.87
 731.81,  342.22,  467.82
 733.74,  343.26,  592.80
 735.67,  344.29,  717.79
 473.45,   98.19,  601.19
 473.37,   94.64,  726.14
 473.30,   91.08,  851.09
 471.94,  223.13,  604.74
 471.86,  219.58,  729.69
 471.79,  216.02,  854.64
 470.43,  348.07,  608.30
 470.35,  344.52,  733.25
 470.28,  340.96,  858.20
 598.44,   99.70,  601.31
 598.37,   96.14,  726.26
 598.29,   92.59,  851.20
 596.93,  224.64,  604.86
 596.85,  221.08,  729.81
 596.78,  217.53,  854.76
 595.42,  349.58,  608.42
 595.34,  346.03,  733.36
 595.27,  342.47,  858.31
 723.43,  101.21,  601.42
 723.36,   97.65,  726.37
 723.28,   94.10,  851.32
 721.92,  226.15,  604.98
 721.84,  222.59,  729.93
 721.77,  219.04,  854.88
 720.41,  351.09,  608.53
 720.33,  347.53,  733.48
 720.26,  343.98,  858.43
 476.42,  223.52,  101.25
 476.83,  225.03,  226.24
 477.25,  226.54,  351.23
 474.98,  348.50,   99.74
 475.40,  350.01,  224.73
 475.82,  351.53,  349.72
 473.55,  473.48,   98.24
 473.97,  475.00,  223.23
 474.39,  476.51,  348.22
 601.41,  224.94,  100.82
 601.82,  226.46,  225.81
 602.24,  227.97,  350.80
 599.98,  349.93,   99.31
 600.39,  351.44,  224.30
 600.81,  352.95,  349.29
 598.54,  474.91,   97.80
 598.96,  476.42,  222.79
 599.38,  477.94,  347.78
 726.40,  226.37,  100.38
 726.81,  227.88,  225.37
 727.23,  229.40,  350.36
 724.97,  351.35,   98.88
 725.38,  352.87,  223.87
 725.80,  354.38,  348.86
 723.53,  476.34,   97.37
 723.95,  477.85,  222.36
 724.37,  479.36,  347.35
 475.67,  223.47,  223.07
 476.04,  220.35,  348.03
 476.41,  217.23,  472.99
 477.95,  348.41,  226.18
 478.32,  345.29,  351.15
 478.69,  342.17,  476.11
 480.24,  473.35,  229.30
 480.60,  470.23,  354.26
 480.97,  467.11,  479.22
 600.65,  221.20,  222.65
 601.02,  218.08,  347.61
 601.38,  214.96,  472.57
 602.93,  346.14,  225.76
 603.30,  343.02,  350.72
 603.67,  339.90,  475.68
 605.21,  471.08,  228.87
 605.58,  467.96,  353.83
 605.95,  464.84,  478.79
 725.63,  218.92,  222.23
 726.00,  215.80,  347.19
 726.36,  212.69,  472.15
 727.91,  343.86,  225.34
 728.28,  340.75,  350.30
 728.65,  337.63,  475.26
 730.19,  468.80,  228.45
 730.56,  465.69,  353.41
 730.93,  462.57,  478.37
 475.76,  225.04,  348.57
 477.12,  223.84,  473.56
 478.48,  222.63,  598.54
 476.25,  350.03,  349.77
 477.61,  348.83,  474.75
 478.97,  347.63,  599.74
 476.75,  475.02,  350.96
 478.10,  473.82,  475.95
 479.46,  472.62,  600.94
 600.75,  224.56,  347.21
 602.11,  223.36,  472.19
 603.47,  222.15,  597.18
 601.24,  349.55,  348.40
 602.60,  348.35,  473.39
 603.96,  347.15,  598.38
 601.74,  474.54,  349.60
 603.10,  473.34,  474.59
 604.45,  472.14,  599.57
 725.74,  224.08,  345.84
 727.10,  222.87,  470.83
 728.46,  221.67,  595.82
 726.24,  349.07,  347.04
 727.59,  347.87,  472.03
 728.95,  346.67,  597.01
 726.73,  474.06,  348.24
 728.09,  472.86,  473.22
 729.45,  471.66,  598.21
 473.66,  224.45,  476.66
 474.32,  224.37,  601.66
 474.97,  224.30,  726.66
 477.22,  349.40,  476.72
 477.87,  349.32,  601.72
 478.53,  349.25,  726.71
 480.77,  474.35,  476.77
 481.43,  474.27,  601.77
 482.08,  474.20,  726.77
 598.61,  220.89,  476.01
 599.26,  220.82,  601.00
 599.92,  220.74,  726.00
 602.16,  345.84,  476.06
 602.82,  345.77,  601.06
 603.47,  345.69,  726.06
 605.72,  470.79,  476.12
 606.37,  470.72,  601.11
 607.03,  470.64,  726.11
 723.56,  217.34,  475.35
 724.21,  217.26,  600.35
 724.87,  217.19,  725.35
 727.11,  342.29,  475.40
 727.77,  342.21,  600.40
 728.42,  342.14,  725.40
 730.67,  467.23,  475.46
 731.32,  467.16,  600.46
 731.98,  467.09,  725.46
 476.81,  223.37,  598.14
 474.99,  219.66,  723.07
 473.16,  215.95,  848.01
 476.21,  348.31,  601.85
 474.39,  344.60,  726.78
 472.56,  340.89,  851.71
 475.61,  473.26,  605.55
 473.79,  469.54,  730.48
 471.96,  465.83,  855.41
 601.80,  223.92,  599.98
 599.97,  220.20,  724.92
 598.15,  216.49,  849.85
 601.20,  348.86,  603.69
 599.37,  345.15,  728.62
 597.55,  341.44,  853.55
 600.60,  473.80,  607.39
 598.77,  470.09,  732.32
 596.95,  466.38,  857.25
 726.78,  224.46,  601.82
 724.96,  220.75,  726.76
 723.14,  217.04,  851.69
 726.18,  349.41,  605.53
 724.36,  345.69,  730.46
 722.53,  341.98,  855.39
 725.58,  474.35,  609.23
 723.76,  470.64,  734.16
 721.93,  466.93,  859.10
 476.61,  349.47,  100.08
 476.33,  349.39,  225.08
 476.06,  349.32,  350.08
 476.61,  474.47,  100.16
 476.33,  474.39,  225.16
 476.06,  474.32,  350.16
 476.61,  599.47,  100.23
 476.33,  599.39,  225.23
 476.05,  599.32,  350.23
 601.61,  349.47,  100.36
 601.33,  349.39,  225.36
 601.06,  349.32,  350.36
 601.61,  474.47,  100.43
 601.33,  474.39,  225.43
 601.06,  474.32,  350.43
 601.61,  599.47,  100.51
 601.33,  599.39,  225.51
 601.05,  599.32,  350.51
 726.61,  349.47,  100.64
 726.33,  349.39,  225.64
 726.06,  349.32,  350.64
 726.61,  474.47,  100.71
 726.33,  474.39,  225.71
 726.05,  474.32,  350.71
 726.61,  599.47,  100.79
 726.33,  599.39,  225.78
 726.05,  599.32,  350.78
 476.43,  349.29,  226.55
 475.69,  352.87,  351.49
 474.94,  356.46,  476.44
 474.63,  474.22,  222.95
 473.89,  477.81,  347.90
 473.14,  481.39,  472.84
 472.84,  599.16,  219.36
 472.09,  602.74,  344.30
 471.34,  606.33,  469.25
 601.42,  351.11,  227.24
 600.67,  354.69,  352.19
 599.93,  358.28,  477.13
 599.62,  476.05,  223.65
 598.87,  479.63,  348.59
 598.13,  483.21,  473.54
 597.82,  600.98,  220.05
 597.07,  604.56,  345.00
 596.33,  608.15,  469.94
 726.40,  352.93,  227.93
 725.66,  356.51,  352.88
 724.91,  360.10,  477.83
 724.60,  477.87,  224.34
 723.86,  481.45,  349.29
 723.11,  485.03,  474.23
 722.80,  602.80,  220.75
 722.06,  606.38,  345.69
 721.31,  609.97,  470.64
 476.07,  349.20,  349.04
 476.59,  348.53,  474.04
 477.11,  347.86,  599.04
 475.07,  474.20,  349.72
 475.59,  473.53,  474.71
 476.11,  472.86,  599.71
 474.07,  599.19,  350.39
 474.59,  598.52,  475.39
 475.10,  597.85,  600.39
 601.07,  350.21,  348.53
 601.59,  349.54,  473.53
 602.10,  348.87,  598.53
 600.07,  475.20,  349.21
 600.58,  474.53,  474.20
 601.10,  473.86,  599.20
 599.07,  600.20,  349.88
 599.58,  599.53,  474.88
 600.10,  598.86,  599.88
 726.06,  351.21,  348.02
 726.58,  350.54,  473.02
 727.10,  349.87,  598.02
 725.06,  476.20,  348.70
 725.58,  475.53,  473.69
 726.10,  474.86,  598.69
 724.06,  601.20,  349.37
 724.58,  600.53,  474.37
 725.09,  599.86,  599.37
 476.12,  348.87,  473.51
 476.29,  349.09,  598.51
 476.46,  349.32,  723.51
 477.48,  473.86,  473.29
 477.65,  474.09,  598.29
 477.81,  474.31,  723.29
 478.83,  598.85,  473.06
 479.00,  599.08,  598.06
 479.17,  599.30,  723.06
 601.12,  347.52,  473.35
 601.28,  347.74,  598.35
 601.45,  347.96,  723.35
 602.47,  472.51,  473.12
 602.64,  472.73,  598.12
 602.80,  472.95,  723.12
 603.82,  597.50,  472.90
 603.99,  597.72,  597.90
 604.16,  597.95,  722.90
 726.11,  346.16,  473.18
 726.28,  346.38,  598.18
 726.44,  346.61,  723.18
 727.46,  471.15,  472.96
 727.63,  471.38,  597.96
 727.80,  471.60,  722.96
 728.82,  596.15,  472.73
 728.98,  596.37,  597.73
 729.15,  596.59,  722.73
 476.24,  348.63,  601.47
 477.41,  347.83,  726.47
 478.58,  347.03,  851.46
 477.58,  473.62,  602.26
 478.75,  472.82,  727.25
 479.92,  472.02,  852.25
 478.92,  598.61,  603.05
 480.09,  597.81,  728.04
 481.26,  597.01,  853.03
 601.23,  347.29,  600.29
 602.40,  346.49,  725.29
 603.57,  345.70,  850.28
 602.57,  472.28,  601.08
 603.74,  471.48,  726.07
 604.91,  470.69,  851.06
 603.91,  597.27,  601.87
 605.08,  596.47,  726.86
 606.25,  595.68,  851.85
 726.21,  345.96,  599.11
 727.39,  345.16,  724.11
 728.56,  344.36,  849.10
 727.55,  470.95,  599.90
 728.73,  470.15,  724.89
 729.90,  469.35,  849.88
 728.89,  595.94,  600.69
 730.07,  595.14,  725.68
 731.24,  594.34,  850.67
 476.91,  476.77,   99.72
 478.41,  480.32,  224.66
 479.91,  483.86,  349.60
 473.36,  601.67,   96.22
 474.86,  605.22,  221.16
 476.36,  608.76,  346.10
 469.81,  726.58,   92.72
 471.31,  730.12,  217.66
 472.81,  733.66,  342.60
 601.85,  480.28,   98.12
 603.35,  483.82,  223.06
 604.85,  487.37,  348.00
 598.30,  605.18,   94.62
 599.80,  608.72,  219.56
 601.30,  612.27,  344.50
 594.75,  730.08,   91.12
 596.25,  733.62,  216.06
 597.76,  737.17,  341.00
 726.79,  483.78,   96.52
 728.29,  487.33,  221.46
 729.79,  490.87,  346.40
 723.24,  608.69,   93.02
 724.74,  612.23,  217.96
 726.25,  615.77,  342.90
 719.70,  733.59,   89.52
 721.20,  737.13,  214.46
 722.70,  740.67,  339.40
 476.48,  475.25,  225.20
 478.08,  478.14,  350.16
 479.68,  481.04,  475.11
 478.50,  600.19,  222.28
 480.10,  603.09,  347.24
 481.70,  605.99,  472.19
 480.51,  725.14,  219.36
 482.12,  728.04,  344.31
 483.72,  730.94,  469.27
 601.45,  473.19,  223.65
 603.05,  476.09,  348.60
 604.66,  478.99,  473.56
 603.47,  598.14,  220.72
 605.07,  601.04,  345.68
 606.67,  603.93,  470.64
 605.49,  723.09,  217.80
 607.09,  725.99,  342.76
 608.69,  728.88,  467.71
 726.42,  471.14,  222.09
 728.03,  474.03,  347.05
 729.63,  476.93,  472.00
 728.44,  596.09,  219.17
 730.05,  598.98,  344.13
 731.65,  601.88,  469.08
 730.46,  721.03,  216.25
 732.06,  723.93,  341.20
 733.67,  726.83,  466.16
 473.61,  476.69,  348.94
 474.45,  478.57,  473.92
 475.29,  480.46,  598.90
 476.76,  601.63,  347.03
 477.60,  603.52,  472.01
 478.44,  605.41,  596.99
 479.91,  726.58,  345.12
 480.75,  728.46,  470.10
 481.59,  730.35,  595.09
 598.56,  473.52,  348.14
 599.41,  475.41,  473.13
 600.25,  477.29,  598.11
 601.72,  598.47,  346.24
 602.56,  600.35,  471.22
 603.40,  602.24,  596.20
 604.87,  723.41,  344.33
 605.71,  725.30,  469.31
 606.55,  727.19,  594.29
 723.52,  470.36,  347.35
 724.36,  472.24,  472.33
 725.20,  474.13,  597.32
 726.67,  595.30,  345.44
 727.52,  597.19,  470.43
 728.36,  599.07,  595.41
 729.83,  720.25,  343.54
 730.67,  722.13,  468.52
 731.51,  724.02,  593.50
 473.53,  473.29,  475.17
 470.17,  471.04,  600.10
 466.81,  468.79,  725.03
 475.48,  598.25,  477.47
 472.12,  596.00,  602.40
 468.75,  593.75,  727.34
 477.43,  723.21,  479.77
 474.06,  720.96,  604.71
 470.70,  718.71,  729.64
 598.47,  471.28,  478.49
 595.11,  469.03,  603.43
 591.75,  466.78,  728.36
 600.42,  596.24,  480.80
 597.06,  593.99,  605.73
 593.69,  591.74,  730.66
 602.36,  721.21,  483.10
 599.00,  718.96,  608.03
 595.64,  716.71,  732.97
 723.41,  469.27,  481.82
 720.05,  467.02,  606.75
 716.69,  464.77,  731.69
 725.36,  594.24,  484.12
 722.00,  591.99,  609.06
 718.63,  589.74,  733.99
 727.30,  719.20,  486.43
 723.94,  716.95,  611.36
 720.58,  714.70,  736.30
 474.21,  474.17,  601.69
 475.67,  471.19,  726.64
 477.13,  468.21,  851.60
 475.83,  599.12,  604.65
 477.30,  596.14,  729.60
 478.76,  593.16,  854.56
 477.46,  724.07,  607.61
 478.92,  721.09,  732.56
 480.38,  718.12,  857.52
 599.19,  472.58,  600.19
 600.65,  469.60,  725.14
 602.11,  466.62,  850.10
 600.81,  597.53,  603.15
 602.28,  594.55,  728.10
 603.74,  591.57,  853.06
 602.44,  722.48,  606.11
 603.90,  719.50,  731.06
 605.36,  716.53,  856.02
 724.17,  470.99,  598.68
 725.63,  468.01,  723.64
 727.09,  465.03,  848.60
 725.79,  595.94,  601.64
 727.26,  592.96,  726.60
 728.72,  589.98,  851.56
 727.42,  720.89,  604.60
 728.88,  717.91,  729.56
 730.35,  714.94,  854.52
 473.38,  599.96,  100.04
 473.45,  602.82,  225.01
 473.52,  605.68,  349.98
 473.40,  724.93,   97.19
 473.47,  727.79,  222.15
 473.54,  730.64,  347.12
 473.42,  849.89,   94.33
 473.49,  852.75,  219.30
 473.56,  855.61,  344.26
 598.38,  599.94,   99.98
 598.45,  602.80,  224.95
 598.52,  605.66,  349.91
 598.40,  724.91,   97.12
 598.47,  727.77,  222.09
 598.54,  730.62,  347.05
 598.42,  849.87,   94.26
 598.49,  852.73,  219.23
 598.56,  855.59,  344.20
 723.38,  599.92,   99.91
 723.45,  602.78,  224.88
 723.52,  605.64,  349.85
 723.40,  724.89,   97.05
 723.47,  727.74,  222.02
 723.54,  730.60,  346.99
 723.42,  849.85,   94.19
 723.49,  852.71,  219.16
 723.56,  855.57,  344.13
 473.57,  598.97,  226.36
 475.96,  597.82,  351.33
 478.36,  596.68,  476.30
 473.43,  723.96,  227.51
 475.82,  722.82,  352.48
 478.22,  721.67,  477.45
 473.29,  848.95,  228.65
 475.68,  847.81,  353.63
 478.08,  846.67,  478.60
 598.54,  599.13,  223.97
 600.94,  597.98,  348.94
 603.33,  596.84,  473.91
 598.40,  724.12,  225.11
 600.80,  722.98,  350.08
 603.19,  721.83,  475.06
 598.26,  849.12,  226.26
 600.66,  847.97,  351.23
 603.05,  846.83,  476.20
 723.52,  599.29,  221.57
 725.92,  598.14,  346.54
 728.31,  597.00,  471.51
 723.38,  724.28,  222.72
 725.78,  723.14,  347.69
 728.17,  721.99,  472.66
 723.24,  849.28,  223.87
 725.64,  848.13,  348.84
 728.03,  846.99,  473.81
 476.06,  600.89,  348.83
 473.64,  600.31,  473.80
 471.22,  599.73,  598.78
 473.66,  725.87,  349.36
 471.25,  725.28,  474.34
 468.83,  724.70,  599.31
 471.27,  850.84,  349.90
 468.85,  850.26,  474.87
 466.44,  849.68,  599.85
 601.01,  603.27,  351.26
 598.59,  602.69,  476.23
 596.17,  602.11,  601.21
 598.62,  728.25,  351.79
 596.20,  727.67,  476.77
 593.78,  727.08,  601.74
 596.23,  853.22,  352.33
 593.81,  852.64,  477.30
 591.39,  852.06,  602.28
 725.96,  605.65,  353.69
 723.54,  605.07,  478.66
 721.12,  604.49,  603.64
 723.57,  730.63,  354.22
 721.15,  730.05,  479.20
 718.73,  729.46,  604.17
 721.18,  855.60,  354.76
 718.76,  855.02,  479.73
 716.34,  854.44,  604.71
 476.68,  600.27,  474.81
 474.26,  601.72,  599.77
 471.85,  603.17,  724.74
 478.37,  725.26,  473.39
 475.95,  726.70,  598.36
 473.53,  728.15,  723.33
 480.05,  850.24,  471.98
 477.63,  851.68,  596.95
 475.22,  853.13,  721.91
 601.65,  598.62,  477.24
 599.23,  600.06,  602.21
 596.81,  601.51,  727.18
 603.33,  723.60,  475.83
 600.91,  725.04,  600.80
 598.50,  726.49,  725.76
 605.02,  848.58,  474.41
 602.60,  850.03,  599.38
 600.18,  851.47,  724.35
 726.61,  596.96,  479.68
 724.19,  598.41,  604.65
 721.78,  599.85,  729.62
 728.30,  721.94,  478.26
 725.88,  723.39,  603.23
 723.46,  724.83,  728.20
 729.98,  846.92,  476.85
 727.56,  848.37,  601.82
 725.15,  849.81,  726.79
 473.05,  598.85,  601.20
 474.11,  595.78,  726.16
 475.17,  592.72,  851.12
 473.80,  723.81,  604.26
 474.86,  720.74,  729.22
 475.92,  717.68,  854.18
 474.54,  848.77,  607.32
 475.61,  845.70,  732.28
 476.67,  842.64,  857.23
 598.04,  598.13,  600.12
 599.10,  595.06,  725.08
 600.16,  592.00,  850.04
 598.79,  723.09,  603.18
 599.85,  720.02,  728.14
 600.91,  716.96,  853.10
 599.54,  848.05,  606.24
 600.60,  844.98,  731.20
 601.66,  841.92,  856.15
 723.03,  597.40,  599.04
 724.10,  594.34,  724.00
 725.16,  591.27,  848.96
 723.78,  722.36,  602.10
 724.84,  719.30,  727.06
 725.91,  716.23,  852.02
 724.53,  847.33,  605.16
 725.59,  844.26,  730.12
 726.65,  841.19,  855.07
 601.06,  100.70,   99.09
 603.51,   99.19,  224.06
 605.96,   97.68,  349.03
 603.05,  225.68,  100.56
 605.50,  224.17,  225.53
 607.95,  222.66,  350.50
 605.03,  350.66,  102.04
 607.48,  349.14,  227.00
 609.94,  347.63,  351.97
 726.02,   98.75,   96.62
 728.47,   97.23,  221.58
 730.92,   95.72,  346.55
 728.01,  223.72,   98.09
 730.46,  222.21,  223.06
 732.91,  220.70,  348.02
 729.99,  348.70,   99.56
 732.45,  347.19,  224.53
 734.90,  345.67,  349.49
 850.98,   96.79,   94.14
 853.43,   95.28,  219.11
 855.88,   93.76,  344.08
 852.97,  221.76,   95.61
 855.42,  220.25,  220.58
 857.87,  218.74,  345.55
 854.95,  346.74,   97.09
 857.41,  345.23,  222.05
 859.86,  343.72,  347.02
 598.43,   99.30,  223.42
 601.15,   97.63,  348.38
 603.87,   95.96,  473.34
 596.11,  224.26,  225.14
 598.83,  222.59,  350.10
 601.55,  220.93,  475.06
 593.79,  349.23,  226.86
 596.51,  347.56,  351.82
 599.23,  345.89,  476.78
 723.38,  101.65,  220.73
 726.10,   99.99,  345.69
 728.82,   98.32,  470.65
 721.06,  226.62,  222.45
 723.78,  224.95,  347.41
 726.50,  223.29,  472.37
 718.74,  351.59,  224.17
 721.46,  349.92,  349.13
 724.18,  348.25,  474.09
 848.33,  104.01,  218.05
 851.05,  102.35,  343.01
 853.77,  100.68,  467.97
 846.01,  228.98,  219.76
 848.73,  227.31,  344.72
 851.45,  225.64,  469.68
 843.69,  353.95,  221.48
 846.41,  352.28,  346.44
 849.13,  350.61,  471.40
 598.18,   99.18,  349.88
 594.82,  100.67,  474.82
 591.47,  102.15,  599.77
 594.63,  224.12,  348.29
 591.27,  225.61,  473.24
 587.92,  227.09,  598.18
 591.08,  349.06,  346.71
 587.73,  350.55,  471.65
 584.37,  352.03,  596.60
 723.08,  102.77,  353.19
 719.73,  104.26,  478.13
 716.37,  105.74,  603.08
 719.53,  227.71,  351.60
 716.18,  229.19,  476.55
 712.82,  230.68,  601.50
 715.99,  352.65,  350.02
 712.63,  354.13,  474.97
 709.27,  355.62,  599.91
 847.99,  106.36,  356.50
 844.63,  107.84,  481.45
 841.27,  109.33,  606.39
 844.44,  231.29,  354.92
 841.08,  232.78,  479.86
 837.73,  234.27,  604.81
 840.89,  356.23,  353.33
 837.53,  357.72,  478.28
 834.18,  359.21,  603.22
 600.87,   98.32,  475.61
 598.19,   96.48,  600.57
 595.51,   94.64,  725.53
 599.86,  223.30,  477.43
 597.18,  221.46,  602.39
 594.50,  219.62,  727.34
 598.84,  348.28,  479.25
 596.16,  346.45,  604.20
 593.48,  344.61,  729.16
 725.84,   99.29,  478.31
 723.16,   97.46,  603.27
 720.48,   95.62,  728.22
 724.83,  224.28,  480.12
 722.14,  222.44,  605.08
 719.46,  220.60,  730.04
 723.81,  349.26,  481.94
 721.13,  347.42,  606.90
 718.45,  345.58,  731.86
 850.81,  100.27,  481.00
 848.13,   98.43,  605.96
 845.45,   96.59,  730.92
 849.79,  225.25,  482.82
 847.11,  223.41,  607.78
 844.43,  221.58,  732.74
 848.78,  350.23,  484.64
 846.10,  348.40,  609.59
 843.42,  346.56,  734.55
 601.89,  101.67,  601.81
 603.17,  100.73,  726.80
 604.45,   99.79,  851.79
 599.41,  226.64,  602.78
 600.69,  225.70,  727.77
 601.97,  224.76,  852.76
 596.93,  351.61,  603.75
 598.21,  350.67,  728.74
 599.49,  349.73,  853.73
 726.86,  104.16,  600.56
 728.14,  103.22,  725.55
 729.42,  102.28,  850.54
 724.38,  229.13,  601.52
 725.66,  228.19,  726.51
 726.94,  227.25,  851.50
 721.90,  354.11,  602.49
 723.18,  353.16,  727.48
 724.46,  352.22,  852.47
 851.83,  106.65,  599.30
 853.11,  105.71,  724.29
 854.39,  104.77,  849.28
 849.35,  231.63,  600.26
 850.63,  230.68,  725.25
 851.91,  229.74,  850.24
 846.87,  356.60,  601.23
 848.15,  355.66,  726.22
 849.43,  354.71,  851.21
 599.52,  224.04,   98.92
 596.71,  221.78,  223.87
 593.90,  219.52,  348.82
 598.24,  349.01,  101.15
 595.43,  346.75,  226.10
 592.63,  344.49,  351.05
 596.97,  473.99,  103.38
 594.16,  471.73,  228.33
 591.35,  469.47,  353.28
 724.48,  225.26,  101.75
 721.67,  223.00,  226.70
 718.86,  220.74,  351.65
 723.21,  350.24,  103.98
 720.40,  347.98,  228.93
 717.59,  345.72,  353.88
 721.93,  475.21,  106.22
 719.12,  472.95,  231.16
 716.31,  470.69,  356.11
 849.44,  226.48,  104.58
 846.63,  224.22,  229.53
 843.82,  221.97,  354.48
 848.17,  351.46,  106.82
 845.36,  349.20,  231.76
 842.55,  346.94,  356.71
 846.89,  476.43,  109.05
 844.09,  474.17,  233.99
 841.28,  471.91,  358.94
 598.78,  223.98,  223.60
 597.52,  223.88,  348.60
 596.26,  223.78,  473.59
 598.31,  348.98,  223.70
 597.05,  348.88,  348.70
 595.79,  348.77,  473.69
 597.83,  473.98,  223.80
 596.57,  473.88,  348.79
 595.31,  473.77,  473.79
 723.78,  224.46,  224.87
 722.52,  224.35,  349.86
 721.26,  224.25,  474.85
 723.30,  349.45,  224.96
 722.04,  349.35,  349.96
 720.78,  349.25,  474.95
 722.83,  474.45,  225.06
 721.57,  474.35,  350.05
 720.31,  474.25,  475.05
 848.77,  224.93,  226.13
 847.51,  224.83,  351.12
 846.25,  224.72,  476.11
 848.29,  349.93,  226.22
 847.03,  349.83,  351.22
 845.77,  349.72,  476.21
 847.82,  474.93,  226.32
 846.56,  474.82,  351.32
 845.30,  474.72,  476.31
 599.51,  226.91,  350.19
 600.27,  223.79,  475.15
 601.03,  220.66,  600.11
 596.69,  351.84,  353.34
 597.45,  348.71,  478.29
 598.21,  345.59,  603.25
 593.87,  476.77,  356.48
 594.64,  473.64,  481.44
 595.40,  470.52,  606.40
 724.48,  229.75,  349.50
 725.24,  226.62,  474.46
 726.00,  223.50,  599.42
 721.66,  354.68,  352.65
 722.42,  351.55,  477.60
 723.18,  348.43,  602.56
 718.84,  479.61,  355.79
 719.60,  476.48,  480.75
 720.36,  473.35,  605.71
 849.44,  232.59,  348.81
 850.20,  229.46,  473.77
 850.97,  226.33,  598.73
 846.63,  357.51,  351.96
 847.39,  354.39,  476.91
 848.15,  351.26,  601.87
 843.81,  482.44,  355.10
 844.57,  479.32,  480.06
 845.33,  476.19,  605.02
 599.81,  225.19,  475.94
 597.55,  221.58,  600.87
 595.29,  217.97,  725.79
 596.97,  350.11,  479.50
 594.71,  346.50,  604.42
 592.45,  342.89,  729.35
 594.13,  475.02,  483.05
 591.87,  471.41,  607.98
 589.61,  467.80,  732.91
 724.75,  227.96,  478.28
 722.49,  224.35,  603.21
 720.24,  220.74,  728.13
 721.91,  352.88,  481.84
 719.65,  349.27,  606.76
 717.40,  345.66,  731.69
 719.07,  477.80,  485.39
 716.81,  474.19,  610.32
 714.56,  470.58,  735.25
 849.70,  230.74,  480.62
 847.44,  227.13,  605.55
 845.18,  223.52,  730.47
 846.86,  355.65,  484.18
 844.60,  352.04,  609.10
 842.34,  348.44,  734.03
 844.02,  480.57,  487.73
 841.76,  476.96,  612.66
 839.50,  473.35,  737.59
 600.00,  224.60,  598.21
 599.47,  228.04,  723.16
 598.93,  231.49,  848.11
 598.31,  349.54,  594.76
 597.77,  352.98,  719.71
 597.23,  356.43,  844.66
 596.62,  474.48,  591.31
 596.08,  477.92,  716.26
 595.54,  481.37,  841.21
 724.99,  226.31,  598.70
 724.45,  229.75,  723.65
 723.92,  233.20,  848.60
 723.30,  351.25,  595.25
 722.76,  354.69,  720.20
 722.22,  358.14,  845.15
 721.60,  476.19,  591.80
 721.07,  479.63,  716.75
 720.53,  483.08,  841.70
 849.98,  228.01,  599.19
 849.44,  231.46,  724.14
 848.90,  234.91,  849.10
 848.28,  352.96,  595.74
 847.75,  356.40,  720.69
 847.21,  359.85,  845.64
 846.59,  477.90,  592.29
 846.05,  481.34,  717.24
 845.52,  484.79,  842.19
 600.76,  349.00,   98.82
 598.64,  345.84,  223.76
 596.52,  342.68,  348.70
 599.52,  473.96,  101.96
 597.40,  470.80,  226.90
 595.28,  467.64,  351.84
 598.28,  598.91,  105.10
 596.16,  595.75,  230.04
 594.04,  592.59,  354.98
 725.74,  350.19,  100.97
 723.62,  347.03,  225.91
 721.49,  343.87,  350.86
 724.50,  475.14,  104.11
 722.38,  471.98,  229.05
 720.25,  468.82,  354.00
 723.26,  600.10,  107.25
 721.14,  596.94,  232.19
 719.01,  593.78,  357.14
 850.72,  351.38,  103.13
 848.59,  348.21,  228.07
 846.47,  345.05,  353.01
 849.48,  476.33,  106.26
 847.35,  473.17,  231.21
 845.23,  470.01,  356.15
 848.24,  601.28,  109.40
 846.11,  598.12,  234.35
 843.99,  594.96,  359.29
 598.05,  351.77,  223.84
 597.50,  350.63,  348.84
 596.95,  349.49,  473.83
 600.79,  476.73,  224.99
 600.25,  475.59,  349.99
 599.70,  474.46,  474.98
 603.54,  601.70,  226.14
 602.99,  600.56,  351.14
 602.45,  599.42,  476.13
 723.01,  349.01,  224.36
 722.47,  347.88,  349.36
 721.92,  346.74,  474.35
 725.76,  473.98,  225.51
 725.21,  472.84,  350.51
 724.67,  471.70,  475.50
 728.51,  598.94,  226.66
 727.96,  597.80,  351.66
 727.41,  596.67,  476.65
 847.98,  346.26,  224.89
 847.43,  345.12,  349.88
 846.89,  343.98,  474.88
 850.73,  471.22,  226.04
 850.18,  470.09,  351.03
 849.63,  468.95,  476.03
 853.48,  596.19,  227.19
 852.93,  595.05,  352.18
 852.38,  593.91,  477.18
 599.42,  350.59,  350.28
 601.04,  347.09,  475.22
 602.66,  343.59,  600.17
 598.36,  475.54,  353.80
 599.98,  472.04,  478.74
 601.60,  468.54,  603.68
 597.30,  600.48,  357.31
 598.92,  596.98,  482.25
 600.54,  593.49,  607.19
 724.40,  351.69,  348.69
 726.02,  348.19,  473.64
 727.64,  344.70,  598.58
 723.35,  476.64,  352.21
 724.97,  473.14,  477.15
 726.59,  469.64,  602.09
 722.29,  601.58,  355.72
 723.91,  598.09,  480.66
 725.53,  594.59,  605.60
 849.39,  352.79,  347.11
 851.01,  349.29,  472.05
 852.63,  345.80,  596.99
 848.33,  477.74,  350.62
 849.95,  474.24,  475.56
 851.57,  470.74,  600.50
 847.27,  602.68,  354.13
 848.89,  599.19,  479.07
 850.51,  595.69,  604.01
 601.40,  348.86,  474.96
 601.32,  345.31,  599.91
 601.25,  341.77,  724.86
 599.70,  473.80,  478.51
 599.63,  470.25,  603.46
 599.56,  466.70,  728.41
 598.01,  598.74,  482.06
 597.94,  595.19,  607.00
 597.87,  591.64,  731.95
 726.38,  350.55,  475.08
 726.31,  347.00,  600.03
 726.24,  343.46,  724.98
 724.69,  475.49,  478.63
 724.62,  471.94,  603.58
 724.55,  468.39,  728.53
 723.00,  600.43,  482.18
 722.93,  596.88,  607.12
 722.85,  593.33,  732.07
 851.37,  352.24,  475.20
 851.30,  348.69,  600.15
 851.23,  345.15,  725.10
 849.68,  477.18,  478.75
 849.61,  473.63,  603.70
 849.54,  470.08,  728.65
 847.99,  602.12,  482.30
 847.92,  598.57,  607.25
 847.84,  595.02,  732.19
 601.84,  351.36,  599.87
 604.35,  352.82,  724.84
 606.85,  354.29,  849.81
 604.47,  476.32,  598.35
 606.98,  477.79,  723.32
 609.48,  479.25,  848.29
 607.10,  601.28,  596.83
 609.61,  602.75,  721.80
 612.11,  604.22,  846.77
 726.79,  348.69,  597.40
 729.29,  350.16,  722.37
 731.80,  351.63,  847.33
 729.42,  473.66,  595.88
 731.93,  475.13,  720.85
 734.43,  476.59,  845.81
 732.05,  598.62,  594.36
 734.56,  600.09,  719.33
 737.06,  601.56,  844.29
 851.74,  346.03,  594.93
 854.24,  347.50,  719.89
 856.75,  348.97,  844.86
 854.37,  471.00,  593.41
 856.87,  472.46,  718.37
 859.38,  473.93,  843.34
 857.00,  595.96,  591.89
 859.50,  597.43,  716.85
 862.01,  598.90,  841.82
 598.76,  476.32,   99.79
 598.05,  475.58,  224.79
 597.34,  474.85,  349.78
 596.99,  601.30,  100.51
 596.28,  600.57,  225.51
 595.57,  599.83,  350.51
 595.22,  726.29,  101.24
 594.51,  725.55,  226.23
 593.80,  724.82,  351.23
 723.75,  478.08,  100.51
 723.04,  477.35,  225.51
 722.33,  476.61,  350.50
 721.98,  603.07,  101.24
 721.27,  602.33,  226.23
 720.56,  601.60,  351.23
 720.21,  728.05,  101.96
 719.50,  727.32,  226.96
 718.79,  726.59,  351.95
 848.73,  479.85,  101.23
 848.02,  479.11,  226.23
 847.31,  478.38,  351.22
 846.96,  604.83,  101.96
 846.25,  604.10,  226.95
 845.54,  603.37,  351.95
 845.19,  729.82,  102.68
 844.48,  729.09,  227.68
 843.77,  728.35,  352.67
 601.27,  474.28,  224.89
 598.21,  476.46,  349.83
 595.14,  478.63,  474.78
 599.27,  599.25,  222.67
 596.21,  601.42,  347.61
 593.15,  603.59,  472.55
 597.28,  724.21,  220.45
 594.22,  726.39,  345.39
 591.16,  728.56,  470.33
 726.21,  476.33,  227.91
 723.15,  478.50,  352.86
 720.09,  480.68,  477.80
 724.22,  601.30,  225.69
 721.16,  603.47,  350.64
 718.10,  605.64,  475.58
 722.23,  726.26,  223.47
 719.16,  728.43,  348.41
 716.10,  730.60,  473.36
 851.16,  478.38,  230.94
 848.10,  480.55,  355.88
 845.04,  482.72,  480.83
 849.17,  603.34,  228.72
 846.11,  605.52,  353.66
 843.04,  607.69,  478.61
 847.17,  728.31,  226.50
 844.11,  730.48,  351.44
 841.05,  732.65,  476.38
 598.94,  473.30,  351.68
 597.52,  476.28,  476.63
 596.09,  479.27,  601.59
 595.68,  598.22,  348.66
 594.26,  601.20,  473.61
 592.83,  604.19,  598.57
 592.43,  723.14,  345.64
 591.00,  726.13,  470.60
 589.58,  729.11,  595.55
 723.89,  476.59,  353.02
 722.46,  479.57,  477.98
 721.04,  482.56,  602.93
 720.63,  601.51,  350.00
 719.21,  604.49,  474.96
 717.78,  607.48,  599.92
 717.38,  726.43,  346.99
 715.95,  729.42,  471.94
 714.53,  732.40,  596.90
 848.84,  479.88,  354.37
 847.41,  482.86,  479.32
 845.99,  485.84,  604.28
 845.58,  604.80,  351.35
 844.16,  607.78,  476.31
 842.73,  610.77,  601.26
 842.33,  729.72,  348.33
 840.90,  732.70,  473.29
 839.48,  735.69,  598.24
 601.01,  474.43,  473.03
 602.57,  474.26,  598.02
 604.14,  474.09,  723.01
 600.79,  599.43,  473.20
 602.36,  599.26,  598.19
 603.92,  599.09,  723.18
 600.57,  724.43,  473.37
 602.14,  724.26,  598.36
 603.71,  724.09,  723.35
 726.00,  474.65,  471.46
 727.56,  474.48,  596.45
 729.13,  474.31,  721.44
 725.78,  599.65,  471.63
 727.35,  599.48,  596.62
 728.91,  599.31,  721.61
 725.56,  724.65,  471.80
 727.13,  724.48,  596.79
 728.70,  724.31,  721.78
 850.99,  474.87,  469.89
 852.55,  474.70,  594.88
 854.12,  474.53,  719.87
 850.77,  599.87,  470.06
 852.34,  599.70,  595.05
 853.90,  599.53,  720.04
 850.55,  724.87,  470.23
 852.12,  724.70,  595.22
 853.69,  724.53,  720.21
 598.60,  476.45,  601.74
 595.21,  478.01,  726.68
 591.83,  479.58,  851.63
 601.50,  601.40,  600.25
 598.11,  602.97,  725.19
 594.73,  604.53,  850.14
 604.39,  726.36,  598.76
 601.01,  727.93,  723.71
 597.62,  729.49,  848.65
 723.52,  473.59,  605.16
 720.14,  475.15,  730.10
 716.75,  476.72,  855.05
 726.42,  598.55,  603.67
 723.03,  600.11,  728.61
 719.65,  601.68,  853.56
 729.31,  723.50,  602.18
 725.93,  725.07,  727.13
 722.55,  726.63,  852.07
 848.44,  470.73,  608.58
 845.06,  472.30,  733.52
 841.67,  473.86,  858.47
 851.34,  595.69,  607.09
 847.95,  597.26,  732.03
 844.57,  598.82,  856.98
 854.23,  720.65,  605.60
 850.85,  722.21,  730.55
 847.47,  723.78,  855.49
 598.34,  601.57,  100.64
 599.65,  603.56,  225.61
 600.95,  605.56,  350.59
 599.74,  726.54,   98.63
 601.05,  728.54,  223.60
 602.36,  730.53,  348.58
 601.14,  851.52,   96.62
 602.45,  853.51,  221.59
 603.76,  855.51,  346.57
 723.32,  600.14,   99.35
 724.63,  602.14,  224.33
 725.94,  604.13,  349.31
 724.73,  725.12,   97.34
 726.03,  727.11,  222.32
 727.34,  729.11,  347.29
 726.13,  850.09,   95.33
 727.44,  852.09,  220.31
 728.75,  854.09,  345.28
 848.31,  598.72,   98.06
 849.62,  600.71,  223.04
 850.92,  602.71,  348.02
 849.71,  723.69,   96.05
 851.02,  725.69,  221.03
 852.33,  727.68,  346.01
 851.11,  848.67,   94.04
 852.42,  850.67,  219.02
 853.73,  852.66,  344.00
 599.83,  600.30,  225.51
 601.02,  596.56,  350.45
 602.20,  592.82,  475.39
 601.50,  725.24,  229.23
 602.69,  721.50,  354.17
 603.88,  717.75,  479.11
 603.18,  850.17,  232.96
 604.36,  846.43,  357.90
 605.55,  842.69,  482.84
 724.81,  598.67,  224.27
 726.00,  594.92,  349.21
 727.19,  591.18,  474.15
 726.49,  723.60,  228.00
 727.67,  719.86,  352.94
 728.86,  716.12,  477.87
 728.16,  848.53,  231.72
 729.35,  844.79,  356.66
 730.53,  841.05,  481.60
 849.79,  597.03,  223.04
 850.98,  593.29,  347.97
 852.17,  589.54,  472.91
 851.47,  721.96,  226.76
 852.66,  718.22,  351.70
 853.84,  714.48,  476.64
 853.14,  846.90,  230.49
 854.33,  843.15,  355.43
 855.52,  839.41,  480.36
 598.48,  599.63,  348.19
 600.90,  597.98,  473.16
 603.32,  596.34,  598.13
 601.06,  724.59,  349.79
 603.48,  722.95,  474.76
 605.90,  721.30,  599.72
 603.63,  849.56,  351.39
 606.06,  847.91,  476.35
 608.48,  846.27,  601.32
 723.43,  597.08,  345.74
 725.85,  595.44,  470.70
 728.27,  593.79,  595.67
 726.01,  722.05,  347.33
 728.43,  720.40,  472.30
 730.85,  718.76,  597.27
 728.58,  847.01,  348.93
 731.01,  845.37,  473.90
 733.43,  843.72,  598.86
 848.38,  594.54,  343.28
 850.80,  592.89,  468.25
 853.22,  591.25,  593.22
 850.96,  719.50,  344.88
 853.38,  717.86,  469.85
 855.80,  716.21,  594.81
 853.53,  844.47,  346.48
 855.96,  842.82,  471.44
 858.38,  841.17,  596.41
 602.00,  600.40,  474.77
 600.67,  603.10,  599.74
 599.33,  605.80,  724.70
 602.32,  725.37,  472.07
 600.98,  728.07,  597.04
 599.65,  730.77,  722.00
 602.63,  850.34,  469.38
 601.29,  853.04,  594.34
 599.96,  855.74,  719.30
 727.00,  600.11,  476.11
 725.66,  602.82,  601.08
 724.33,  605.52,  726.04
 727.31,  725.09,  473.42
 725.97,  727.79,  598.38
 724.64,  730.49,  723.34
 727.62,  850.06,  470.72
 726.29,  852.76,  595.68
 724.95,  855.46,  720.64
 851.99,  599.83,  477.46
 850.65,  602.53,  602.42
 849.32,  605.23,  727.38
 852.30,  724.80,  474.76
 850.97,  727.50,  599.72
 849.63,  730.21,  724.68
 852.61,  849.77,  472.06
 851.28,  852.47,  597.02
 849.94,  855.18,  721.99
 598.49,  600.75,  601.09
 594.79,  600.83,  726.03
 591.08,  600.91,  850.98
 598.93,  725.75,  601.02
 595.23,  725.83,  725.96
 591.53,  725.91,  850.91
 599.38,  850.75,  600.95
 595.68,  850.83,  725.90
 591.98,  850.91,  850.84
 723.43,  600.30,  604.79
 719.73,  600.38,  729.73
 716.03,  600.47,  854.68
 723.88,  725.30,  604.72
 720.18,  725.38,  729.66
 716.48,  725.46,  854.61
 724.32,  850.30,  604.65
 720.62,  850.38,  729.60
 716.92,  850.46,  854.54
 848.37,  599.86,  608.49
 844.67,  599.94,  733.43
 840.97,  600.02,  858.38
 848.82,  724.86,  608.42
 845.12,  724.94,  733.36
 841.42,  725.02,  858.31
 849.27,  849.86,  608.35
 845.57,  849.94,  733.30
 841.87,  850.02,  858.24