27, 125, pa2-debug-f-output1.txt
 191.07,  195.83,  197.63
 396.86,  404.76,  202.51
  99.34,  100.17,  101.47
  96.32,  101.10,  226.43
  93.30,  102.03,  351.39
 101.14,  225.15,  100.58
  98.13,  226.08,  225.54
  95.11,  227.02,  350.50
 102.95,  350.14,   99.69
  99.93,  351.07,  224.65
  96.91,  352.00,  349.61
 224.29,   98.38,  104.50
 221.27,   99.31,  229.46
 218.25,  100.25,  354.42
 226.09,  223.37,  103.61
 223.08,  224.30,  228.57
 220.06,  225.23,  353.53
 227.90,  348.35,  102.72
 224.88,  349.28,  227.68
 221.86,  350.21,  352.64
 349.24,   96.60,  107.53
 346.22,   97.53,  232.49
 343.20,   98.46,  357.45
 351.05,  221.58,  106.64
 348.03,  222.51,  231.60
 345.01,  223.44,  356.56
 352.85,  346.56,  105.76
 349.83,  347.50,  230.72
 346.82,  348.43,  355.68
  98.62,   98.89,  223.17
 101.63,  101.32,  348.11
 104.64,  103.74,  473.05
 100.63,  223.85,  220.70
 103.64,  226.28,  345.64
 106.65,  228.70,  470.58
 102.64,  348.81,  218.22
 105.65,  351.24,  343.16
 108.66,  353.66,  468.10
 223.56,   96.82,  220.20
 226.57,   99.25,  345.14
 229.59,  101.67,  470.08
 225.57,  221.78,  217.73
 228.58,  224.21,  342.67
 231.60,  226.63,  467.61
 227.58,  346.74,  215.25
 230.59,  349.17,  340.19
 233.61,  351.59,  465.13
 348.51,   94.76,  217.23
 351.52,   97.18,  342.17
 354.53,   99.61,  467.11
 350.52,  219.71,  214.76
 353.53,  222.14,  339.70
 356.54,  224.56,  464.64
 352.53,  344.67,  212.28
 355.54,  347.10,  337.22
 358.55,  349.52,  462.16
 101.47,   98.34,  349.36
 103.97,   99.03,  474.34
 106.48,   99.71,  599.31
  98.94,  223.31,  348.73
 101.44,  224.00,  473.70
 103.95,  224.69,  598.67
  96.41,  348.29,  348.09
  98.91,  348.97,  473.06
 101.42,  349.66,  598.04
 226.42,  100.86,  346.85
 228.92,  101.54,  471.82
 231.43,  102.23,  596.79
 223.89,  225.83,  346.21
 226.39,  226.52,  471.18
 228.90,  227.20,  596.15
 221.36,  350.80,  345.57
 223.86,  351.49,  470.54
 226.37,  352.18,  595.52
 351.37,  103.37,  344.33
 353.87,  104.06,  469.30
 356.37,  104.75,  594.27
 348.84,  228.35,  343.69
 351.34,  229.03,  468.66
 353.84,  229.72,  593.64
 346.31,  353.32,  343.05
 348.81,  354.01,  468.03
 351.31,  354.69,  593.00
 101.38,  100.44,  474.85
  98.48,  100.60,  599.82
  95.58,  100.76,  724.78
 103.68,  225.42,  474.75
 100.78,  225.58,  599.72
  97.89,  225.74,  724.68
 105.98,  350.40,  474.65
 103.09,  350.56,  599.61
 100.19,  350.71,  724.58
 226.32,   98.14,  477.75
 223.43,   98.30,  602.72
 220.53,   98.46,  727.68
 228.62,  223.12,  477.65
 225.73,  223.28,  602.61
 222.83,  223.44,  727.58
 230.93,  348.10,  477.54
 228.03,  348.26,  602.51
 225.14,  348.41,  727.48
 351.27,   95.84,  480.65
 348.37,   96.00,  605.61
 345.47,   96.16,  730.58
 353.57,  220.82,  480.55
 350.67,  220.98,  605.51
 347.78,  221.14,  730.48
 355.87,  345.80,  480.44
 352.98,  345.96,  605.41
 350.08,  346.11,  730.38
 101.66,  101.88,  600.24
 102.72,   99.71,  725.21
 103.79,   97.54,  850.19
 104.49,  226.83,  602.38
 105.55,  224.66,  727.36
 106.61,  222.49,  852.34
 107.31,  351.78,  604.53
 108.38,  349.61,  729.51
 109.44,  347.44,  854.48
 226.62,   99.07,  599.13
 227.69,   96.90,  724.10
 228.75,   94.73,  849.08
 229.45,  224.02,  601.27
 230.51,  221.85,  726.25
 231.58,  219.68,  851.23
 232.28,  348.97,  603.42
 233.34,  346.80,  728.40
 234.40,  344.63,  853.37
 351.59,   96.26,  598.01
 352.65,   94.09,  722.99
 353.71,   91.92,  847.97
 354.41,  221.21,  600.16
 355.48,  219.04,  725.14
 356.54,  216.87,  850.11
 357.24,  346.16,  602.31
 358.30,  343.99,  727.28
 359.37,  341.82,  852.26
  99.75,  225.09,  101.85
  96.38,  221.46,  226.75
  93.00,  217.82,  351.65
 100.80,  350.03,  105.52
  97.43,  346.40,  230.42
  94.06,  342.77,  355.32
 101.86,  474.98,  109.18
  98.49,  471.34,  234.08
  95.11,  467.71,  358.98
 224.70,  223.94,  105.19
 221.33,  220.30,  230.09
 217.95,  216.67,  355.00
 225.75,  348.88,  108.86
 222.38,  345.25,  233.76
 219.01,  341.61,  358.66
 226.81,  473.82,  112.52
 223.44,  470.19,  237.42
 220.06,  466.55,  362.32
 349.65,  222.78,  108.53
 346.28,  219.15,  233.44
 342.90,  215.52,  358.34
 350.70,  347.73,  112.20
 347.33,  344.09,  237.10
 343.96,  340.46,  362.00
 351.76,  472.67,  115.86
 348.39,  469.03,  240.76
 345.01,  465.40,  365.67
 101.58,  226.44,  223.86
 101.44,  229.57,  348.82
 101.30,  232.70,  473.78
 103.99,  351.38,  220.73
 103.86,  354.51,  345.69
 103.72,  357.64,  470.66
 106.41,  476.32,  217.61
 106.27,  479.45,  342.57
 106.14,  482.57,  467.53
 226.55,  224.03,  224.05
 226.42,  227.16,  349.02
 226.28,  230.28,  473.98
 228.97,  348.97,  220.93
 228.83,  352.10,  345.89
 228.70,  355.22,  470.85
 231.39,  473.91,  217.81
 231.25,  477.03,  342.77
 231.11,  480.16,  467.73
 351.53,  221.62,  224.25
 351.39,  224.75,  349.21
 351.26,  227.87,  474.17
 353.95,  346.56,  221.13
 353.81,  349.68,  346.09
 353.67,  352.81,  471.05
 356.36,  471.49,  218.00
 356.23,  474.62,  342.96
 356.09,  477.75,  467.92
 100.64,  224.62,  348.61
 101.54,  223.59,  473.60
 102.45,  222.57,  598.60
 104.31,  349.56,  349.61
 105.21,  348.54,  474.60
 106.12,  347.51,  599.59
 107.97,  474.50,  350.61
 108.88,  473.48,  475.60
 109.79,  472.45,  600.59
 225.58,  220.96,  347.67
 226.49,  219.93,  472.67
 227.39,  218.91,  597.66
 229.25,  345.90,  348.67
 230.15,  344.88,  473.67
 231.06,  343.85,  598.66
 232.92,  470.84,  349.67
 233.82,  469.82,  474.66
 234.73,  468.79,  599.66
 350.52,  217.30,  346.74
 351.43,  216.27,  471.73
 352.34,  215.25,  596.72
 354.19,  342.24,  347.74
 355.10,  341.22,  472.73
 356.00,  340.19,  597.72
 357.86,  467.18,  348.74
 358.77,  466.16,  473.73
 359.67,  465.13,  598.72
  98.05,  223.03,  474.56
 100.53,  222.47,  599.54
 103.01,  221.92,  724.51
 100.28,  348.00,  475.07
 102.76,  347.45,  600.05
 105.24,  346.90,  725.02
 102.51,  472.98,  475.58
 104.99,  472.43,  600.55
 107.47,  471.88,  725.53
 223.01,  220.81,  472.08
 225.48,  220.25,  597.05
 227.96,  219.70,  722.03
 225.24,  345.78,  472.59
 227.71,  345.23,  597.56
 230.19,  344.68,  722.53
 227.47,  470.76,  473.09
 229.94,  470.21,  598.07
 232.42,  469.66,  723.04
 347.96,  218.59,  469.59
 350.44,  218.03,  594.57
 352.92,  217.48,  719.54
 350.19,  343.56,  470.10
 352.67,  343.01,  595.07
 355.15,  342.46,  720.05
 352.42,  468.54,  470.61
 354.90,  467.99,  595.58
 357.38,  467.44,  720.55
 100.07,  224.86,  601.22
  97.17,  224.73,  726.19
  94.27,  224.59,  851.15
 101.04,  349.86,  601.38
  98.13,  349.72,  726.35
  95.23,  349.59,  851.31
 102.00,  474.86,  601.54
  99.10,  474.72,  726.51
  96.20,  474.58,  851.47
 225.03,  223.90,  604.12
 222.13,  223.76,  729.09
 219.23,  223.62,  854.06
 226.00,  348.89,  604.28
 223.10,  348.76,  729.25
 220.19,  348.62,  854.21
 226.97,  473.89,  604.44
 224.06,  473.75,  729.41
 221.16,  473.62,  854.37
 350.00,  222.93,  607.02
 347.09,  222.79,  731.99
 344.19,  222.65,  856.96
 350.96,  347.92,  607.18
 348.06,  347.79,  732.15
 345.16,  347.65,  857.12
 351.93,  472.92,  607.34
 349.03,  472.78,  732.31
 346.12,  472.65,  857.28
  99.25,  349.80,  100.84
  96.82,  350.80,  225.81
  94.38,  351.80,  350.79
 102.53,  474.75,   99.91
 100.10,  475.75,  224.88
  97.66,  476.75,  349.85
 105.81,  599.70,   98.97
 103.38,  600.70,  223.94
 100.95,  601.70,  348.91
 224.19,  346.53,  103.30
 221.75,  347.53,  228.27
 219.32,  348.53,  353.25
 227.47,  471.49,  102.37
 225.03,  472.49,  227.34
 222.60,  473.49,  352.31
 230.75,  596.44,  101.43
 228.31,  597.44,  226.40
 225.88,  598.44,  351.37
 349.12,  343.27,  105.76
 346.68,  344.27,  230.73
 344.25,  345.27,  355.71
 352.40,  468.22,  104.83
 349.97,  469.22,  229.80
 347.53,  470.23,  354.77
 355.68,  593.18,  103.89
 353.25,  594.18,  228.86
 350.81,  595.18,  353.83
 101.12,  351.91,  225.97
 101.12,  349.30,  350.94
 101.13,  346.70,  475.92
 100.66,  476.88,  228.58
 100.67,  474.28,  353.55
 100.68,  471.67,  478.52
 100.21,  601.85,  231.18
 100.21,  599.25,  356.16
 100.22,  596.64,  481.13
 226.11,  352.36,  225.97
 226.12,  349.76,  350.95
 226.13,  347.15,  475.92
 225.66,  477.34,  228.58
 225.67,  474.73,  353.55
 225.68,  472.12,  478.52
 225.21,  602.31,  231.18
 225.21,  599.70,  356.16
 225.22,  597.10,  481.13
 351.11,  352.82,  225.98
 351.12,  350.21,  350.95
 351.13,  347.61,  475.92
 350.66,  477.79,  228.58
 350.67,  475.18,  353.55
 350.68,  472.58,  478.53
 350.21,  602.76,  231.19
 350.21,  600.16,  356.16
 350.22,  597.55,  481.13
 100.20,  348.62,  348.12
  99.59,  348.36,  473.12
  98.99,  348.10,  598.12
 101.79,  473.61,  348.39
 101.19,  473.35,  473.38
 100.58,  473.09,  598.38
 103.39,  598.60,  348.65
 102.78,  598.34,  473.65
 102.17,  598.08,  598.65
 225.19,  347.02,  348.72
 224.58,  346.77,  473.72
 223.98,  346.51,  598.72
 226.78,  472.01,  348.99
 226.18,  471.76,  473.99
 225.57,  471.50,  598.99
 228.37,  597.00,  349.25
 227.77,  596.75,  474.25
 227.16,  596.49,  599.25
 350.18,  345.43,  349.33
 349.57,  345.17,  474.32
 348.96,  344.91,  599.32
 351.77,  470.42,  349.59
 351.16,  470.16,  474.59
 350.56,  469.90,  599.59
 353.36,  595.41,  349.86
 352.76,  595.15,  474.86
 352.15,  594.89,  599.85
 100.92,  350.88,  476.56
  99.00,  353.83,  601.51
  97.08,  356.78,  726.46
 104.02,  475.81,  473.66
 102.10,  478.76,  598.61
 100.18,  481.71,  723.56
 107.12,  600.74,  470.76
 105.20,  603.69,  595.71
 103.28,  606.64,  720.67
 225.87,  347.83,  478.56
 223.95,  350.78,  603.51
 222.03,  353.73,  728.46
 228.97,  472.76,  475.66
 227.05,  475.71,  600.61
 225.13,  478.66,  725.56
 232.07,  597.69,  472.76
 230.15,  600.64,  597.71
 228.22,  603.58,  722.66
 350.82,  344.78,  480.55
 348.90,  347.73,  605.50
 346.97,  350.67,  730.45
 353.92,  469.71,  477.65
 351.99,  472.65,  602.60
 350.07,  475.60,  727.55
 357.02,  594.63,  474.75
 355.09,  597.58,  599.70
 353.17,  600.53,  724.65
 100.38,  351.25,  600.00
 101.77,  351.92,  724.99
 103.16,  352.59,  849.99
  97.07,  476.21,  599.38
  98.46,  476.87,  724.37
  99.85,  477.54,  849.36
  93.75,  601.16,  598.75
  95.14,  601.83,  723.74
  96.53,  602.49,  848.73
 225.33,  354.56,  598.60
 226.72,  355.23,  723.59
 228.11,  355.89,  848.58
 222.01,  479.51,  597.97
 223.40,  480.18,  722.96
 224.79,  480.85,  847.95
 218.70,  604.47,  597.34
 220.09,  605.14,  722.33
 221.48,  605.80,  847.32
 350.28,  357.87,  597.19
 351.67,  358.53,  722.18
 353.06,  359.20,  847.17
 346.96,  482.82,  596.56
 348.35,  483.49,  721.55
 349.74,  484.15,  846.54
 343.65,  607.78,  595.93
 345.04,  608.44,  720.92
 346.43,  609.11,  845.91
  98.07,  476.58,   99.85
  98.28,  479.71,  224.81
  98.48,  482.84,  349.77
  99.05,  601.54,   96.72
  99.26,  604.67,  221.68
  99.47,  607.80,  346.64
 100.03,  726.49,   93.59
 100.24,  729.62,  218.55
 100.45,  732.75,  343.51
 223.07,  475.59,   99.67
 223.27,  478.72,  224.63
 223.48,  481.85,  349.59
 224.05,  600.55,   96.54
 224.26,  603.68,  221.50
 224.46,  606.81,  346.46
 225.03,  725.51,   93.41
 225.24,  728.64,  218.37
 225.44,  731.77,  343.33
 348.06,  474.61,   99.49
 348.27,  477.74,  224.45
 348.48,  480.87,  349.41
 349.04,  599.56,   96.36
 349.25,  602.69,  221.32
 349.46,  605.82,  346.28
 350.03,  724.52,   93.22
 350.23,  727.65,  218.19
 350.44,  730.78,  343.15
 100.89,  476.34,  223.78
 100.25,  477.97,  348.77
  99.62,  479.60,  473.76
 103.42,  601.31,  222.17
 102.78,  602.93,  347.16
 102.14,  604.56,  472.14
 105.94,  726.27,  220.55
 105.30,  727.90,  345.54
 104.66,  729.53,  470.53
 225.86,  473.83,  224.45
 225.23,  475.46,  349.44
 224.59,  477.08,  474.43
 228.39,  598.79,  222.84
 227.75,  600.42,  347.83
 227.11,  602.05,  472.81
 230.91,  723.76,  221.22
 230.27,  725.38,  346.21
 229.64,  727.01,  471.20
 350.84,  471.31,  225.12
 350.20,  472.94,  350.11
 349.56,  474.57,  475.10
 353.36,  596.28,  223.51
 352.72,  597.90,  348.50
 352.09,  599.53,  473.48
 355.88,  721.24,  221.89
 355.25,  722.87,  346.88
 354.61,  724.50,  471.87
  98.29,  474.03,  348.06
  95.20,  470.97,  472.98
  92.11,  467.92,  597.91
  99.49,  598.98,  351.14
  96.40,  595.93,  476.06
  93.31,  592.88,  600.99
 100.70,  723.94,  354.22
  97.61,  720.89,  479.15
  94.52,  717.83,  604.07
 223.24,  472.75,  351.12
 220.15,  469.69,  476.04
 217.06,  466.64,  600.97
 224.45,  597.70,  354.20
 221.36,  594.65,  479.12
 218.27,  591.60,  604.05
 225.66,  722.66,  357.28
 222.56,  719.61,  482.21
 219.47,  716.55,  607.13
 348.20,  471.46,  354.18
 345.11,  468.41,  479.10
 342.02,  465.36,  604.03
 349.41,  596.42,  357.26
 346.32,  593.37,  482.18
 343.22,  590.32,  607.11
 350.61,  721.38,  360.34
 347.52,  718.32,  485.27
 344.43,  715.27,  610.19
  99.44,  475.16,  473.36
  97.28,  477.63,  598.31
  95.11,  480.09,  723.27
  96.11,  600.09,  470.83
  93.95,  602.56,  595.79
  91.79,  605.02,  720.74
  92.79,  725.02,  468.30
  90.62,  727.49,  593.26
  88.46,  729.95,  718.22
 224.38,  478.53,  475.45
 222.21,  481.00,  600.41
 220.05,  483.46,  725.37
 221.05,  603.46,  472.93
 218.89,  605.93,  597.88
 216.72,  608.39,  722.84
 217.72,  728.39,  470.40
 215.56,  730.86,  595.36
 213.40,  733.32,  720.31
 349.31,  481.90,  477.55
 347.15,  484.37,  602.51
 344.99,  486.83,  727.46
 345.99,  606.83,  475.02
 343.82,  609.30,  599.98
 341.66,  611.76,  724.94
 342.66,  731.76,  472.50
 340.50,  734.23,  597.45
 338.33,  736.70,  722.41
 101.19,  473.24,  599.42
 103.76,  473.31,  724.39
 106.33,  473.38,  849.36
 100.14,  598.23,  599.37
 102.71,  598.31,  724.34
 105.28,  598.38,  849.31
  99.09,  723.23,  599.32
 101.66,  723.30,  724.29
 104.23,  723.37,  849.26
 226.16,  474.29,  596.85
 228.73,  474.36,  721.82
 231.29,  474.43,  846.80
 225.11,  599.28,  596.80
 227.68,  599.35,  721.77
 230.25,  599.42,  846.75
 224.06,  724.28,  596.75
 226.63,  724.35,  721.72
 229.20,  724.42,  846.70
 351.13,  475.33,  594.28
 353.70,  475.40,  719.25
 356.26,  475.47,  844.23
 350.08,  600.33,  594.23
 352.65,  600.40,  719.20
 355.22,  600.47,  844.18
 349.03,  725.32,  594.18
 351.60,  725.40,  719.16
 354.17,  725.47,  844.13
 101.11,  600.07,  100.06
 102.71,  600.52,  225.05
 104.31,  600.97,  350.04
  99.24,  725.05,   99.63
 100.84,  725.50,  224.62
 102.44,  725.96,  349.61
  97.36,  850.04,   99.20
  98.96,  850.49,  224.19
 100.57,  850.94,  349.18
 226.08,  601.93,   98.45
 227.68,  602.39,  223.44
 229.29,  602.84,  348.43
 224.21,  726.92,   98.02
 225.81,  727.37,  223.01
 227.41,  727.82,  348.00
 222.34,  851.90,   97.59
 223.94,  852.36,  222.58
 225.54,  852.81,  347.57
 351.06,  603.80,   96.84
 352.66,  604.25,  221.83
 354.26,  604.71,  346.82
 349.19,  728.78,   96.41
 350.79,  729.24,  221.40
 352.39,  729.69,  346.39
 347.31,  853.77,   95.98
 348.92,  854.22,  220.97
 350.52,  854.68,  345.96
  99.66,  599.29,  223.82
  97.53,  597.00,  348.79
  95.40,  594.71,  473.75
  96.19,  724.22,  226.05
  94.06,  721.93,  351.01
  91.93,  719.64,  475.98
  92.72,  849.15,  228.28
  90.59,  846.86,  353.24
  88.46,  844.57,  478.20
 224.60,  602.72,  226.02
 222.46,  600.43,  350.98
 220.33,  598.14,  475.94
 221.12,  727.65,  228.25
 218.99,  725.36,  353.21
 216.86,  723.07,  478.17
 217.65,  852.58,  230.48
 215.52,  850.29,  355.44
 213.39,  848.01,  480.40
 349.53,  606.15,  228.21
 347.40,  603.86,  353.17
 345.27,  601.57,  478.13
 346.06,  731.08,  230.44
 343.93,  728.80,  355.40
 341.79,  726.51,  480.36
 342.59,  856.02,  232.67
 340.45,  853.73,  357.63
 338.32,  851.44,  482.59
  98.01,  600.03,  348.46
 101.19,  597.27,  473.38
 104.38,  594.51,  598.31
  97.78,  725.00,  351.22
 100.97,  722.24,  476.15
 104.15,  719.48,  601.08
  97.55,  849.97,  353.99
 100.74,  847.21,  478.92
 103.92,  844.45,  603.85
 222.97,  600.33,  345.28
 226.15,  597.57,  470.21
 229.34,  594.81,  595.13
 222.74,  725.29,  348.04
 225.92,  722.53,  472.97
 229.11,  719.77,  597.90
 222.51,  850.26,  350.81
 225.70,  847.50,  475.74
 228.88,  844.74,  600.67
 347.93,  600.62,  342.10
 351.11,  597.86,  467.03
 354.30,  595.10,  591.96
 347.70,  725.59,  344.86
 350.88,  722.83,  469.79
 354.07,  720.07,  594.72
 347.47,  850.56,  347.63
 350.66,  847.80,  472.56
 353.84,  845.04,  597.49
  98.96,  601.46,  476.28
  95.38,  599.41,  601.21
  91.80,  597.37,  726.14
 101.03,  726.43,  478.38
  97.45,  724.38,  603.31
  93.86,  722.33,  728.25
 103.09,  851.39,  480.49
  99.51,  849.34,  605.42
  95.93,  847.30,  730.35
 223.90,  599.34,  479.82
 220.31,  597.29,  604.76
 216.73,  595.24,  729.69
 225.96,  724.30,  481.93
 222.38,  722.25,  606.86
 218.79,  720.21,  731.79
 228.03,  849.27,  484.04
 224.44,  847.22,  608.97
 220.86,  845.17,  733.90
 348.83,  597.21,  483.37
 345.24,  595.17,  608.31
 341.66,  593.12,  733.24
 350.89,  722.18,  485.48
 347.31,  720.13,  610.41
 343.72,  718.08,  735.34
 352.96,  847.14,  487.59
 349.37,  845.10,  612.52
 345.79,  843.05,  737.45
 101.59,  599.87,  601.41
 100.80,  600.86,  726.41
 100.02,  601.84,  851.40
  99.80,  724.85,  600.42
  99.01,  725.84,  725.41
  98.23,  726.82,  850.40
  98.01,  849.84,  599.42
  97.22,  850.82,  724.41
  96.44,  851.81,  849.41
 226.57,  601.67,  602.18
 225.79,  602.65,  727.18
 225.00,  603.64,  852.17
 224.78,  726.65,  601.19
 224.00,  727.64,  726.18
 223.21,  728.62,  851.18
 222.99,  851.63,  600.19
 222.21,  852.62,  725.19
 221.42,  853.60,  850.18
 351.56,  603.46,  602.96
 350.77,  604.45,  727.95
 349.99,  605.43,  852.94
 349.77,  728.45,  601.96
 348.98,  729.43,  726.95
 348.20,  730.42,  851.95
 347.98,  853.43,  600.96
 347.19,  854.42,  725.96
 346.41,  855.40,  850.95
 223.43,  100.83,   98.19
 225.43,   99.04,  223.16
 227.42,   97.24,  348.13
 223.34,  225.82,   99.98
 225.34,  224.03,  224.95
 227.34,  222.23,  349.93
 223.25,  350.81,  101.78
 225.25,  349.01,  226.75
 227.25,  347.22,  351.72
 348.41,  100.95,   96.19
 350.41,   99.16,  221.16
 352.41,   97.36,  346.13
 348.33,  225.94,   97.99
 350.32,  224.14,  222.96
 352.32,  222.35,  347.93
 348.24,  350.93,   99.79
 350.24,  349.13,  224.76
 352.23,  347.33,  349.73
 473.40,  101.07,   94.20
 475.39,   99.27,  219.17
 477.39,   97.48,  344.14
 473.31,  226.06,   95.99
 475.31,  224.26,  220.96
 477.30,  222.46,  345.94
 473.22,  351.04,   97.79
 475.22,  349.25,  222.76
 477.22,  347.45,  347.73
 224.11,  101.81,  224.22
 223.72,  100.31,  349.21
 223.33,   98.82,  474.21
 225.80,  226.79,  225.72
 225.41,  225.29,  350.71
 225.02,  223.80,  475.70
 227.49,  351.77,  227.22
 227.10,  350.27,  352.21
 226.71,  348.78,  477.20
 349.10,  100.11,  224.59
 348.71,   98.62,  349.58
 348.32,   97.13,  474.57
 350.79,  225.09,  226.09
 350.40,  223.60,  351.08
 350.01,  222.10,  476.07
 352.48,  350.07,  227.59
 352.09,  348.58,  352.58
 351.70,  347.08,  477.57
 474.09,   98.42,  224.96
 473.70,   96.92,  349.95
 473.31,   95.43,  474.94
 475.78,  223.40,  226.46
 475.39,  221.90,  351.45
 475.00,  220.41,  476.44
 477.47,  348.38,  227.96
 477.08,  346.88,  352.95
 476.69,  345.39,  477.94
 226.42,  101.25,  350.68
 228.96,  101.69,  475.65
 231.49,  102.13,  600.63
 226.69,  226.25,  350.23
 229.23,  226.69,  475.20
 231.77,  227.13,  600.18
 226.96,  351.25,  349.78
 229.50,  351.69,  474.76
 232.04,  352.13,  599.73
 351.39,  100.97,  348.14
 353.93,  101.41,  473.12
 356.47,  101.85,  598.09
 351.66,  225.97,  347.69
 354.20,  226.41,  472.67
 356.74,  226.85,  597.64
 351.94,  350.97,  347.24
 354.47,  351.41,  472.22
 357.01,  351.85,  597.19
 476.36,  100.69,  345.60
 478.90,  101.13,  470.58
 481.44,  101.57,  595.55
 476.64,  225.68,  345.16
 479.18,  226.13,  470.13
 481.71,  226.57,  595.10
 476.91,  350.68,  344.71
 479.45,  351.13,  469.68
 481.99,  351.57,  594.65
 225.38,  101.73,  476.82
 228.79,  105.31,  601.72
 232.20,  108.88,  726.62
 225.46,  226.68,  473.24
 228.87,  230.26,  598.14
 232.28,  233.83,  723.05
 225.54,  351.63,  469.66
 228.95,  355.21,  594.57
 232.35,  358.78,  719.47
 350.33,  101.56,  473.42
 353.74,  105.13,  598.32
 357.15,  108.71,  723.22
 350.41,  226.51,  469.84
 353.82,  230.08,  594.74
 357.23,  233.66,  719.64
 350.49,  351.46,  466.26
 353.90,  355.03,  591.16
 357.31,  358.60,  716.06
 475.29,  101.38,  470.01
 478.70,  104.96,  594.91
 482.10,  108.53,  719.82
 475.37,  226.33,  466.43
 478.77,  229.91,  591.34
 482.18,  233.48,  716.24
 475.45,  351.28,  462.85
 478.85,  354.85,  587.76
 482.26,  358.43,  712.66
 225.99,   99.59,  601.15
 223.32,  102.63,  726.09
 220.65,  105.67,  851.02
 224.35,  224.54,  598.08
 221.68,  227.58,  723.02
 219.01,  230.62,  847.95
 222.71,  349.50,  595.01
 220.04,  352.53,  719.94
 217.37,  355.57,  844.88
 350.95,  101.30,  603.78
 348.28,  104.33,  728.71
 345.61,  107.37,  853.65
 349.31,  226.25,  600.71
 346.64,  229.28,  725.64
 343.97,  232.32,  850.58
 347.67,  351.20,  597.64
 345.00,  354.24,  722.57
 342.34,  357.27,  847.50
 475.91,  103.00,  606.41
 473.24,  106.03,  731.34
 470.57,  109.07,  856.28
 474.27,  227.95,  603.33
 471.60,  230.99,  728.27
 468.93,  234.02,  853.20
 472.63,  352.90,  600.26
 469.96,  355.94,  725.20
 467.30,  358.97,  850.13
 223.75,  225.39,   98.92
 221.15,  221.96,  223.85
 218.56,  218.53,  348.77
 222.90,  350.34,  102.33
 220.31,  346.91,  227.26
 217.71,  343.48,  352.19
 222.06,  475.29,  105.75
 219.46,  471.86,  230.67
 216.87,  468.43,  355.60
 348.72,  226.17,  101.54
 346.12,  222.73,  226.46
 343.53,  219.30,  351.39
 347.87,  351.12,  104.95
 345.28,  347.69,  229.88
 342.68,  344.25,  354.80
 347.03,  476.07,  108.36
 344.43,  472.64,  233.29
 341.84,  469.21,  358.22
 473.69,  226.94,  104.15
 471.09,  223.51,  229.08
 468.50,  220.08,  354.01
 472.84,  351.89,  107.57
 470.25,  348.46,  232.49
 467.65,  345.03,  357.42
 472.00,  476.84,  110.98
 469.40,  473.41,  235.91
 466.81,  469.98,  360.83
 223.72,  226.46,  223.30
 222.35,  225.16,  348.28
 220.97,  223.87,  473.27
 222.94,  351.45,  224.59
 221.57,  350.15,  349.57
 220.20,  348.86,  474.56
 222.16,  476.44,  225.87
 220.79,  475.14,  350.86
 219.42,  473.85,  475.85
 348.71,  227.22,  224.68
 347.34,  225.92,  349.67
 345.96,  224.63,  474.65
 347.93,  352.21,  225.97
 346.56,  350.92,  350.95
 345.19,  349.62,  475.94
 347.15,  477.20,  227.26
 345.78,  475.91,  352.24
 344.41,  474.61,  477.23
 473.70,  227.98,  226.06
 472.33,  226.69,  351.05
 470.95,  225.39,  476.03
 472.92,  352.98,  227.35
 471.55,  351.68,  352.33
 470.18,  350.38,  477.32
 472.14,  477.97,  228.64
 470.77,  476.67,  353.62
 469.40,  475.37,  478.61
 224.84,  226.76,  348.45
 228.24,  224.01,  473.37
 231.63,  221.26,  598.30
 224.19,  351.73,  351.22
 227.58,  348.98,  476.14
 230.97,  346.23,  601.06
 223.53,  476.69,  353.98
 226.92,  473.95,  478.91
 230.32,  471.20,  603.83
 349.80,  227.49,  345.07
 353.19,  224.74,  469.99
 356.58,  221.99,  594.92
 349.14,  352.46,  347.84
 352.53,  349.71,  472.76
 355.93,  346.96,  597.69
 348.48,  477.42,  350.60
 351.88,  474.68,  475.53
 355.27,  471.93,  600.45
 474.75,  228.22,  341.69
 478.14,  225.47,  466.62
 481.54,  222.73,  591.54
 474.09,  353.19,  344.46
 477.49,  350.44,  469.38
 480.88,  347.69,  594.31
 473.43,  478.16,  347.23
 476.83,  475.41,  472.15
 480.22,  472.66,  597.07
 226.88,  226.79,  474.70
 229.88,  228.51,  599.65
 232.87,  230.24,  724.60
 223.67,  351.74,  473.05
 226.66,  353.46,  598.01
 229.66,  355.19,  722.96
 220.46,  476.69,  471.41
 223.45,  478.41,  596.36
 226.45,  480.13,  721.31
 351.80,  229.96,  471.66
 354.80,  231.69,  596.61
 357.80,  233.41,  721.57
 348.59,  354.91,  470.01
 351.59,  356.63,  594.97
 354.58,  358.36,  719.92
 345.38,  479.86,  468.37
 348.37,  481.58,  593.32
 351.37,  483.31,  718.27
 476.73,  233.13,  468.62
 479.72,  234.86,  593.57
 482.72,  236.58,  718.53
 473.51,  358.08,  466.97
 476.51,  359.80,  591.93
 479.51,  361.53,  716.88
 470.30,  483.03,  465.33
 473.30,  484.75,  590.28
 476.29,  486.48,  715.23
 223.04,  223.69,  601.14
 224.97,  227.41,  726.07
 226.91,  231.13,  851.00
 224.62,  348.63,  597.40
 226.56,  352.34,  722.33
 228.49,  356.06,  847.26
 226.20,  473.56,  593.66
 228.14,  477.28,  718.59
 230.08,  480.99,  843.52
 348.01,  222.05,  599.25
 349.95,  225.77,  724.18
 351.89,  229.49,  849.11
 349.59,  346.99,  595.51
 351.53,  350.70,  720.44
 353.47,  354.42,  845.37
 351.18,  471.92,  591.77
 353.11,  475.64,  716.70
 355.05,  479.36,  841.63
 472.99,  220.41,  597.36
 474.92,  224.13,  722.29
 476.86,  227.85,  847.22
 474.57,  345.35,  593.62
 476.51,  349.06,  718.55
 478.44,  352.78,  843.48
 476.15,  470.28,  589.88
 478.09,  474.00,  714.81
 480.03,  477.72,  839.74
 223.84,  351.95,  100.29
 220.93,  355.71,  225.20
 218.02,  359.47,  350.11
 227.22,  476.85,   96.60
 224.31,  480.61,  221.51
 221.39,  484.37,  346.42
 230.59,  601.75,   92.92
 227.68,  605.51,  217.83
 224.77,  609.27,  342.74
 348.77,  348.66,  103.30
 345.85,  352.42,  228.21
 342.94,  356.18,  353.12
 352.14,  473.56,   99.62
 349.23,  477.32,  224.53
 346.31,  481.08,  349.44
 355.51,  598.46,   95.93
 352.60,  602.22,  220.84
 349.69,  605.99,  345.75
 473.69,  345.38,  106.31
 470.77,  349.14,  231.22
 467.86,  352.90,  356.13
 477.06,  470.28,  102.63
 474.15,  474.04,  227.54
 471.23,  477.80,  352.45
 480.43,  595.18,   98.95
 477.52,  598.94,  223.86
 474.61,  602.70,  348.77
 225.55,  348.18,  224.50
 228.40,  349.94,  349.45
 231.25,  351.71,  474.41
 226.72,  473.16,  222.70
 229.57,  474.93,  347.66
 232.42,  476.69,  472.61
 227.90,  598.14,  220.91
 230.75,  599.91,  345.87
 233.60,  601.67,  470.82
 350.51,  346.96,  221.67
 353.36,  348.73,  346.62
 356.21,  350.49,  471.58
 351.69,  471.94,  219.87
 354.53,  473.71,  344.83
 357.38,  475.48,  469.78
 352.86,  596.93,  218.08
 355.71,  598.69,  343.03
 358.56,  600.46,  467.99
 475.47,  345.75,  218.83
 478.32,  347.51,  343.79
 481.17,  349.28,  468.74
 476.65,  470.73,  217.04
 479.50,  472.49,  341.99
 482.35,  474.26,  466.95
 477.82,  595.71,  215.25
 480.67,  597.48,  340.20
 483.52,  599.24,  465.16
 224.15,  351.59,  349.98
 222.94,  348.53,  474.93
 221.72,  345.48,  599.89
 224.96,  476.55,  353.04
 223.75,  473.49,  478.00
 222.53,  470.43,  602.96
 225.77,  601.51,  356.11
 224.55,  598.45,  481.06
 223.34,  595.39,  606.02
 349.14,  350.75,  351.17
 347.93,  347.69,  476.13
 346.72,  344.64,  601.08
 349.95,  475.71,  354.24
 348.74,  472.65,  479.19
 347.52,  469.60,  604.15
 350.76,  600.67,  357.30
 349.55,  597.61,  482.26
 348.33,  594.56,  607.21
 474.13,  349.91,  352.36
 472.92,  346.86,  477.32
 471.71,  343.80,  602.28
 474.94,  474.87,  355.43
 473.73,  471.82,  480.39
 472.52,  468.76,  605.34
 475.75,  599.83,  358.49
 474.54,  596.78,  483.45
 473.32,  593.72,  608.41
 224.87,  350.81,  473.34
 223.20,  347.63,  598.29
 221.53,  344.44,  723.24
 225.83,  475.76,  476.54
 224.16,  472.58,  601.48
 222.49,  469.40,  726.43
 226.79,  600.72,  479.73
 225.12,  597.54,  604.68
 223.44,  594.35,  729.63
 349.85,  349.81,  474.99
 348.18,  346.62,  599.93
 346.51,  343.44,  724.88
 350.81,  474.76,  478.18
 349.14,  471.58,  603.13
 347.47,  468.40,  728.08
 351.77,  599.72,  481.38
 350.10,  596.53,  606.33
 348.43,  593.35,  731.27
 474.84,  348.81,  476.63
 473.17,  345.62,  601.58
 471.50,  342.44,  726.53
 475.80,  473.76,  479.83
 474.13,  470.58,  604.78
 472.46,  467.39,  729.72
 476.76,  598.72,  483.02
 475.09,  595.53,  607.97
 473.41,  592.35,  732.92
 225.68,  349.68,  601.31
 226.02,  347.76,  726.29
 226.35,  345.85,  851.28
 225.75,  474.66,  603.22
 226.08,  472.75,  728.21
 226.42,  470.83,  853.19
 225.81,  599.65,  605.14
 226.15,  597.73,  730.12
 226.48,  595.82,  855.11
 350.68,  349.62,  600.97
 351.02,  347.70,  725.96
 351.35,  345.79,  850.94
 350.75,  474.60,  602.89
 351.08,  472.69,  727.87
 351.42,  470.77,  852.86
 350.81,  599.59,  604.80
 351.15,  597.67,  729.79
 351.48,  595.76,  854.77
 475.68,  349.56,  600.64
 476.02,  347.64,  725.62
 476.35,  345.73,  850.61
 475.75,  474.54,  602.55
 476.08,  472.63,  727.54
 476.42,  470.71,  852.52
 475.81,  599.53,  604.47
 476.15,  597.61,  729.45
 476.48,  595.70,  854.44
 226.23,  476.55,  101.36
 226.23,  477.77,  226.36
 226.23,  479.00,  351.35
 226.58,  601.54,  100.13
 226.58,  602.77,  225.13
 226.58,  604.00,  350.12
 226.93,  726.53,   98.91
 226.93,  727.76,  223.90
 226.93,  728.99,  348.89
 351.23,  476.20,  101.37
 351.23,  477.42,  226.36
 351.23,  478.65,  351.35
 351.58,  601.19,  100.14
 351.58,  602.42,  225.13
 351.58,  603.64,  350.13
 351.93,  726.18,   98.91
 351.93,  727.41,  223.90
 351.93,  728.64,  348.90
 476.23,  475.84,  101.37
 476.23,  477.07,  226.36
 476.23,  478.30,  351.36
 476.58,  600.84,  100.14
 476.58,  602.07,  225.14
 476.58,  603.29,  350.13
 476.93,  725.83,   98.91
 476.93,  727.06,  223.91
 476.93,  728.29,  348.90
 226.17,  476.34,  223.94
 226.04,  476.07,  348.94
 225.91,  475.81,  473.94
 225.11,  601.34,  224.21
 224.98,  601.07,  349.21
 224.85,  600.80,  474.21
 224.05,  726.33,  224.47
 223.92,  726.06,  349.47
 223.78,  725.80,  474.47
 351.17,  477.40,  224.07
 351.04,  477.14,  349.07
 350.91,  476.87,  474.07
 350.10,  602.40,  224.34
 349.97,  602.13,  349.34
 349.84,  601.86,  474.34
 349.04,  727.39,  224.61
 348.91,  727.13,  349.61
 348.78,  726.86,  474.61
 476.16,  478.47,  224.21
 476.03,  478.20,  349.21
 475.90,  477.93,  474.21
 475.10,  603.46,  224.47
 474.97,  603.19,  349.47
 474.84,  602.93,  474.47
 474.04,  728.46,  224.74
 473.91,  728.19,  349.74
 473.78,  727.92,  474.74
 226.86,  475.47,  351.72
 227.69,  471.74,  476.66
 228.52,  468.00,  601.60
 228.04,  600.41,  355.45
 228.87,  596.68,  480.39
 229.71,  592.94,  605.33
 229.22,  725.35,  359.18
 230.05,  721.62,  484.12
 230.89,  717.88,  609.06
 351.85,  474.32,  350.85
 352.68,  470.58,  475.80
 353.52,  466.85,  600.74
 353.03,  599.26,  354.58
 353.86,  595.52,  479.52
 354.70,  591.78,  604.47
 354.21,  724.20,  358.31
 355.05,  720.46,  483.25
 355.88,  716.72,  608.19
 476.84,  473.16,  349.99
 477.67,  469.43,  474.93
 478.51,  465.69,  599.87
 478.02,  598.10,  353.71
 478.86,  594.36,  478.66
 479.69,  590.63,  603.60
 479.20,  723.04,  357.44
 480.04,  719.30,  482.38
 480.87,  715.57,  607.33
 224.77,  476.14,  473.81
 222.10,  475.38,  598.78
 219.43,  474.63,  723.75
 228.42,  601.08,  474.64
 225.75,  600.33,  599.61
 223.08,  599.57,  724.58
 232.07,  726.03,  475.48
 229.39,  725.27,  600.45
 226.72,  724.51,  725.42
 349.69,  472.48,  476.46
 347.02,  471.72,  601.43
 344.35,  470.96,  726.40
 353.34,  597.42,  477.29
 350.67,  596.66,  602.26
 348.00,  595.91,  727.23
 356.98,  722.36,  478.13
 354.31,  721.61,  603.10
 351.64,  720.85,  728.06
 474.61,  468.81,  479.11
 471.94,  468.06,  604.08
 469.27,  467.30,  729.04
 478.26,  593.76,  479.94
 475.58,  593.00,  604.91
 472.91,  592.24,  729.88
 481.90,  718.70,  480.77
 479.23,  717.94,  605.74
 476.56,  717.19,  730.71
 225.50,  474.49,  598.99
 222.45,  471.08,  723.91
 219.39,  467.68,  848.82
 223.39,  599.43,  602.34
 220.34,  596.02,  727.26
 217.29,  592.62,  852.18
 221.28,  724.36,  605.70
 218.23,  720.96,  730.61
 215.18,  717.55,  855.53
 350.44,  476.51,  602.10
 347.39,  473.11,  727.01
 344.34,  469.70,  851.93
 348.34,  601.45,  605.45
 345.28,  598.04,  730.37
 342.23,  594.64,  855.28
 346.23,  726.39,  608.80
 343.18,  722.98,  733.72
 340.13,  719.58,  858.64
 475.39,  478.53,  605.20
 472.34,  475.13,  730.12
 469.28,  471.72,  855.04
 473.28,  603.47,  608.56
 470.23,  600.07,  733.47
 467.18,  596.66,  858.39
 471.17,  728.41,  611.91
 468.12,  725.00,  736.83
 465.07,  721.60,  861.74
 224.01,  599.29,  101.85
 226.33,  601.36,  226.81
 228.65,  603.43,  351.78
 221.07,  724.24,   99.84
 223.39,  726.31,  224.80
 225.71,  728.38,  349.76
 218.13,  849.19,   97.82
 220.45,  851.25,  222.78
 222.77,  853.32,  347.75
 348.95,  602.19,   99.48
 351.27,  604.26,  224.44
 353.60,  606.33,  349.41
 346.01,  727.14,   97.47
 348.33,  729.21,  222.43
 350.66,  731.28,  347.39
 343.07,  852.09,   95.45
 345.39,  854.16,  220.41
 347.72,  856.23,  345.38
 473.89,  605.09,   97.11
 476.22,  607.16,  222.07
 478.54,  609.23,  347.03
 470.95,  730.04,   95.10
 473.28,  732.11,  220.06
 475.60,  734.18,  345.02
 468.01,  854.99,   93.08
 470.34,  857.06,  218.04
 472.66,  859.13,  343.01
 224.28,  598.19,  223.28
 223.93,  596.24,  348.26
 223.58,  594.29,  473.25
 224.03,  723.17,  225.23
 223.68,  721.22,  350.21
 223.32,  719.27,  475.20
 223.78,  848.16,  227.18
 223.42,  846.21,  352.16
 223.07,  844.26,  477.14
 349.28,  598.44,  223.64
 348.93,  596.49,  348.62
 348.58,  594.54,  473.60
 349.03,  723.42,  225.58
 348.68,  721.47,  350.57
 348.32,  719.52,  475.55
 348.78,  848.40,  227.53
 348.42,  846.46,  352.52
 348.07,  844.51,  477.50
 474.28,  598.68,  223.99
 473.93,  596.73,  348.98
 473.58,  594.78,  473.96
 474.03,  723.67,  225.94
 473.68,  721.72,  350.93
 473.32,  719.77,  475.91
 473.78,  848.65,  227.89
 473.42,  846.70,  352.87
 473.07,  844.75,  477.86
 226.15,  601.89,  348.20
 222.53,  605.00,  473.11
 218.92,  608.11,  598.02
 229.44,  726.81,  345.19
 225.82,  729.92,  470.10
 222.21,  733.03,  595.00
 232.73,  851.73,  342.17
 229.11,  854.84,  467.08
 225.50,  857.95,  591.99
 351.05,  598.69,  351.90
 347.44,  601.80,  476.81
 343.82,  604.91,  601.72
 354.34,  723.61,  348.88
 350.73,  726.72,  473.79
 347.11,  729.83,  598.70
 357.63,  848.53,  345.87
 354.02,  851.64,  470.78
 350.40,  854.75,  595.68
 475.96,  595.49,  355.60
 472.34,  598.60,  480.50
 468.72,  601.71,  605.41
 479.25,  720.41,  352.58
 475.63,  723.52,  477.49
 472.02,  726.63,  602.40
 482.54,  845.33,  349.56
 478.92,  848.44,  474.47
 475.31,  851.55,  599.38
 223.93,  601.95,  474.22
 221.76,  600.82,  599.20
 219.60,  599.69,  724.18
 225.29,  726.94,  475.38
 223.13,  725.81,  600.36
 220.96,  724.68,  725.33
 226.66,  851.93,  476.54
 224.49,  850.80,  601.51
 222.33,  849.66,  726.49
 348.90,  600.57,  476.38
 346.73,  599.43,  601.35
 344.57,  598.30,  726.33
 350.27,  725.55,  477.53
 348.10,  724.42,  602.51
 345.94,  723.29,  727.49
 351.63,  850.54,  478.69
 349.47,  849.41,  603.66
 347.30,  848.28,  728.64
 473.87,  599.18,  478.53
 471.71,  598.05,  603.51
 469.54,  596.92,  728.48
 475.24,  724.17,  479.69
 473.08,  723.04,  604.66
 470.91,  721.90,  729.64
 476.61,  849.15,  480.84
 474.44,  848.02,  605.82
 472.28,  846.89,  730.79
 225.75,  599.06,  598.13
 223.23,  602.18,  723.07
 220.71,  605.29,  848.00
 224.92,  724.02,  595.00
 222.40,  727.14,  719.93
 219.88,  730.25,  844.87
 224.08,  848.98,  591.87
 221.56,  852.09,  716.80
 219.04,  855.21,  841.74
 350.73,  599.96,  600.63
 348.21,  603.08,  725.56
 345.68,  606.19,  850.50
 349.89,  724.92,  597.50
 347.37,  728.04,  722.43
 344.85,  731.15,  847.37
 349.05,  849.88,  594.37
 346.53,  852.99,  719.30
 344.01,  856.11,  844.24
 475.70,  600.86,  603.13
 473.18,  603.98,  728.06
 470.66,  607.09,  853.00
 474.86,  725.82,  600.00
 472.34,  728.93,  724.93
 469.82,  732.05,  849.87
 474.02,  850.78,  596.86
 471.50,  853.89,  721.80
 468.98,  857.01,  846.74
 351.70,   98.73,   99.17
 349.43,   99.68,  224.14
 347.16,  100.62,  349.12
 355.21,  223.68,   98.28
 352.94,  224.62,  223.26
 350.67,  225.57,  348.24
 358.72,  348.62,   97.40
 356.45,  349.57,  222.38
 354.18,  350.52,  347.35
 476.63,   95.23,  101.46
 474.36,   96.18,  226.44
 472.09,   97.13,  351.41
 480.14,  220.18,  100.58
 477.87,  221.13,  225.55
 475.60,  222.07,  350.53
 483.65,  345.13,   99.69
 481.38,  346.08,  224.67
 479.11,  347.02,  349.65
 601.56,   91.74,  103.75
 599.29,   92.68,  228.73
 597.02,   93.63,  353.71
 605.07,  216.69,  102.87
 602.80,  217.63,  227.85
 600.53,  218.58,  352.82
 608.58,  341.63,  101.99
 606.31,  342.58,  226.96
 604.04,  343.53,  351.94
 349.52,   98.96,  226.43
 346.80,   99.76,  351.40
 344.08,  100.57,  476.37
 346.40,  223.92,  225.56
 343.68,  224.72,  350.53
 340.96,  225.53,  475.49
 343.27,  348.87,  224.69
 340.55,  349.68,  349.65
 337.83,  350.48,  474.62
 474.45,  102.10,  229.13
 471.73,  102.91,  354.10
 469.01,  103.71,  479.07
 471.33,  227.06,  228.26
 468.61,  227.86,  353.23
 465.89,  228.67,  478.19
 468.20,  352.02,  227.38
 465.48,  352.82,  352.35
 462.76,  353.63,  477.32
 599.39,  105.24,  231.83
 596.67,  106.05,  356.80
 593.95,  106.85,  481.77
 596.26,  230.20,  230.96
 593.54,  231.01,  355.92
 590.82,  231.81,  480.89
 593.14,  355.16,  230.08
 590.42,  355.96,  355.05
 587.70,  356.77,  480.02
 351.19,  100.08,  348.95
 351.10,  101.51,  473.95
 351.02,  102.94,  598.94
 351.46,  225.07,  347.52
 351.38,  226.50,  472.52
 351.29,  227.93,  597.51
 351.74,  350.06,  346.09
 351.65,  351.49,  471.09
 351.56,  352.92,  596.08
 476.19,   99.81,  349.04
 476.10,  101.24,  474.04
 476.02,  102.67,  599.03
 476.46,  224.80,  347.61
 476.38,  226.23,  472.61
 476.29,  227.66,  597.60
 476.74,  349.79,  346.18
 476.65,  351.22,  471.18
 476.56,  352.65,  596.17
 601.19,   99.54,  349.13
 601.10,  100.97,  474.13
 601.02,  102.40,  599.12
 601.46,  224.53,  347.70
 601.38,  225.96,  472.70
 601.29,  227.39,  597.69
 601.74,  349.52,  346.27
 601.65,  350.95,  471.27
 601.56,  352.38,  596.26
 348.23,  100.86,  475.81
 351.17,  100.97,  600.77
 354.11,  101.08,  725.74
 351.13,  225.83,  475.63
 354.08,  225.93,  600.60
 357.02,  226.04,  725.56
 354.04,  350.79,  475.46
 356.98,  350.90,  600.42
 359.92,  351.01,  725.39
 473.16,   97.95,  472.87
 476.10,   98.06,  597.84
 479.04,   98.17,  722.80
 476.06,  222.92,  472.69
 479.01,  223.03,  597.66
 481.95,  223.13,  722.62
 478.97,  347.88,  472.52
 481.91,  347.99,  597.48
 484.85,  348.10,  722.45
 598.09,   95.04,  469.93
 601.03,   95.15,  594.90
 603.98,   95.26,  719.86
 601.00,  220.01,  469.75
 603.94,  220.12,  594.72
 606.88,  220.23,  719.69
 603.90,  344.98,  469.58
 606.84,  345.08,  594.54
 609.79,  345.19,  719.51
 349.79,   99.94,  598.15
 350.40,  103.43,  723.10
 351.01,  106.92,  848.04
 348.01,  224.88,  594.66
 348.62,  228.37,  719.61
 349.23,  231.86,  844.56
 346.23,  349.82,  591.18
 346.84,  353.31,  716.13
 347.45,  356.80,  841.08
 474.78,  101.71,  597.49
 475.39,  105.20,  722.44
 476.00,  108.69,  847.39
 473.00,  226.64,  594.00
 473.61,  230.14,  718.95
 474.22,  233.63,  843.90
 471.22,  351.58,  590.52
 471.83,  355.07,  715.47
 472.44,  358.56,  840.42
 599.77,  103.47,  596.83
 600.38,  106.96,  721.78
 600.99,  110.45,  846.73
 597.98,  228.41,  593.34
 598.59,  231.90,  718.29
 599.20,  235.39,  843.24
 596.20,  353.35,  589.86
 596.81,  356.84,  714.81
 597.42,  360.33,  839.76
 351.23,  224.98,  100.54
 351.75,  221.24,  225.48
 352.27,  217.50,  350.42
 353.10,  349.91,  104.27
 353.62,  346.17,  229.21
 354.14,  342.43,  354.16
 354.98,  474.84,  108.00
 355.50,  471.10,  232.94
 356.02,  467.36,  357.89
 476.21,  223.12,   99.96
 476.73,  219.38,  224.90
 477.25,  215.64,  349.85
 478.09,  348.05,  103.69
 478.61,  344.31,  228.64
 479.13,  340.57,  353.58
 479.96,  472.98,  107.43
 480.48,  469.24,  232.37
 481.00,  465.50,  357.31
 601.20,  221.26,   99.38
 601.72,  217.52,  224.33
 602.24,  213.78,  349.27
 603.07,  346.19,  103.12
 603.59,  342.45,  228.06
 604.11,  338.71,  353.00
 604.95,  471.12,  106.85
 605.47,  467.38,  231.79
 605.99,  463.64,  356.73
 348.89,  225.53,  225.69
 350.60,  223.99,  350.67
 352.31,  222.44,  475.65
 350.99,  350.51,  227.21
 352.70,  348.96,  352.18
 354.41,  347.42,  477.16
 353.09,  475.48,  228.72
 354.80,  473.94,  353.70
 356.51,  472.39,  478.68
 473.87,  223.45,  223.96
 475.57,  221.91,  348.93
 477.28,  220.37,  473.91
 475.97,  348.43,  225.47
 477.67,  346.88,  350.45
 479.38,  345.34,  475.43
 478.06,  473.40,  226.99
 479.77,  471.86,  351.97
 481.48,  470.31,  476.94
 598.84,  221.38,  222.22
 600.55,  219.83,  347.20
 602.25,  218.29,  472.18
 600.94,  346.35,  223.74
 602.65,  344.80,  348.72
 604.35,  343.26,  473.69
 603.04,  471.32,  225.25
 604.74,  469.78,  350.23
 606.45,  468.23,  475.21
 349.49,  223.30,  350.48
 346.37,  221.00,  475.42
 343.24,  218.70,  600.36
 351.16,  348.26,  352.82
 348.04,  345.96,  477.76
 344.91,  343.67,  602.70
 352.83,  473.23,  355.16
 349.70,  470.93,  480.10
 346.58,  468.63,  605.04
 474.44,  221.57,  353.57
 471.32,  219.27,  478.51
 468.19,  216.97,  603.45
 476.11,  346.54,  355.91
 472.99,  344.24,  480.85
 469.86,  341.94,  605.79
 477.78,  471.51,  358.25
 474.65,  469.21,  483.19
 471.53,  466.91,  608.13
 599.39,  219.85,  356.67
 596.27,  217.55,  481.61
 593.14,  215.25,  606.55
 601.06,  344.81,  359.01
 597.93,  342.52,  483.95
 594.81,  340.22,  608.89
 602.73,  469.78,  361.35
 599.60,  467.48,  486.29
 596.48,  465.18,  611.23
 349.73,  225.55,  473.35
 351.90,  227.53,  598.32
 354.08,  229.50,  723.28
 350.66,  350.53,  471.36
 352.84,  352.51,  596.33
 355.02,  354.48,  721.29
 351.60,  475.51,  469.37
 353.77,  477.49,  594.33
 355.95,  479.46,  719.30
 474.71,  224.58,  471.19
 476.88,  226.56,  596.15
 479.06,  228.53,  721.12
 475.64,  349.56,  469.20
 477.82,  351.54,  594.16
 479.99,  353.51,  719.13
 476.57,  474.55,  467.21
 478.75,  476.52,  592.17
 480.93,  478.49,  717.14
 599.68,  223.61,  469.03
 601.86,  225.59,  593.99
 604.04,  227.56,  718.96
 600.62,  348.60,  467.04
 602.79,  350.57,  592.00
 604.97,  352.54,  716.97
 601.55,  473.58,  465.05
 603.73,  475.55,  590.01
 605.91,  477.53,  714.98
 351.37,  225.39,  600.81
 352.68,  227.92,  725.78
 354.00,  230.45,  850.74
 347.69,  350.31,  598.32
 349.00,  352.84,  723.29
 350.32,  355.37,  848.25
 344.01,  475.23,  595.83
 345.33,  477.76,  720.80
 346.64,  480.29,  845.76
 476.31,  229.04,  599.42
 477.62,  231.57,  724.39
 478.94,  234.10,  849.35
 472.63,  353.97,  596.93
 473.94,  356.49,  721.90
 475.26,  359.02,  846.86
 468.95,  478.89,  594.44
 470.26,  481.42,  719.41
 471.58,  483.94,  844.38
 601.25,  232.70,  598.03
 602.56,  235.23,  723.00
 603.88,  237.75,  847.96
 597.57,  357.62,  595.54
 598.88,  360.15,  720.51
 600.20,  362.68,  845.48
 593.89,  482.54,  593.05
 595.20,  485.07,  718.02
 596.52,  487.60,  842.99
 350.83,  348.08,   99.79
 349.74,  348.53,  224.79
 348.65,  348.99,  349.78
 348.23,  473.05,   99.32
 347.14,  473.50,  224.31
 346.05,  473.96,  349.31
 345.63,  598.02,   98.84
 344.54,  598.48,  223.83
 343.45,  598.93,  348.83
 475.80,  350.68,  100.87
 474.71,  351.13,  225.87
 473.62,  351.59,  350.86
 473.20,  475.65,  100.39
 472.11,  476.11,  225.39
 471.02,  476.56,  350.38
 470.60,  600.62,   99.92
 469.51,  601.08,  224.91
 468.42,  601.53,  349.91
 600.76,  353.28,  101.95
 599.68,  353.74,  226.94
 598.59,  354.19,  351.94
 598.16,  478.25,  101.47
 597.08,  478.71,  226.47
 595.99,  479.16,  351.46
 595.57,  603.23,  100.99
 594.48,  603.68,  225.99
 593.39,  604.14,  350.98
 351.17,  351.46,  224.48
 349.32,  350.11,  349.46
 347.46,  348.76,  474.44
 354.35,  476.41,  225.88
 352.50,  475.06,  350.86
 350.65,  473.71,  475.84
 357.54,  601.36,  227.28
 355.68,  600.01,  352.26
 353.83,  598.66,  477.24
 476.12,  348.26,  226.30
 474.26,  346.90,  351.28
 472.41,  345.55,  476.26
 479.30,  473.21,  227.70
 477.45,  471.86,  352.68
 475.59,  470.50,  477.66
 482.48,  598.16,  229.10
 480.63,  596.81,  354.08
 478.78,  595.46,  479.05
 601.06,  345.05,  228.12
 599.21,  343.70,  353.10
 597.35,  342.35,  478.07
 604.25,  470.00,  229.52
 602.39,  468.65,  354.50
 600.54,  467.30,  479.47
 607.43,  594.96,  230.92
 605.58,  593.60,  355.89
 603.72,  592.25,  480.87
 351.66,  350.88,  350.30
 350.27,  354.64,  475.24
 348.89,  358.40,  600.17
 354.45,  475.80,  346.58
 353.06,  479.55,  471.51
 351.68,  483.31,  596.45
 357.24,  600.71,  342.85
 355.86,  604.47,  467.79
 354.47,  608.23,  592.72
 476.62,  348.14,  351.77
 475.24,  351.89,  476.71
 473.85,  355.65,  601.65
 479.41,  473.05,  348.05
 478.03,  476.81,  472.98
 476.64,  480.56,  597.92
 482.20,  597.96,  344.32
 480.82,  601.72,  469.26
 479.43,  605.48,  594.19
 601.59,  345.39,  353.25
 600.20,  349.15,  478.18
 598.81,  352.90,  603.12
 604.38,  470.30,  349.52
 602.99,  474.06,  474.46
 601.60,  477.82,  599.39
 607.17,  595.22,  345.79
 605.78,  598.97,  470.73
 604.39,  602.73,  595.67
 349.72,  349.08,  474.60
 350.66,  350.01,  599.59
 351.60,  350.95,  724.59
 353.02,  474.03,  473.64
 353.96,  474.96,  598.64
 354.91,  475.90,  723.63
 356.33,  598.98,  472.68
 357.27,  599.92,  597.68
 358.21,  600.85,  722.67
 474.67,  345.76,  473.68
 475.61,  346.70,  598.68
 476.55,  347.63,  723.67
 477.98,  470.72,  472.73
 478.92,  471.65,  597.72
 479.86,  472.58,  722.71
 481.28,  595.67,  471.77
 482.23,  596.60,  596.76
 483.17,  597.54,  721.75
 599.62,  342.45,  472.77
 600.56,  343.38,  597.76
 601.50,  344.32,  722.75
 602.93,  467.40,  471.81
 603.87,  468.34,  596.80
 604.81,  469.27,  721.80
 606.24,  592.35,  470.85
 607.18,  593.29,  595.85
 608.12,  594.22,  720.84
 351.55,  348.51,  600.30
 348.23,  350.27,  725.25
 344.92,  352.04,  850.19
 353.45,  473.49,  598.59
 350.14,  475.25,  723.54
 346.82,  477.01,  848.48
 355.35,  598.46,  596.88
 352.04,  600.22,  721.83
 348.72,  601.98,  846.77
 476.49,  346.66,  603.64
 473.17,  348.42,  728.59
 469.86,  350.18,  853.53
 478.39,  471.63,  601.93
 475.08,  473.39,  726.88
 471.76,  475.15,  851.82
 480.29,  596.61,  600.22
 476.98,  598.37,  725.16
 473.67,  600.13,  850.11
 601.43,  344.80,  606.98
 598.12,  346.56,  731.93
 594.80,  348.32,  856.87
 603.33,  469.78,  605.27
 600.02,  471.54,  730.22
 596.71,  473.30,  855.16
 605.23,  594.75,  603.56
 601.92,  596.51,  728.50
 598.61,  598.27,  853.45
 348.35,  475.33,   99.03
 348.76,  474.33,  224.02
 349.17,  473.32,  349.02
 345.54,  600.30,  100.04
 345.95,  599.29,  225.04
 346.36,  598.29,  350.03
 342.72,  725.26,  101.06
 343.13,  724.26,  226.05
 343.55,  723.25,  351.05
 473.32,  478.15,   98.64
 473.73,  477.14,  223.64
 474.14,  476.14,  348.63
 470.50,  603.11,   99.65
 470.92,  602.11,  224.65
 471.33,  601.10,  349.65
 467.69,  728.08,  100.67
 468.10,  727.07,  225.66
 468.51,  726.07,  350.66
 598.29,  480.97,   98.25
 598.70,  479.96,  223.25
 599.11,  478.96,  348.24
 595.47,  605.93,   99.27
 595.88,  604.93,  224.26
 596.30,  603.92,  349.26
 592.66,  730.90,  100.28
 593.07,  729.89,  225.28
 593.48,  728.88,  350.27
 348.61,  473.40,  225.56
 345.80,  472.01,  350.52
 343.00,  470.63,  475.48
 350.64,  598.37,  226.99
 347.83,  596.99,  351.95
 345.02,  595.61,  476.91
 352.66,  723.35,  228.42
 349.86,  721.96,  353.38
 347.05,  720.58,  478.34
 473.56,  471.34,  228.34
 470.76,  469.96,  353.30
 467.95,  468.57,  478.26
 475.59,  596.31,  229.77
 472.78,  594.93,  354.73
 469.98,  593.55,  479.69
 477.61,  721.29,  231.20
 474.81,  719.91,  356.16
 472.00,  718.52,  481.12
 598.51,  469.28,  231.13
 595.71,  467.90,  356.09
 592.90,  466.52,  481.05
 600.54,  594.26,  232.56
 597.73,  592.87,  357.52
 594.93,  591.49,  482.48
 602.57,  719.23,  233.98
 599.76,  717.85,  358.94
 596.95,  716.47,  483.91
 351.05,  475.38,  351.98
 351.11,  472.68,  476.95
 351.18,  469.98,  601.92
 350.77,  600.35,  354.68
 350.84,  597.65,  479.65
 350.90,  594.95,  604.62
 350.49,  725.32,  357.38
 350.56,  722.62,  482.35
 350.62,  719.93,  607.32
 476.05,  475.66,  351.92
 476.11,  472.96,  476.89
 476.18,  470.26,  601.86
 475.77,  600.63,  354.62
 475.84,  597.93,  479.59
 475.90,  595.24,  604.56
 475.49,  725.61,  357.32
 475.56,  722.91,  482.29
 475.62,  720.21,  607.26
 601.05,  475.94,  351.86
 601.11,  473.25,  476.83
 601.18,  470.55,  601.80
 600.77,  600.92,  354.56
 600.83,  598.22,  479.53
 600.90,  595.52,  604.50
 600.49,  725.89,  357.26
 600.56,  723.19,  482.23
 600.62,  720.49,  607.20
 351.23,  475.59,  476.86
 349.65,  473.08,  601.82
 348.06,  470.57,  726.79
 351.13,  600.56,  479.36
 349.54,  598.06,  604.33
 347.96,  595.55,  729.29
 351.02,  725.54,  481.87
 349.44,  723.03,  606.84
 347.86,  720.52,  731.80
 476.22,  475.66,  478.44
 474.64,  473.15,  603.40
 473.05,  470.64,  728.37
 476.12,  600.64,  480.95
 474.53,  598.13,  605.91
 472.95,  595.62,  730.88
 476.01,  725.61,  483.46
 474.43,  723.10,  608.42
 472.85,  720.59,  733.38
 601.21,  475.73,  480.02
 599.63,  473.22,  604.99
 598.04,  470.71,  729.95
 601.11,  600.71,  482.53
 599.52,  598.20,  607.50
 597.94,  595.69,  732.46
 601.00,  725.68,  485.04
 599.42,  723.17,  610.00
 597.84,  720.66,  734.97
 350.71,  473.02,  601.04
 354.10,  469.81,  725.95
 357.49,  466.61,  850.87
 351.87,  597.97,  604.21
 355.26,  594.77,  729.13
 358.65,  591.57,  854.04
 353.03,  722.93,  607.39
 356.41,  719.72,  732.30
 359.80,  716.52,  857.21
 475.66,  471.95,  597.62
 479.05,  468.75,  722.54
 482.44,  465.54,  847.45
 476.82,  596.90,  600.80
 480.21,  593.70,  725.71
 483.60,  590.50,  850.62
 477.97,  721.86,  603.97
 481.36,  718.65,  728.88
 484.75,  715.45,  853.80
 600.61,  470.88,  594.21
 604.00,  467.68,  719.12
 607.39,  464.47,  844.03
 601.77,  595.83,  597.38
 605.16,  592.63,  722.29
 608.54,  589.43,  847.20
 602.92,  720.79,  600.55
 606.31,  717.58,  725.47
 609.70,  714.38,  850.38
 349.37,  598.46,  100.20
 350.22,  598.47,  225.20
 351.07,  598.49,  350.20
 349.77,  723.46,  100.18
 350.62,  723.47,  225.18
 351.47,  723.49,  350.18
 350.17,  848.46,  100.17
 351.01,  848.47,  225.16
 351.86,  848.49,  350.16
 474.37,  598.06,   99.35
 475.21,  598.08,  224.35
 476.06,  598.09,  349.35
 474.76,  723.06,   99.34
 475.61,  723.08,  224.33
 476.46,  723.09,  349.33
 475.16,  848.06,   99.32
 476.01,  848.07,  224.32
 476.86,  848.09,  349.31
 599.36,  597.66,   98.50
 600.21,  597.68,  223.50
 601.06,  597.69,  348.50
 599.76,  722.66,   98.49
 600.61,  722.68,  223.48
 601.46,  722.69,  348.48
 600.16,  847.66,   98.47
 601.01,  847.68,  223.47
 601.86,  847.69,  348.46
 349.49,  599.47,  226.83
 348.98,  596.74,  351.80
 348.46,  594.01,  476.77
 345.89,  724.39,  229.54
 345.38,  721.66,  354.51
 344.86,  718.93,  479.48
 342.29,  849.31,  232.26
 341.78,  846.58,  357.23
 341.26,  843.85,  482.19
 474.44,  603.06,  227.42
 473.92,  600.33,  352.39
 473.41,  597.60,  477.36
 470.84,  727.98,  230.13
 470.32,  725.25,  355.10
 469.81,  722.52,  480.07
 467.24,  852.90,  232.85
 466.72,  850.17,  357.82
 466.21,  847.43,  482.79
 599.39,  606.65,  228.01
 598.87,  603.92,  352.98
 598.36,  601.18,  477.95
 595.79,  731.56,  230.73
 595.27,  728.83,  355.70
 594.76,  726.10,  480.67
 592.19,  856.48,  233.44
 591.67,  853.75,  358.41
 591.16,  851.02,  483.38
 350.32,  600.03,  349.42
 353.90,  603.10,  474.33
 357.47,  606.17,  599.24
 349.48,  724.99,  346.37
 353.06,  728.06,  471.28
 356.63,  731.13,  596.20
 348.64,  849.95,  343.33
 352.21,  853.02,  468.24
 355.79,  856.09,  593.15
 475.27,  600.79,  345.83
 478.84,  603.86,  470.74
 482.42,  606.93,  595.65
 474.43,  725.75,  342.78
 478.00,  728.82,  467.69
 481.58,  731.89,  592.60
 473.59,  850.71,  339.73
 477.16,  853.78,  464.64
 480.73,  856.85,  589.56
 600.22,  601.54,  342.23
 603.79,  604.61,  467.14
 607.36,  607.68,  592.06
 599.37,  726.50,  339.19
 602.95,  729.57,  464.10
 606.52,  732.64,  589.01
 598.53,  851.46,  336.14
 602.11,  854.53,  461.05
 605.68,  857.60,  585.96
 348.83,  601.23,  473.02
 351.36,  597.83,  597.95
 353.90,  594.43,  722.88
 350.48,  726.18,  476.39
 353.01,  722.77,  601.32
 355.54,  719.37,  726.24
 352.12,  851.12,  479.76
 354.65,  847.72,  604.68
 357.18,  844.32,  729.61
 473.80,  599.66,  470.45
 476.33,  596.26,  595.37
 478.86,  592.86,  720.30
 475.44,  724.60,  473.81
 477.97,  721.20,  598.74
 480.50,  717.80,  723.67
 477.08,  849.55,  477.18
 479.61,  846.14,  602.11
 482.15,  842.74,  727.04
 598.76,  598.08,  467.87
 601.29,  594.68,  592.80
 603.82,  591.28,  717.73
 600.40,  723.03,  471.24
 602.93,  719.63,  596.17
 605.47,  716.23,  721.09
 602.05,  847.97,  474.61
 604.58,  844.57,  599.53
 607.11,  841.17,  724.46
 350.73,  598.61,  598.59
 352.73,  601.63,  723.54
 354.73,  604.66,  848.48
 347.70,  723.53,  595.61
 349.69,  726.56,  720.56
 351.69,  729.59,  845.50
 344.66,  848.46,  592.63
 346.66,  851.49,  717.58
 348.65,  854.52,  842.53
 475.68,  601.60,  596.52
 477.68,  604.62,  721.47
 479.67,  607.65,  846.41
 472.64,  726.52,  593.54
 474.64,  729.55,  718.49
 476.64,  732.58,  843.44
 469.61,  851.45,  590.56
 471.60,  854.48,  715.51
 473.60,  857.50,  840.46
 600.63,  604.58,  594.45
 602.62,  607.61,  719.40
 604.62,  610.64,  844.35
 597.59,  729.51,  591.47
 599.59,  732.54,  716.42
 601.58,  735.57,  841.37
 594.55,  854.44,  588.50
 596.55,  857.47,  713.44
 598.55,  860.49,  838.39
 474.77,  100.22,  100.99
 474.06,  101.41,  225.98
 473.36,  102.60,  350.97
 472.19,  225.18,   99.78
 471.49,  226.38,  224.77
 470.78,  227.57,  349.77
 469.62,  350.15,   98.57
 468.92,  351.34,  223.57
 468.21,  352.54,  348.56
 599.74,  102.79,  101.67
 599.03,  103.99,  226.66
 598.33,  105.18,  351.65
 597.16,  227.76,  100.46
 596.46,  228.96,  225.45
 595.76,  230.15,  350.45
 594.59,  352.73,   99.25
 593.89,  353.92,  224.24
 593.18,  355.12,  349.24
 724.71,  105.37,  102.35
 724.00,  106.57,  227.34
 723.30,  107.76,  352.33
 722.14,  230.34,  101.14
 721.43,  231.53,  226.13
 720.73,  232.73,  351.12
 719.56,  355.31,   99.93
 718.86,  356.50,  224.92
 718.16,  357.70,  349.92
 475.96,  101.75,  226.40
 472.96,   99.95,  351.35
 469.96,   98.15,  476.30
 477.45,  226.73,  228.23
 474.45,  224.93,  353.18
 471.45,  223.13,  478.13
 478.95,  351.70,  230.07
 475.95,  349.91,  355.02
 472.95,  348.11,  479.97
 600.91,  100.21,  229.38
 597.91,   98.41,  354.33
 594.91,   96.61,  479.28
 602.41,  225.19,  231.21
 599.41,  223.39,  356.16
 596.41,  221.59,  481.11
 603.91,  350.16,  233.05
 600.91,  348.37,  358.00
 597.90,  346.57,  482.95
 725.87,   98.67,  232.35
 722.87,   96.87,  357.31
 719.87,   95.07,  482.26
 727.36,  223.65,  234.19
 724.36,  221.85,  359.14
 721.36,  220.05,  484.09
 728.86,  348.63,  236.02
 725.86,  346.83,  360.97
 722.86,  345.03,  485.93
 473.85,  101.67,  348.56
 476.03,  101.14,  473.54
 478.22,  100.60,  598.52
 472.19,  226.66,  349.12
 474.38,  226.13,  474.10
 476.56,  225.59,  599.08
 470.54,  351.65,  349.69
 472.72,  351.11,  474.67
 474.91,  350.58,  599.64
 598.82,  103.34,  346.38
 601.00,  102.80,  471.36
 603.19,  102.27,  596.34
 597.16,  228.33,  346.94
 599.35,  227.79,  471.92
 601.53,  227.26,  596.90
 595.51,  353.32,  347.51
 597.69,  352.78,  472.49
 599.88,  352.24,  597.47
 723.79,  105.01,  344.20
 725.97,  104.47,  469.18
 728.16,  103.93,  594.16
 722.13,  229.99,  344.76
 724.32,  229.46,  469.74
 726.50,  228.92,  594.72
 720.48,  354.98,  345.33
 722.66,  354.45,  470.31
 724.85,  353.91,  595.29
 475.06,   99.18,  474.35
 475.41,   96.95,  599.32
 475.77,   94.72,  724.30
 474.73,  224.16,  476.58
 475.08,  221.93,  601.56
 475.44,  219.70,  726.54
 474.40,  349.14,  478.81
 474.76,  346.91,  603.79
 475.11,  344.67,  728.77
 600.06,   99.51,  474.00
 600.41,   97.28,  598.98
 600.77,   95.05,  723.96
 599.73,  224.49,  476.23
 600.08,  222.26,  601.21
 600.44,  220.03,  726.19
 599.40,  349.47,  478.46
 599.76,  347.24,  603.44
 600.11,  345.01,  728.42
 725.06,   99.84,  473.65
 725.41,   97.61,  598.63
 725.76,   95.38,  723.61
 724.73,  224.82,  475.88
 725.08,  222.59,  600.86
 725.44,  220.36,  725.84
 724.40,  349.80,  478.11
 724.76,  347.57,  603.09
 725.11,  345.34,  728.07
 475.74,   98.21,  598.00
 474.07,   95.28,  722.95
 472.41,   92.35,  847.91
 478.83,  223.14,  600.97
 477.16,  220.21,  725.93
 475.50,  217.27,  850.88
 481.92,  348.07,  603.95
 480.25,  345.13,  728.90
 478.59,  342.20,  853.86
 600.69,   95.09,  599.59
 599.02,   92.15,  724.54
 597.36,   89.22,  849.50
 603.78,  220.01,  602.56
 602.11,  217.08,  727.52
 600.45,  214.15,  852.47
 606.87,  344.94,  605.54
 605.20,  342.01,  730.49
 603.54,  339.07,  855.45
 725.64,   91.96,  601.18
 723.97,   89.02,  726.14
 722.31,   86.09,  851.09
 728.73,  216.88,  604.15
 727.06,  213.95,  729.11
 725.40,  211.02,  854.06
 731.82,  341.81,  607.13
 730.15,  338.88,  732.08
 728.49,  335.94,  857.04
 473.79,  226.24,   99.61
 475.97,  225.98,  224.59
 478.16,  225.73,  349.57
 473.13,  351.24,   99.88
 475.31,  350.98,  224.86
 477.49,  350.73,  349.84
 472.46,  476.24,  100.15
 474.65,  475.98,  225.13
 476.83,  475.72,  350.11
 598.77,  226.91,   97.43
 600.95,  226.65,  222.41
 603.14,  226.40,  347.39
 598.11,  351.91,   97.70
 600.29,  351.65,  222.68
 602.47,  351.39,  347.66
 597.44,  476.90,   97.97
 599.62,  476.65,  222.95
 601.81,  476.39,  347.93
 723.75,  227.58,   95.25
 725.93,  227.32,  220.23
 728.12,  227.07,  345.21
 723.08,  352.58,   95.52
 725.27,  352.32,  220.50
 727.45,  352.06,  345.48
 722.42,  477.57,   95.78
 724.60,  477.32,  220.76
 726.79,  477.06,  345.75
 475.52,  223.26,  223.82
 473.53,  219.74,  348.76
 471.54,  216.21,  473.69
 477.84,  348.19,  227.38
 475.85,  344.66,  352.32
 473.86,  341.14,  477.25
 480.15,  473.12,  230.94
 478.16,  469.59,  355.88
 476.18,  466.07,  480.81
 600.48,  220.89,  225.75
 598.49,  217.36,  350.68
 596.50,  213.84,  475.61
 602.80,  345.81,  229.31
 600.81,  342.29,  354.24
 598.82,  338.77,  479.17
 605.12,  470.74,  232.87
 603.13,  467.22,  357.80
 601.14,  463.70,  482.73
 725.44,  218.51,  227.67
 723.45,  214.99,  352.60
 721.47,  211.47,  477.54
 727.76,  343.44,  231.23
 725.77,  339.92,  356.16
 723.78,  336.40,  481.10
 730.08,  468.37,  234.79
 728.09,  464.85,  359.72
 726.10,  461.32,  484.66
 474.64,  224.13,  349.10
 471.76,  223.47,  474.07
 468.88,  222.80,  599.03
 477.71,  349.09,  349.84
 474.84,  348.43,  474.80
 471.96,  347.76,  599.77
 480.79,  474.05,  350.57
 477.91,  473.39,  475.53
 475.04,  472.72,  600.50
 599.57,  221.04,  351.96
 596.69,  220.37,  476.93
 593.81,  219.71,  601.89
 602.64,  346.00,  352.70
 599.77,  345.33,  477.66
 596.89,  344.67,  602.63
 605.72,  470.96,  353.43
 602.84,  470.29,  478.39
 599.97,  469.63,  603.36
 724.49,  217.94,  354.82
 721.62,  217.28,  479.79
 718.74,  216.62,  604.75
 727.57,  342.90,  355.56
 724.70,  342.24,  480.52
 721.82,  341.58,  605.49
 730.65,  467.86,  356.29
 727.77,  467.20,  481.25
 724.90,  466.54,  606.22
 476.58,  224.27,  474.92
 478.33,  222.43,  599.90
 480.08,  220.59,  724.87
 478.90,  349.24,  476.73
 480.65,  347.40,  601.71
 482.40,  345.56,  726.68
 481.23,  474.20,  478.54
 482.98,  472.36,  603.51
 484.73,  470.52,  728.49
 601.54,  221.97,  473.14
 603.29,  220.13,  598.12
 605.04,  218.29,  723.09
 603.87,  346.93,  474.95
 605.62,  345.09,  599.92
 607.37,  343.25,  724.90
 606.20,  471.90,  476.76
 607.95,  470.06,  601.73
 609.70,  468.22,  726.70
 726.51,  219.67,  471.36
 728.26,  217.83,  596.33
 730.01,  215.99,  721.31
 728.84,  344.63,  473.17
 730.59,  342.79,  598.14
 732.34,  340.95,  723.11
 731.17,  469.60,  474.97
 732.91,  467.76,  599.95
 734.66,  465.92,  724.92
 475.49,  225.46,  598.28
 477.49,  224.66,  723.27
 479.48,  223.86,  848.25
 471.90,  350.40,  599.14
 473.89,  349.60,  724.12
 475.89,  348.81,  849.10
 468.30,  475.35,  600.00
 470.30,  474.55,  724.98
 472.29,  473.75,  849.96
 600.42,  229.07,  596.31
 602.42,  228.27,  721.29
 604.41,  227.47,  846.28
 596.83,  354.01,  597.17
 598.82,  353.21,  722.15
 600.82,  352.41,  847.13
 593.23,  478.96,  598.03
 595.23,  478.16,  723.01
 597.22,  477.36,  847.99
 725.35,  232.68,  594.34
 727.35,  231.88,  719.32
 729.35,  231.08,  844.30
 721.76,  357.62,  595.20
 723.76,  356.82,  720.18
 725.75,  356.02,  845.16
 718.17,  482.57,  596.05
 720.16,  481.77,  721.04
 722.16,  480.97,  846.02
 473.98,  348.80,   99.01
 472.27,  350.85,  223.98
 470.56,  352.91,  348.95
 474.15,  473.78,   96.96
 472.44,  475.83,  221.93
 470.73,  477.89,  346.90
 474.31,  598.76,   94.90
 472.60,  600.82,  219.87
 470.89,  602.87,  344.85
 598.97,  348.66,  100.72
 597.26,  350.71,  225.69
 595.55,  352.77,  350.66
 599.14,  473.64,   98.67
 597.42,  475.70,  223.64
 595.71,  477.75,  348.61
 599.30,  598.62,   96.62
 597.59,  600.68,  221.59
 595.88,  602.73,  346.56
 723.96,  348.52,  102.44
 722.25,  350.57,  227.41
 720.54,  352.63,  352.38
 724.12,  473.50,  100.38
 722.41,  475.56,  225.35
 720.70,  477.61,  350.33
 724.29,  598.48,   98.33
 722.58,  600.54,  223.30
 720.87,  602.59,  348.27
 476.40,  349.30,  224.22
 477.51,  349.08,  349.22
 478.61,  348.85,  474.21
 479.91,  474.25,  224.41
 481.02,  474.03,  349.41
 482.13,  473.80,  474.40
 483.43,  599.20,  224.61
 484.53,  598.98,  349.60
 485.64,  598.75,  474.60
 601.35,  345.79,  223.11
 602.45,  345.56,  348.10
 603.56,  345.34,  473.10
 604.86,  470.74,  223.30
 605.97,  470.51,  348.30
 607.07,  470.29,  473.29
 608.37,  595.69,  223.49
 609.48,  595.47,  348.49
 610.59,  595.24,  473.48
 726.29,  342.28,  222.00
 727.40,  342.05,  346.99
 728.50,  341.83,  471.99
 729.81,  467.23,  222.19
 730.91,  467.00,  347.18
 732.02,  466.78,  472.18
 733.32,  592.18,  222.38
 734.43,  591.95,  347.38
 735.53,  591.73,  472.37
 476.82,  349.03,  349.08
 475.33,  346.58,  474.05
 473.84,  344.14,  599.01
 476.64,  474.01,  351.52
 475.15,  471.56,  476.49
 473.66,  469.12,  601.46
 476.45,  598.98,  353.96
 474.96,  596.54,  478.93
 473.47,  594.09,  603.90
 601.81,  349.19,  350.57
 600.32,  346.74,  475.54
 598.83,  344.30,  600.51
 601.63,  474.16,  353.01
 600.14,  471.72,  477.98
 598.65,  469.27,  602.95
 601.44,  599.14,  355.46
 599.95,  596.69,  480.42
 598.46,  594.25,  605.39
 726.80,  349.34,  352.07
 725.31,  346.90,  477.03
 723.83,  344.45,  602.00
 726.62,  474.32,  354.51
 725.13,  471.87,  479.48
 723.64,  469.43,  604.44
 726.43,  599.29,  356.95
 724.94,  596.85,  481.92
 723.45,  594.41,  606.88
 473.71,  348.74,  473.58
 473.33,  349.92,  598.58
 472.94,  351.10,  723.57
 475.83,  473.72,  472.41
 475.44,  474.90,  597.41
 475.06,  476.07,  722.40
 477.94,  598.69,  471.24
 477.56,  599.87,  596.23
 477.17,  601.05,  721.23
 598.69,  346.63,  473.99
 598.31,  347.81,  598.98
 597.92,  348.99,  723.98
 600.81,  471.61,  472.82
 600.42,  472.79,  597.81
 600.04,  473.96,  722.80
 602.92,  596.58,  471.64
 602.54,  597.76,  596.64
 602.15,  598.94,  721.63
 723.67,  344.52,  474.39
 723.29,  345.70,  599.39
 722.91,  346.88,  724.38
 725.79,  469.50,  473.22
 725.40,  470.67,  598.21
 725.02,  471.85,  723.21
 727.90,  594.47,  472.05
 727.52,  595.65,  597.04
 727.13,  596.83,  722.04
 476.35,  350.17,  601.19
 474.13,  349.32,  726.17
 471.91,  348.48,  851.14
 474.64,  475.15,  602.00
 472.42,  474.31,  726.98
 470.20,  473.47,  851.96
 472.93,  600.14,  602.81
 470.71,  599.29,  727.79
 468.48,  598.45,  852.77
 601.32,  351.86,  603.42
 599.10,  351.02,  728.40
 596.88,  350.18,  853.38
 599.61,  476.85,  604.23
 597.39,  476.01,  729.21
 595.17,  475.16,  854.19
 597.90,  601.83,  605.05
 595.67,  600.99,  730.02
 593.45,  600.15,  855.00
 726.29,  353.56,  605.65
 724.07,  352.72,  730.63
 721.85,  351.87,  855.61
 724.58,  478.54,  606.47
 722.35,  477.70,  731.44
 720.13,  476.86,  856.42
 722.86,  603.53,  607.28
 720.64,  602.69,  732.26
 718.42,  601.85,  857.23
 474.92,  475.63,   98.69
 474.31,  474.18,  223.68
 473.70,  472.74,  348.67
 478.62,  600.56,  100.15
 478.01,  599.12,  225.14
 477.40,  597.67,  350.13
 482.32,  725.50,  101.61
 481.71,  724.06,  226.60
 481.10,  722.61,  351.59
 599.87,  471.92,   99.25
 599.26,  470.48,  224.24
 598.65,  469.03,  349.23
 603.56,  596.86,  100.72
 602.96,  595.41,  225.71
 602.35,  593.97,  350.70
 607.26,  721.80,  102.18
 606.65,  720.35,  227.17
 606.04,  718.91,  352.16
 724.81,  468.22,   99.82
 724.20,  466.77,  224.81
 723.59,  465.33,  349.80
 728.51,  593.15,  101.28
 727.90,  591.71,  226.27
 727.29,  590.26,  351.26
 732.21,  718.09,  102.74
 731.60,  716.65,  227.73
 730.99,  715.20,  352.72
 473.78,  473.80,  223.01
 473.24,  471.38,  347.98
 472.71,  468.96,  472.96
 476.59,  598.74,  225.43
 476.05,  596.32,  350.41
 475.51,  593.91,  475.38
 479.40,  723.69,  227.86
 478.86,  721.27,  352.84
 478.32,  718.85,  477.81
 598.75,  470.98,  223.49
 598.21,  468.56,  348.47
 597.67,  466.15,  473.44
 601.56,  595.92,  225.92
 601.02,  593.51,  350.89
 600.48,  591.09,  475.87
 604.36,  720.87,  228.35
 603.82,  718.45,  353.32
 603.29,  716.04,  478.30
 723.72,  468.16,  223.97
 723.18,  465.75,  348.95
 722.64,  463.33,  473.93
 726.52,  593.11,  226.40
 725.99,  590.69,  351.38
 725.45,  588.28,  476.35
 729.33,  718.05,  228.83
 728.79,  715.64,  353.81
 728.25,  713.22,  478.78
 474.61,  474.51,  348.58
 476.35,  475.08,  473.57
 478.10,  475.65,  598.55
 478.32,  599.46,  347.96
 480.06,  600.03,  472.94
 481.80,  600.60,  597.93
 482.02,  724.40,  347.34
 483.77,  724.97,  472.32
 485.51,  725.54,  597.31
 599.54,  470.80,  346.85
 601.29,  471.37,  471.84
 603.03,  471.94,  596.83
 603.25,  595.74,  346.23
 604.99,  596.31,  471.22
 606.74,  596.88,  596.21
 606.96,  720.69,  345.61
 608.70,  721.26,  470.60
 610.44,  721.83,  595.58
 724.48,  467.08,  345.13
 726.22,  467.65,  470.11
 727.96,  468.23,  595.10
 728.18,  592.03,  344.51
 729.93,  592.60,  469.49
 731.67,  593.17,  594.48
 731.89,  716.97,  343.88
 733.63,  717.54,  468.87
 735.38,  718.11,  593.86
 476.81,  475.43,  476.42
 474.38,  478.30,  601.36
 471.95,  481.18,  726.30
 475.88,  600.39,  473.52
 473.45,  603.26,  598.47
 471.02,  606.14,  723.41
 474.94,  725.35,  470.63
 472.52,  728.23,  595.57
 470.09,  731.10,  720.52
 601.78,  476.41,  478.82
 599.35,  479.29,  603.77
 596.93,  482.16,  728.71
 600.85,  601.38,  475.93
 598.42,  604.25,  600.87
 595.99,  607.13,  725.82
 599.92,  726.34,  473.04
 597.49,  729.22,  597.98
 595.06,  732.09,  722.92
 726.75,  477.40,  481.23
 724.33,  480.28,  606.17
 721.90,  483.15,  731.12
 725.82,  602.37,  478.34
 723.39,  605.24,  603.28
 720.97,  608.11,  728.22
 724.89,  727.33,  475.44
 722.46,  730.20,  600.39
 720.03,  733.08,  725.33
 475.00,  473.10,  600.75
 471.54,  471.75,  725.69
 468.07,  470.39,  850.64
 476.78,  598.08,  602.15
 473.31,  596.73,  727.10
 469.85,  595.37,  852.04
 478.56,  723.06,  603.56
 475.09,  721.71,  728.50
 471.62,  720.35,  853.45
 599.94,  471.29,  604.20
 596.48,  469.93,  729.14
 593.01,  468.58,  854.09
 601.72,  596.27,  605.60
 598.25,  594.91,  730.55
 594.79,  593.56,  855.49
 603.50,  721.24,  607.01
 600.03,  719.89,  731.95
 596.56,  718.54,  856.90
 724.88,  469.47,  607.64
 721.41,  468.12,  732.59
 717.95,  466.76,  857.53
 726.66,  594.45,  609.05
 723.19,  593.10,  733.99
 719.73,  591.74,  858.94
 728.44,  719.43,  610.45
 724.97,  718.07,  735.40
 721.50,  716.72,  860.34
 475.12,  599.62,  100.60
 475.20,  598.57,  225.60
 475.28,  597.52,  350.59
 473.93,  724.61,  101.65
 474.01,  723.56,  226.65
 474.09,  722.51,  351.64
 472.73,  849.60,  102.70
 472.81,  848.55,  227.70
 472.89,  847.50,  352.69
 600.12,  600.82,  100.53
 600.20,  599.77,  225.52
 600.28,  598.72,  350.52
 598.92,  725.81,  101.58
 599.00,  724.76,  226.58
 599.08,  723.71,  351.57
 597.73,  850.80,  102.63
 597.81,  849.75,  227.63
 597.89,  848.70,  352.62
 725.11,  602.01,  100.46
 725.19,  600.96,  225.45
 725.27,  599.91,  350.45
 723.91,  727.00,  101.51
 724.00,  725.95,  226.50
 724.08,  724.90,  351.50
 722.72,  851.99,  102.56
 722.80,  850.94,  227.55
 722.88,  849.89,  352.55
 476.76,  598.58,  226.20
 474.12,  599.80,  351.17
 471.49,  601.01,  476.13
 478.04,  723.57,  225.01
 475.40,  724.78,  349.98
 472.77,  726.00,  474.94
 479.32,  848.55,  223.82
 476.68,  849.77,  348.78
 474.05,  850.99,  473.75
 601.73,  597.32,  228.85
 599.09,  598.54,  353.81
 596.45,  599.76,  478.78
 603.01,  722.31,  227.66
 600.37,  723.53,  352.62
 597.73,  724.75,  477.59
 604.29,  847.30,  226.47
 601.65,  848.52,  351.43
 599.01,  849.73,  476.40
 726.69,  596.07,  231.50
 724.06,  597.29,  356.46
 721.42,  598.50,  481.43
 727.97,  721.06,  230.31
 725.34,  722.27,  355.27
 722.70,  723.49,  480.24
 729.25,  846.04,  229.12
 726.62,  847.26,  354.08
 723.98,  848.48,  479.05
 476.35,  601.98,  350.90
 478.50,  599.27,  475.85
 480.66,  596.56,  600.80
 473.02,  726.91,  353.66
 475.18,  724.20,  478.61
 477.33,  721.49,  603.56
 469.69,  851.83,  356.42
 471.85,  849.12,  481.38
 474.00,  846.42,  606.33
 601.28,  605.35,  348.81
 603.44,  602.65,  473.77
 605.60,  599.94,  598.72
 597.96,  730.28,  351.58
 600.11,  727.57,  476.53
 602.27,  724.86,  601.48
 594.63,  855.20,  354.34
 596.79,  852.50,  479.29
 598.94,  849.79,  604.25
 726.22,  608.73,  346.73
 728.38,  606.02,  471.68
 730.53,  603.31,  596.64
 722.89,  733.65,  349.50
 725.05,  730.95,  474.45
 727.21,  728.24,  599.40
 719.57,  858.58,  352.26
 721.72,  855.87,  477.21
 723.88,  853.16,  602.17
 475.87,  598.67,  474.17
 472.92,  600.21,  599.12
 469.96,  601.75,  724.08
 477.03,  723.66,  472.65
 474.07,  725.20,  597.61
 471.12,  726.74,  722.56
 478.18,  848.64,  471.14
 475.23,  850.18,  596.10
 472.27,  851.72,  721.05
 600.83,  597.55,  477.13
 597.88,  599.09,  602.09
 594.92,  600.63,  727.05
 601.99,  722.54,  475.62
 599.03,  724.08,  600.58
 596.08,  725.62,  725.53
 603.14,  847.53,  474.11
 600.19,  849.07,  599.06
 597.23,  850.61,  724.02
 725.79,  596.44,  480.10
 722.84,  597.98,  605.06
 719.88,  599.52,  730.01
 726.95,  721.42,  478.59
 723.99,  722.96,  603.55
 721.04,  724.50,  728.50
 728.10,  846.41,  477.08
 725.15,  847.95,  602.03
 722.19,  849.49,  726.99
 475.26,  600.58,  599.20
 474.56,  597.45,  724.16
 473.86,  594.33,  849.12
 477.25,  725.52,  602.34
 476.55,  722.40,  727.30
 475.85,  719.27,  852.26
 479.24,  850.47,  605.48
 478.54,  847.34,  730.44
 477.83,  844.21,  855.40
 600.25,  598.57,  599.86
 599.54,  595.45,  724.82
 598.84,  592.32,  849.77
 602.23,  723.52,  602.99
 601.53,  720.39,  727.95
 600.83,  717.27,  852.91
 604.22,  848.46,  606.13
 603.52,  845.34,  731.09
 602.82,  842.21,  856.05
 725.23,  596.57,  600.51
 724.53,  593.44,  725.47
 723.82,  590.32,  850.43
 727.22,  721.51,  603.65
 726.51,  718.39,  728.61
 725.81,  715.26,  853.56
 729.20,  846.46,  606.78
 728.50,  843.33,  731.74
 727.80,  840.21,  856.70
 598.59,  101.46,  101.72
 598.99,  100.15,  226.71
 599.39,   98.83,  351.70
 601.29,  226.42,  103.02
 601.69,  225.11,  228.01
 602.09,  223.80,  353.01
 603.99,  351.39,  104.33
 604.39,  350.08,  229.32
 604.79,  348.76,  354.31
 723.56,   98.77,  101.29
 723.96,   97.45,  226.28
 724.36,   96.14,  351.27
 726.26,  223.73,  102.59
 726.66,  222.42,  227.59
 727.06,  221.10,  352.58
 728.96,  348.69,  103.90
 729.36,  347.38,  228.89
 729.76,  346.07,  353.88
 848.53,   96.07,  100.86
 848.93,   94.76,  225.85
 849.33,   93.45,  350.85
 851.23,  221.04,  102.16
 851.63,  219.72,  227.16
 852.03,  218.41,  352.15
 853.93,  346.00,  103.47
 854.33,  344.69,  228.46
 854.73,  343.38,  353.45
 600.88,  100.19,  224.33
 604.57,   99.78,  349.27
 608.27,   99.38,  474.22
 599.65,  225.18,  224.77
 603.34,  224.78,  349.72
 607.04,  224.37,  474.66
 598.42,  350.18,  225.22
 602.11,  349.77,  350.16
 605.81,  349.36,  475.10
 725.82,  101.43,  220.64
 729.51,  101.03,  345.58
 733.21,  100.62,  470.53
 724.59,  226.43,  221.08
 728.28,  226.02,  346.03
 731.98,  225.61,  470.97
 723.36,  351.42,  221.52
 727.05,  351.01,  346.47
 730.75,  350.61,  471.41
 850.76,  102.68,  216.95
 854.45,  102.27,  341.89
 858.15,  101.86,  466.84
 849.53,  227.67,  217.39
 853.22,  227.26,  342.34
 856.92,  226.86,  467.28
 848.30,  352.66,  217.83
 851.99,  352.26,  342.78
 855.69,  351.85,  467.72
 601.34,   99.39,  348.41
 603.09,   98.21,  473.39
 604.84,   97.03,  598.37
 601.47,  224.39,  349.59
 603.22,  223.20,  474.57
 604.97,  222.02,  599.55
 601.60,  349.38,  350.77
 603.35,  348.20,  475.75
 605.10,  347.01,  600.74
 726.33,   99.28,  346.66
 728.08,   98.09,  471.64
 729.83,   96.91,  596.62
 726.46,  224.27,  347.84
 728.21,  223.09,  472.82
 729.96,  221.91,  597.80
 726.59,  349.27,  349.02
 728.34,  348.08,  474.00
 730.09,  346.90,  598.99
 851.31,   99.16,  344.91
 853.06,   97.98,  469.89
 854.81,   96.80,  594.87
 851.44,  224.16,  346.09
 853.19,  222.98,  471.07
 854.94,  221.79,  596.05
 851.57,  349.15,  347.27
 853.32,  347.97,  472.25
 855.07,  346.79,  597.23
 598.28,   99.91,  473.65
 595.56,  100.70,  598.62
 592.83,  101.50,  723.59
 600.33,  224.89,  472.90
 597.60,  225.69,  597.87
 594.87,  226.48,  722.84
 602.37,  349.87,  472.16
 599.64,  350.67,  597.13
 596.92,  351.46,  722.09
 723.24,   97.89,  476.39
 720.51,   98.68,  601.36
 717.78,   99.47,  726.33
 725.28,  222.87,  475.64
 722.55,  223.66,  600.61
 719.83,  224.45,  725.58
 727.32,  347.85,  474.90
 724.60,  348.64,  599.86
 721.87,  349.43,  724.83
 848.19,   95.86,  479.13
 845.46,   96.65,  604.10
 842.74,   97.44,  729.07
 850.23,  220.84,  478.38
 847.51,  221.63,  603.35
 844.78,  222.42,  728.32
 852.28,  345.82,  477.64
 849.55,  346.61,  602.60
 846.82,  347.40,  727.57
 598.39,  100.68,  598.17
 599.84,   97.32,  723.11
 601.28,   93.97,  848.06
 600.03,  225.62,  601.50
 601.47,  222.27,  726.45
 602.92,  218.92,  851.39
 601.67,  350.57,  604.84
 603.11,  347.21,  729.78
 604.55,  343.86,  854.73
 723.38,   99.08,  596.68
 724.82,   95.73,  721.62
 726.26,   92.37,  846.57
 725.01,  224.03,  600.01
 726.46,  220.67,  724.96
 727.90,  217.32,  849.91
 726.65,  348.97,  603.35
 728.09,  345.62,  728.30
 729.53,  342.26,  853.24
 848.36,   97.49,  595.19
 849.80,   94.13,  720.14
 851.24,   90.78,  845.08
 849.99,  222.43,  598.53
 851.44,  219.08,  723.47
 852.88,  215.72,  848.42
 851.63,  347.37,  601.86
 853.07,  344.02,  726.81
 854.52,  340.67,  851.76
 600.69,  224.42,   98.42
 602.03,  225.29,  223.41
 603.37,  226.16,  348.40
 599.20,  349.41,   97.56
 600.54,  350.28,  222.55
 601.88,  351.15,  347.54
 597.71,  474.40,   96.71
 599.05,  475.27,  221.70
 600.39,  476.14,  346.69
 725.67,  225.90,   97.06
 727.01,  226.77,  222.05
 728.35,  227.64,  347.04
 724.18,  350.89,   96.21
 725.52,  351.76,  221.20
 726.87,  352.63,  346.19
 722.70,  475.88,   95.36
 724.04,  476.75,  220.35
 725.38,  477.61,  345.34
 850.65,  227.38,   95.71
 852.00,  228.25,  220.70
 853.34,  229.12,  345.69
 849.17,  352.37,   94.86
 850.51,  353.24,  219.85
 851.85,  354.10,  344.84
 847.68,  477.36,   94.01
 849.02,  478.22,  219.00
 850.36,  479.09,  343.99
 599.92,  223.14,  225.05
 597.10,  222.58,  350.02
 594.27,  222.03,  474.98
 600.42,  348.14,  225.62
 597.59,  347.58,  350.58
 594.76,  347.03,  475.55
 600.91,  473.14,  226.18
 598.08,  472.58,  351.15
 595.25,  472.03,  476.12
 724.89,  222.64,  227.87
 722.06,  222.08,  352.84
 719.24,  221.53,  477.81
 725.38,  347.63,  228.44
 722.56,  347.08,  353.41
 719.73,  346.52,  478.38
 725.87,  472.63,  229.01
 723.05,  472.08,  353.97
 720.22,  471.52,  478.94
 849.86,  222.13,  230.70
 847.03,  221.58,  355.67
 844.20,  221.02,  480.63
 850.35,  347.13,  231.27
 847.52,  346.58,  356.23
 844.69,  346.02,  481.20
 850.84,  472.13,  231.83
 848.01,  471.57,  356.80
 845.19,  471.02,  481.77
 600.04,  223.77,  348.41
 600.05,  226.04,  473.39
 600.07,  228.32,  598.37
 601.11,  348.74,  346.14
 601.13,  351.02,  471.12
 601.14,  353.29,  596.10
 602.18,  473.72,  343.86
 602.20,  475.99,  468.84
 602.21,  478.27,  593.82
 725.03,  222.70,  348.42
 725.05,  224.97,  473.40
 725.06,  227.25,  598.38
 726.11,  347.67,  346.14
 726.12,  349.95,  471.12
 726.13,  352.22,  596.10
 727.18,  472.65,  343.87
 727.19,  474.92,  468.85
 727.21,  477.20,  593.83
 850.03,  221.62,  348.43
 850.04,  223.90,  473.40
 850.06,  226.18,  598.38
 851.10,  346.60,  346.15
 851.12,  348.87,  471.13
 851.13,  351.15,  596.11
 852.17,  471.57,  343.87
 852.19,  473.85,  468.85
 852.20,  476.12,  593.83
 599.97,  224.22,  473.17
 599.31,  222.34,  598.16
 598.65,  220.47,  723.14
 603.33,  349.16,  475.07
 602.67,  347.29,  600.05
 602.01,  345.41,  725.04
 606.69,  474.10,  476.97
 606.03,  472.23,  601.95
 605.37,  470.35,  726.93
 724.93,  220.86,  473.78
 724.27,  218.98,  598.77
 723.61,  217.10,  723.75
 728.28,  345.80,  475.68
 727.62,  343.92,  600.66
 726.96,  342.04,  725.65
 731.64,  470.74,  477.57
 730.98,  468.86,  602.56
 730.32,  466.98,  727.54
 849.88,  217.49,  474.39
 849.22,  215.61,  599.37
 848.56,  213.73,  724.36
 853.24,  342.43,  476.29
 852.58,  340.55,  601.27
 851.92,  338.67,  726.25
 856.59,  467.37,  478.18
 855.93,  465.49,  603.17
 855.27,  463.61,  728.15
 600.88,  224.18,  599.03
 601.92,  226.77,  724.00
 602.96,  229.37,  848.97
 601.97,  349.14,  596.43
 603.01,  351.74,  721.39
 604.05,  354.34,  846.36
 603.07,  474.11,  593.82
 604.11,  476.71,  718.79
 605.15,  479.30,  843.76
 725.87,  223.06,  598.01
 726.91,  225.66,  722.98
 727.95,  228.25,  847.95
 726.96,  348.03,  595.41
 728.00,  350.62,  720.38
 729.04,  353.22,  845.35
 728.06,  473.00,  592.80
 729.10,  475.59,  717.77
 730.14,  478.19,  842.74
 850.86,  221.94,  596.99
 851.90,  224.54,  721.96
 852.94,  227.14,  846.93
 851.95,  346.91,  594.39
 852.99,  349.51,  719.36
 854.04,  352.10,  844.33
 853.05,  471.88,  591.78
 854.09,  474.48,  716.75
 855.13,  477.07,  841.72
 598.81,  350.27,   99.10
 600.11,  350.88,  224.09
 601.41,  351.49,  349.08
 595.66,  475.23,   98.52
 596.97,  475.84,  223.51
 598.27,  476.45,  348.50
 592.52,  600.19,   97.94
 593.82,  600.80,  222.93
 595.12,  601.41,  347.93
 723.76,  353.41,   97.78
 725.06,  354.02,  222.77
 726.37,  354.63,  347.77
 720.62,  478.37,   97.20
 721.92,  478.98,  222.19
 723.22,  479.59,  347.19
 717.47,  603.33,   96.62
 718.77,  603.94,  221.62
 720.08,  604.55,  346.61
 848.72,  356.55,   96.46
 850.02,  357.16,  221.46
 851.32,  357.77,  346.45
 845.57,  481.51,   95.88
 846.87,  482.12,  220.88
 848.18,  482.73,  345.87
 842.42,  606.47,   95.31
 843.73,  607.08,  220.30
 845.03,  607.69,  345.29
 598.97,  349.47,  226.03
 602.51,  348.65,  350.98
 606.06,  347.83,  475.92
 598.57,  474.47,  226.86
 602.12,  473.65,  351.81
 605.66,  472.82,  476.76
 598.18,  599.47,  227.70
 601.72,  598.64,  352.65
 605.26,  597.82,  477.59
 723.92,  349.89,  222.49
 727.46,  349.07,  347.44
 731.01,  348.25,  472.38
 723.52,  474.89,  223.32
 727.07,  474.07,  348.27
 730.61,  473.24,  473.22
 723.12,  599.89,  224.16
 726.67,  599.06,  349.11
 730.21,  598.24,  474.05
 848.87,  350.32,  218.95
 852.41,  349.49,  343.89
 855.96,  348.67,  468.84
 848.47,  475.31,  219.78
 852.01,  474.49,  344.73
 855.56,  473.67,  469.68
 848.07,  600.31,  220.62
 851.62,  599.49,  345.56
 855.16,  598.66,  470.51
 598.16,  351.40,  348.32
 595.53,  347.73,  473.24
 592.89,  344.06,  598.16
 601.58,  476.29,  352.06
 598.95,  472.63,  476.98
 596.31,  468.96,  601.90
 605.01,  601.19,  355.80
 602.37,  597.52,  480.72
 599.74,  593.85,  605.64
 723.09,  347.90,  350.85
 720.45,  344.23,  475.77
 717.82,  340.56,  600.69
 726.51,  472.80,  354.59
 723.87,  469.13,  479.51
 721.24,  465.46,  604.43
 729.93,  597.69,  358.34
 727.30,  594.02,  483.25
 724.66,  590.35,  608.17
 848.01,  344.40,  353.39
 845.38,  340.73,  478.30
 842.74,  337.06,  603.22
 851.43,  469.30,  357.13
 848.80,  465.63,  482.05
 846.16,  461.96,  606.96
 854.86,  594.19,  360.87
 852.22,  590.53,  485.79
 849.59,  586.86,  610.70
 600.55,  349.23,  473.25
 603.60,  345.83,  598.16
 606.66,  342.42,  723.08
 600.90,  474.18,  476.64
 603.96,  470.78,  601.56
 607.02,  467.38,  726.47
 601.26,  599.14,  480.03
 604.32,  595.73,  604.95
 607.37,  592.33,  729.87
 725.51,  348.96,  470.18
 728.57,  345.56,  595.09
 731.63,  342.15,  720.01
 725.86,  473.91,  473.57
 728.92,  470.51,  598.49
 731.98,  467.11,  723.41
 726.22,  598.86,  476.97
 729.28,  595.46,  601.88
 732.34,  592.06,  726.80
 850.47,  348.69,  467.11
 853.53,  345.28,  592.03
 856.59,  341.88,  716.94
 850.83,  473.64,  470.51
 853.88,  470.24,  595.42
 856.94,  466.83,  720.34
 851.18,  598.59,  473.90
 854.24,  595.19,  598.82
 857.30,  591.79,  723.73
 601.50,  351.48,  601.76
 603.81,  348.00,  726.69
 606.12,  344.52,  851.62
 598.64,  476.40,  605.29
 600.96,  472.92,  730.22
 603.27,  469.44,  855.15
 595.79,  601.32,  608.83
 598.10,  597.83,  733.76
 600.41,  594.35,  858.69
 726.44,  354.40,  599.53
 728.75,  350.92,  724.46
 731.07,  347.43,  849.39
 723.59,  479.31,  603.06
 725.90,  475.83,  727.99
 728.21,  472.35,  852.92
 720.74,  604.23,  606.60
 723.05,  600.75,  731.53
 725.36,  597.27,  856.46
 851.39,  357.31,  597.30
 853.70,  353.83,  722.23
 856.01,  350.35,  847.16
 848.54,  482.23,  600.83
 850.85,  478.75,  725.76
 853.16,  475.27,  850.69
 845.68,  607.15,  604.37
 848.00,  603.67,  729.30
 850.31,  600.19,  854.23
 600.52,  474.35,   98.52
 599.52,  473.64,  223.52
 598.53,  472.92,  348.51
 601.28,  599.35,   99.24
 600.28,  598.63,  224.24
 599.29,  597.92,  349.23
 602.04,  724.34,   99.96
 601.04,  723.63,  224.96
 600.05,  722.92,  349.95
 725.51,  473.59,   99.51
 724.52,  472.87,  224.51
 723.52,  472.16,  349.50
 726.27,  598.58,  100.23
 725.28,  597.87,  225.23
 724.28,  597.16,  350.22
 727.03,  723.58,  100.95
 726.04,  722.86,  225.95
 725.04,  722.15,  350.94
 850.51,  472.82,  100.50
 849.51,  472.11,  225.50
 848.52,  471.39,  350.49
 851.26,  597.82,  101.22
 850.27,  597.10,  226.22
 849.28,  596.39,  351.21
 852.02,  722.81,  101.94
 851.03,  722.10,  226.94
 850.03,  721.39,  351.93
 598.71,  475.27,  223.87
 598.76,  473.45,  348.86
 598.81,  471.64,  473.85
 602.38,  600.20,  225.69
 602.43,  598.39,  350.67
 602.48,  596.57,  475.66
 606.05,  725.13,  227.50
 606.10,  723.32,  352.48
 606.15,  721.51,  477.47
 723.65,  471.60,  223.77
 723.70,  469.79,  348.76
 723.75,  467.97,  473.74
 727.32,  596.53,  225.58
 727.37,  594.72,  350.57
 727.42,  592.90,  475.56
 730.99,  721.47,  227.39
 731.04,  719.65,  352.38
 731.09,  717.84,  477.37
 848.60,  467.93,  223.67
 848.65,  466.12,  348.65
 848.70,  464.30,  473.64
 852.27,  592.86,  225.48
 852.32,  591.05,  350.47
 852.37,  589.24,  475.45
 855.94,  717.80,  227.29
 855.99,  715.98,  352.28
 856.04,  714.17,  477.26
 600.95,  475.67,  350.44
 604.37,  475.47,  475.39
 607.78,  475.27,  600.34
 604.25,  600.62,  350.54
 607.67,  600.43,  475.50
 611.09,  600.23,  600.45
 607.56,  725.58,  350.65
 610.98,  725.38,  475.60
 614.40,  725.18,  600.56
 725.86,  472.36,  347.01
 729.27,  472.17,  471.97
 732.69,  471.97,  596.92
 729.16,  597.32,  347.12
 732.58,  597.12,  472.07
 736.00,  596.92,  597.03
 732.47,  722.28,  347.23
 735.89,  722.08,  472.18
 739.31,  721.88,  597.13
 850.77,  469.06,  343.59
 854.18,  468.86,  468.54
 857.60,  468.67,  593.50
 854.07,  594.02,  343.70
 857.49,  593.82,  468.65
 860.91,  593.62,  593.61
 857.38,  718.97,  343.81
 860.80,  718.78,  468.76
 864.22,  718.58,  593.71
 601.31,  476.60,  474.56
 600.70,  473.39,  599.52
 600.08,  470.18,  724.48
 601.14,  601.55,  477.77
 600.53,  598.35,  602.73
 599.92,  595.14,  727.68
 600.97,  726.51,  480.97
 600.36,  723.31,  605.93
 599.75,  720.10,  730.89
 726.31,  476.75,  475.18
 725.69,  473.54,  600.14
 725.08,  470.33,  725.09
 726.14,  601.71,  478.39
 725.53,  598.50,  603.34
 724.91,  595.29,  728.30
 725.97,  726.66,  481.59
 725.36,  723.46,  606.55
 724.75,  720.25,  731.51
 851.31,  476.90,  475.80
 850.69,  473.69,  600.75
 850.08,  470.49,  725.71
 851.14,  601.86,  479.00
 850.53,  598.65,  603.96
 849.91,  595.44,  728.92
 850.97,  726.82,  482.21
 850.36,  723.61,  607.16
 849.75,  720.40,  732.12
 600.89,  475.39,  600.20
 601.22,  476.50,  725.20
 601.55,  477.60,  850.19
 601.41,  600.38,  599.09
 601.74,  601.49,  724.09
 602.07,  602.60,  849.08
 601.92,  725.38,  597.98
 602.25,  726.48,  722.98
 602.58,  727.59,  847.97
 725.89,  474.87,  599.88
 726.22,  475.98,  724.87
 726.55,  477.09,  849.87
 726.41,  599.86,  598.77
 726.74,  600.97,  723.76
 727.07,  602.08,  848.76
 726.92,  724.86,  597.66
 727.25,  725.97,  722.65
 727.58,  727.07,  847.65
 850.89,  474.35,  599.55
 851.22,  475.46,  724.55
 851.55,  476.57,  849.54
 851.41,  599.35,  598.44
 851.74,  600.45,  723.44
 852.07,  601.56,  848.43
 851.92,  724.34,  597.33
 852.25,  725.45,  722.33
 852.58,  726.56,  847.32
 600.77,  601.45,  100.93
 598.31,  601.70,  225.91
 595.84,  601.95,  350.88
 598.48,  726.43,  100.64
 596.01,  726.68,  225.62
 593.54,  726.93,  350.59
 596.18,  851.41,  100.35
 593.72,  851.66,  225.32
 591.25,  851.91,  350.30
 725.73,  603.75,  103.39
 723.26,  604.00,  228.37
 720.79,  604.25,  353.35
 723.43,  728.73,  103.10
 720.97,  728.98,  228.08
 718.50,  729.23,  353.05
 721.14,  853.71,  102.81
 718.67,  853.96,  227.78
 716.21,  854.21,  352.76
 850.68,  606.05,  105.86
 848.21,  606.30,  230.83
 845.75,  606.55,  355.81
 848.39,  731.03,  105.56
 845.92,  731.28,  230.54
 843.45,  731.53,  355.51
 846.09,  856.01,  105.27
 843.63,  856.26,  230.25
 841.16,  856.51,  355.22
 599.22,  600.39,  224.60
 595.86,  602.09,  349.54
 592.50,  603.79,  474.48
 598.33,  725.37,  222.87
 594.97,  727.07,  347.82
 591.61,  728.77,  472.76
 597.44,  850.36,  221.15
 594.08,  852.06,  346.09
 590.72,  853.76,  471.04
 724.17,  601.32,  227.94
 720.81,  603.02,  352.89
 717.45,  604.72,  477.83
 723.28,  726.31,  226.22
 719.92,  728.01,  351.16
 716.56,  729.71,  476.11
 722.39,  851.29,  224.50
 719.03,  852.99,  349.44
 715.68,  854.69,  474.38
 849.12,  602.25,  231.29
 845.76,  603.95,  356.23
 842.40,  605.65,  481.18
 848.23,  727.24,  229.57
 844.87,  728.94,  354.51
 841.51,  730.64,  479.45
 847.35,  852.22,  227.84
 843.99,  853.92,  352.79
 840.63,  855.62,  477.73
 601.17,  600.57,  348.59
 600.71,  598.27,  473.56
 600.24,  595.96,  598.54
 599.75,  725.54,  350.89
 599.29,  723.24,  475.86
 598.82,  720.93,  600.84
 598.33,  850.51,  353.19
 597.87,  848.21,  478.16
 597.40,  845.90,  603.14
 726.16,  601.98,  349.08
 725.70,  599.68,  474.05
 725.23,  597.37,  599.03
 724.74,  726.96,  351.38
 724.28,  724.65,  476.35
 723.81,  722.34,  601.33
 723.32,  851.93,  353.68
 722.86,  849.62,  478.66
 722.39,  847.31,  603.63
 851.15,  603.40,  349.57
 850.69,  601.09,  474.55
 850.22,  598.78,  599.52
 849.73,  728.37,  351.87
 849.27,  726.06,  476.85
 848.80,  723.76,  601.82
 848.31,  853.34,  354.17
 847.85,  851.03,  479.15
 847.38,  848.73,  604.12
 601.14,  601.72,  474.03
 598.61,  604.19,  598.98
 596.08,  606.67,  723.93
 601.71,  726.70,  471.57
 599.18,  729.17,  596.52
 596.65,  731.64,  721.47
 602.28,  851.67,  469.10
 599.75,  854.14,  594.05
 597.21,  856.62,  719.00
 726.12,  601.20,  476.57
 723.58,  603.68,  601.52
 721.05,  606.15,  726.47
 726.68,  726.18,  474.11
 724.15,  728.65,  599.06
 721.62,  731.12,  724.01
 727.25,  851.15,  471.65
 724.72,  853.62,  596.60
 722.19,  856.10,  721.55
 851.09,  600.69,  479.11
 848.56,  603.16,  604.06
 846.02,  605.63,  729.01
 851.66,  725.66,  476.65
 849.12,  728.13,  601.60
 846.59,  730.61,  726.55
 852.23,  850.63,  474.19
 849.69,  853.11,  599.14
 847.16,  855.58,  724.09
 601.29,  600.64,  601.44
 602.34,  601.67,  726.43
 603.39,  602.70,  851.42
 601.34,  725.64,  600.41
 602.39,  726.66,  725.40
 603.44,  727.69,  850.40
 601.39,  850.63,  599.38
 602.44,  851.66,  724.38
 603.49,  852.69,  849.37
 726.28,  600.58,  600.39
 727.33,  601.61,  725.38
 728.38,  602.63,  850.37
 726.34,  725.57,  599.36
 727.39,  726.60,  724.35
 728.44,  727.63,  849.35
 726.39,  850.57,  598.33
 727.44,  851.60,  723.33
 728.49,  852.63,  848.32
 851.28,  600.52,  599.34
 852.33,  601.54,  724.33
 853.38,  602.57,  849.33
 851.33,  725.51,  598.31
 852.38,  726.54,  723.31
 853.43,  727.57,  848.30
 851.39,  850.51,  597.29
 852.43,  851.54,  722.28
 853.48,  852.56,  847.27