27, 125, pa2-unknown-i-output1.txt
 208.94,  211.53,  208.06
 397.71,  409.68,  198.73
 101.86,  100.03,   98.05
  99.04,  102.55,  222.99
  96.22,  105.07,  347.93
 105.33,  224.96,   95.60
 102.51,  227.48,  220.55
  99.69,  230.00,  345.49
 108.79,  349.89,   93.16
 105.97,  352.41,  218.10
 103.15,  354.93,  343.05
 226.78,   96.62,  100.94
 223.96,   99.14,  225.88
 221.14,  101.66,  350.82
 230.25,  221.55,   98.49
 227.43,  224.07,  223.44
 224.61,  226.59,  348.38
 233.71,  346.47,   96.05
 230.89,  349.00,  220.99
 228.07,  351.52,  345.94
 351.70,   93.21,  103.82
 348.88,   95.73,  228.77
 346.06,   98.25,  353.71
 355.17,  218.14,  101.38
 352.35,  220.66,  226.32
 349.53,  223.18,  351.27
 358.63,  343.06,   98.94
 355.81,  345.59,  223.88
 352.99,  348.11,  348.82
  98.83,  101.63,  226.87
  97.50,  101.11,  351.86
  96.16,  100.58,  476.85
  97.23,  226.62,  227.37
  95.89,  226.10,  352.37
  94.56,  225.57,  477.36
  95.63,  351.61,  227.88
  94.29,  351.08,  352.87
  92.95,  350.56,  477.86
 223.82,  103.23,  228.21
 222.48,  102.70,  353.20
 221.14,  102.18,  478.20
 222.21,  228.22,  228.72
 220.88,  227.69,  353.71
 219.54,  227.17,  478.70
 220.61,  353.20,  229.23
 219.27,  352.68,  354.22
 217.94,  352.16,  479.21
 348.80,  104.82,  229.56
 347.46,  104.30,  354.55
 346.12,  103.78,  479.54
 347.20,  229.81,  230.06
 345.86,  229.29,  355.05
 344.52,  228.76,  480.05
 345.59,  354.80,  230.57
 344.26,  354.28,  355.56
 342.92,  353.75,  480.55
  98.58,  101.75,  351.74
  99.57,  100.39,  476.73
 100.56,   99.03,  601.72
 102.23,  226.69,  353.07
 103.22,  225.33,  478.06
 104.21,  223.97,  603.05
 105.88,  351.63,  354.40
 106.87,  350.27,  479.39
 107.86,  348.91,  604.38
 223.53,   98.11,  350.71
 224.52,   96.75,  475.70
 225.51,   95.39,  600.69
 227.17,  223.05,  352.04
 228.16,  221.69,  477.03
 229.16,  220.33,  602.02
 230.82,  347.99,  353.37
 231.81,  346.63,  478.36
 232.80,  345.27,  603.35
 348.47,   94.47,  349.68
 349.46,   93.11,  474.67
 350.45,   91.76,  599.66
 352.12,  219.41,  351.01
 353.11,  218.05,  476.00
 354.10,  216.70,  600.99
 355.77,  344.35,  352.34
 356.76,  342.99,  477.33
 357.75,  341.64,  602.32
 100.60,   99.81,  474.72
  97.80,   97.95,  599.68
  95.00,   96.10,  724.63
  96.86,  224.74,  476.50
  94.06,  222.89,  601.45
  91.26,  221.03,  726.40
  93.12,  349.67,  478.27
  90.32,  347.82,  603.22
  87.52,  345.96,  728.18
 225.51,  103.51,  477.58
 222.71,  101.65,  602.53
 219.91,   99.80,  727.49
 221.77,  228.44,  479.35
 218.97,  226.58,  604.30
 216.17,  224.73,  729.26
 218.03,  353.37,  481.12
 215.23,  351.52,  606.08
 212.43,  349.66,  731.03
 350.42,  107.21,  480.43
 347.62,  105.35,  605.38
 344.82,  103.50,  730.34
 346.68,  232.14,  482.20
 343.88,  230.28,  607.16
 341.08,  228.43,  732.11
 342.94,  357.07,  483.98
 340.14,  355.22,  608.93
 337.34,  353.36,  733.89
  99.69,  101.18,  600.47
  97.46,  101.14,  725.45
  95.23,  101.10,  850.43
  95.97,  226.12,  600.44
  93.74,  226.09,  725.42
  91.51,  226.05,  850.40
  92.24,  351.07,  600.41
  90.01,  351.03,  725.39
  87.78,  350.99,  850.37
 224.62,  104.90,  602.70
 222.39,  104.87,  727.68
 220.16,  104.83,  852.66
 220.89,  229.85,  602.67
 218.66,  229.81,  727.65
 216.43,  229.77,  852.63
 217.17,  354.79,  602.65
 214.94,  354.76,  727.63
 212.71,  354.72,  852.61
 349.54,  108.63,  604.93
 347.31,  108.59,  729.91
 345.08,  108.55,  854.89
 345.82,  233.57,  604.90
 343.59,  233.53,  729.88
 341.36,  233.50,  854.86
 342.09,  358.52,  604.88
 339.86,  358.48,  729.86
 337.63,  358.44,  854.84
  99.46,  223.46,   99.51
  97.18,  225.20,  224.48
  94.91,  226.93,  349.45
 103.21,  348.39,   97.84
 100.93,  350.13,  222.81
  98.66,  351.87,  347.78
 106.96,  473.32,   96.17
 104.69,  475.06,  221.14
 102.41,  476.80,  346.11
 224.38,  219.74,  101.84
 222.10,  221.47,  226.80
 219.83,  223.21,  351.77
 228.13,  344.67,  100.17
 225.86,  346.41,  225.14
 223.58,  348.14,  350.10
 231.88,  469.60,   98.50
 229.61,  471.34,  223.47
 227.34,  473.08,  348.43
 349.30,  216.02,  104.16
 347.03,  217.75,  229.13
 344.75,  219.49,  354.10
 353.05,  340.95,  102.49
 350.78,  342.69,  227.46
 348.51,  344.42,  352.43
 356.81,  465.88,  100.82
 354.53,  467.62,  225.79
 352.26,  469.36,  350.76
 101.60,  226.46,  224.68
 103.92,  223.19,  349.62
 106.23,  219.93,  474.56
 101.04,  351.41,  227.96
 103.35,  348.15,  352.90
 105.67,  344.88,  477.83
 100.47,  476.37,  231.24
 102.79,  473.10,  356.17
 105.10,  469.84,  481.11
 226.58,  227.08,  222.39
 228.89,  223.82,  347.32
 231.21,  220.55,  472.26
 226.02,  352.04,  225.66
 228.33,  348.77,  350.60
 230.64,  345.51,  475.53
 225.45,  476.99,  228.94
 227.77,  473.73,  353.87
 230.08,  470.46,  478.81
 351.56,  227.70,  220.09
 353.87,  224.44,  345.02
 356.18,  221.18,  469.96
 350.99,  352.66,  223.36
 353.31,  349.40,  348.30
 355.62,  346.13,  473.23
 350.43,  477.62,  226.64
 352.74,  474.35,  351.57
 355.06,  471.09,  476.51
  99.92,  225.07,  349.59
  98.03,  226.10,  474.57
  96.13,  227.13,  599.55
 101.40,  350.05,  348.58
  99.50,  351.09,  473.56
  97.61,  352.12,  598.54
 102.87,  475.04,  347.57
 100.98,  476.07,  472.55
  99.08,  477.11,  597.53
 224.90,  223.61,  351.50
 223.01,  224.64,  476.48
 221.11,  225.67,  601.46
 226.38,  348.59,  350.49
 224.48,  349.63,  475.47
 222.58,  350.66,  600.45
 227.85,  473.58,  349.48
 225.96,  474.61,  474.46
 224.06,  475.65,  599.44
 349.88,  222.15,  353.41
 347.98,  223.18,  478.39
 346.09,  224.21,  603.37
 351.35,  347.13,  352.40
 349.46,  348.17,  477.38
 347.56,  349.20,  602.36
 352.83,  472.12,  351.38
 350.93,  473.16,  476.37
 349.04,  474.19,  601.35
 100.91,  226.72,  475.07
 104.42,  228.66,  600.00
 107.94,  230.61,  724.94
  99.52,  351.70,  473.16
 103.04,  353.64,  598.10
 106.55,  355.58,  723.04
  98.14,  476.68,  471.26
 101.65,  478.62,  596.20
 105.17,  480.56,  721.13
 225.85,  228.05,  471.53
 229.36,  229.99,  596.47
 232.88,  231.94,  721.40
 224.47,  353.03,  469.63
 227.98,  354.97,  594.56
 231.50,  356.91,  719.50
 223.08,  478.01,  467.72
 226.60,  479.95,  592.66
 230.11,  481.89,  717.60
 350.79,  229.38,  467.99
 354.31,  231.32,  592.93
 357.82,  233.27,  717.87
 349.41,  354.36,  466.09
 352.92,  356.30,  591.03
 356.44,  358.24,  715.96
 348.02,  479.34,  464.19
 351.54,  481.28,  589.12
 355.06,  483.22,  714.06
  99.26,  225.37,  601.30
 100.49,  227.36,  726.28
 101.73,  229.36,  851.26
  97.58,  350.34,  599.32
  98.81,  352.33,  724.30
 100.05,  354.33,  849.28
  95.89,  475.31,  597.35
  97.13,  477.31,  722.32
  98.37,  479.30,  847.30
 224.24,  227.03,  600.04
 225.48,  229.02,  725.01
 226.72,  231.02,  849.99
 222.56,  352.00,  598.06
 223.80,  354.00,  723.04
 225.03,  355.99,  848.02
 220.88,  476.97,  596.08
 222.11,  478.97,  721.06
 223.35,  480.96,  846.04
 349.22,  228.69,  598.77
 350.46,  230.69,  723.75
 351.70,  232.68,  848.73
 347.54,  353.66,  596.80
 348.78,  355.66,  721.77
 350.02,  357.65,  846.75
 345.86,  478.64,  594.82
 347.10,  480.63,  719.80
 348.33,  482.63,  844.77
  98.97,  348.68,   99.14
 101.06,  351.18,  224.09
 103.16,  353.67,  349.05
  98.77,  473.66,   96.64
 100.86,  476.15,  221.60
 102.95,  478.65,  346.56
  98.56,  598.63,   94.15
 100.65,  601.13,  219.11
 102.74,  603.62,  344.07
 223.95,  348.85,   97.04
 226.05,  351.34,  222.00
 228.14,  353.84,  346.96
 223.75,  473.82,   94.55
 225.84,  476.32,  219.51
 227.93,  478.81,  344.46
 223.54,  598.80,   92.06
 225.63,  601.29,  217.01
 227.73,  603.79,  341.97
 348.94,  349.01,   94.95
 351.03,  351.51,  219.90
 353.12,  354.00,  344.86
 348.73,  473.99,   92.45
 350.82,  476.48,  217.41
 352.91,  478.98,  342.37
 348.52,  598.96,   89.96
 350.62,  601.46,  214.92
 352.71,  603.95,  339.88
  98.61,  349.53,  226.81
  97.34,  346.94,  351.77
  96.08,  344.36,  476.74
 100.39,  474.49,  229.41
  99.12,  471.90,  354.37
  97.86,  469.32,  479.34
 102.17,  599.45,  232.01
 100.91,  596.86,  356.98
  99.64,  594.28,  481.94
 223.59,  347.72,  228.04
 222.32,  345.14,  353.00
 221.06,  342.55,  477.97
 225.37,  472.68,  230.64
 224.11,  470.10,  355.60
 222.84,  467.51,  480.57
 227.15,  597.64,  233.24
 225.89,  595.06,  358.21
 224.62,  592.47,  483.17
 348.57,  345.91,  229.27
 347.31,  343.33,  354.23
 346.04,  340.74,  479.20
 350.35,  470.87,  231.87
 349.09,  468.29,  356.83
 347.82,  465.70,  481.80
 352.13,  595.83,  234.47
 350.87,  593.25,  359.44
 349.60,  590.66,  484.40
 101.57,  351.54,  348.73
 101.49,  354.13,  473.70
 101.41,  356.72,  598.67
 100.14,  476.50,  346.13
 100.06,  479.09,  471.11
  99.99,  481.69,  596.08
  98.72,  601.47,  343.54
  98.64,  604.06,  468.51
  98.56,  606.65,  593.49
 226.56,  352.96,  348.78
 226.48,  355.56,  473.75
 226.40,  358.15,  598.72
 225.13,  477.93,  346.18
 225.06,  480.52,  471.16
 224.98,  483.11,  596.13
 223.71,  602.89,  343.59
 223.63,  605.49,  468.56
 223.55,  608.08,  593.54
 351.55,  354.39,  348.83
 351.47,  356.98,  473.80
 351.40,  359.58,  598.77
 350.13,  479.36,  346.23
 350.05,  481.95,  471.21
 349.97,  484.54,  596.18
 348.70,  604.32,  343.64
 348.62,  606.91,  468.61
 348.54,  609.51,  593.59
 101.06,  350.60,  475.39
  97.43,  350.85,  600.34
  93.80,  351.11,  725.29
 102.39,  475.59,  475.18
  98.75,  475.85,  600.13
  95.12,  476.10,  725.07
 103.71,  600.59,  474.96
 100.08,  600.84,  599.91
  96.45,  601.09,  724.86
 226.00,  349.28,  479.03
 222.37,  349.54,  603.98
 218.74,  349.79,  728.92
 227.33,  474.27,  478.81
 223.69,  474.53,  603.76
 220.06,  474.78,  728.71
 228.65,  599.27,  478.60
 225.02,  599.52,  603.54
 221.39,  599.78,  728.49
 350.94,  347.96,  482.66
 347.31,  348.22,  607.61
 343.68,  348.47,  732.56
 352.27,  472.96,  482.45
 348.63,  473.21,  607.39
 345.00,  473.47,  732.34
 353.59,  597.95,  482.23
 349.96,  598.20,  607.18
 346.33,  598.46,  732.12
  98.75,  351.60,  598.98
  98.60,  351.87,  723.97
  98.44,  352.14,  848.97
  97.54,  476.59,  598.70
  97.39,  476.87,  723.70
  97.23,  477.14,  848.70
  96.33,  601.59,  598.43
  96.18,  601.86,  723.43
  96.02,  602.13,  848.43
 223.75,  352.81,  599.13
 223.59,  353.08,  724.13
 223.44,  353.35,  849.13
 222.54,  477.80,  598.85
 222.38,  478.08,  723.85
 222.23,  478.35,  848.85
 221.33,  602.80,  598.58
 221.17,  603.07,  723.58
 221.02,  603.34,  848.58
 348.74,  354.02,  599.28
 348.59,  354.29,  724.28
 348.43,  354.56,  849.28
 347.53,  479.01,  599.01
 347.38,  479.29,  724.01
 347.22,  479.56,  849.01
 346.32,  604.01,  598.73
 346.17,  604.28,  723.73
 346.01,  604.55,  848.73
 101.97,  473.27,  100.69
  99.69,  476.13,  225.63
  97.40,  479.00,  350.58
 100.94,  598.23,   97.80
  98.66,  601.10,  222.74
  96.38,  603.96,  347.69
  99.91,  723.19,   94.91
  97.63,  726.06,  219.86
  95.35,  728.93,  344.80
 226.94,  474.35,  102.94
 224.66,  477.21,  227.89
 222.38,  480.08,  352.84
 225.92,  599.31,  100.06
 223.63,  602.18,  225.00
 221.35,  605.04,  349.95
 224.89,  724.27,   97.17
 222.60,  727.14,  222.12
 220.32,  730.01,  347.06
 351.92,  475.43,  105.20
 349.64,  478.29,  230.15
 347.35,  481.16,  355.09
 350.89,  600.39,  102.31
 348.61,  603.26,  227.26
 346.33,  606.12,  352.21
 349.86,  725.35,   99.43
 347.58,  728.22,  224.37
 345.30,  731.09,  349.32
  99.76,  474.06,  225.31
 101.53,  475.59,  350.29
 103.30,  477.12,  475.27
 102.49,  599.02,  223.74
 104.26,  600.55,  348.72
 106.03,  602.08,  473.70
 105.22,  723.98,  222.18
 106.99,  725.51,  347.16
 108.76,  727.04,  472.13
 224.72,  471.31,  223.58
 226.49,  472.84,  348.55
 228.26,  474.36,  473.53
 227.45,  596.27,  222.01
 229.22,  597.80,  346.99
 230.99,  599.32,  471.97
 230.18,  721.23,  220.44
 231.95,  722.76,  345.42
 233.72,  724.28,  470.40
 349.68,  468.56,  221.84
 351.45,  470.08,  346.82
 353.21,  471.61,  471.80
 352.41,  593.52,  220.28
 354.18,  595.04,  345.25
 355.94,  596.57,  470.23
 355.14,  718.48,  218.71
 356.91,  720.00,  343.69
 358.67,  721.53,  468.67
 100.70,  474.54,  351.83
 103.72,  471.33,  476.75
 106.73,  468.12,  601.67
 104.05,  599.45,  354.95
 107.07,  596.25,  479.88
 110.08,  593.04,  604.80
 107.40,  724.37,  358.08
 110.41,  721.16,  483.00
 113.43,  717.96,  607.92
 225.62,  471.27,  348.73
 228.64,  468.06,  473.65
 231.65,  464.85,  598.57
 228.97,  596.18,  351.85
 231.98,  592.98,  476.78
 235.00,  589.77,  601.70
 232.32,  721.10,  354.98
 235.33,  717.89,  479.90
 238.35,  714.69,  604.82
 350.54,  468.00,  345.63
 353.56,  464.79,  470.55
 356.57,  461.59,  595.47
 353.89,  592.91,  348.75
 356.90,  589.71,  473.68
 359.92,  586.50,  598.60
 357.23,  717.83,  351.88
 360.25,  714.62,  476.80
 363.27,  711.42,  601.72
 100.39,  475.78,  475.70
 103.49,  474.39,  600.66
 106.60,  473.00,  725.61
 101.77,  600.77,  477.06
 104.88,  599.38,  602.01
 107.98,  597.98,  726.97
 103.15,  725.75,  478.42
 106.26,  724.36,  603.37
 109.36,  722.97,  728.33
 225.34,  474.44,  472.58
 228.45,  473.04,  597.54
 231.55,  471.65,  722.49
 226.72,  599.42,  473.94
 229.83,  598.03,  598.89
 232.94,  596.64,  723.85
 228.11,  724.41,  475.30
 231.21,  723.01,  600.25
 234.32,  721.62,  725.21
 350.30,  473.09,  469.46
 353.40,  471.70,  594.41
 356.51,  470.30,  719.37
 351.68,  598.07,  470.82
 354.78,  596.68,  595.77
 357.89,  595.29,  720.73
 353.06,  723.06,  472.18
 356.17,  721.67,  597.13
 359.27,  720.27,  722.08
  98.61,  474.39,  599.45
 101.48,  473.62,  724.42
 104.35,  472.84,  849.38
 100.68,  599.37,  600.18
 103.55,  598.60,  725.14
 106.42,  597.82,  850.11
 102.75,  724.35,  600.91
 105.62,  723.58,  725.87
 108.49,  722.80,  850.84
 223.56,  472.34,  596.57
 226.43,  471.56,  721.54
 229.30,  470.79,  846.50
 225.63,  597.32,  597.30
 228.50,  596.54,  722.26
 231.37,  595.77,  847.23
 227.70,  722.30,  598.02
 230.57,  721.52,  722.99
 233.44,  720.75,  847.95
 348.51,  470.28,  593.69
 351.38,  469.51,  718.65
 354.25,  468.73,  843.62
 350.58,  595.26,  594.41
 353.45,  594.49,  719.38
 356.32,  593.72,  844.34
 352.65,  720.24,  595.14
 355.52,  719.47,  720.10
 358.39,  718.70,  845.07
  98.74,  599.44,   99.79
 100.20,  596.90,  224.76
 101.65,  594.36,  349.72
  95.03,  724.36,  102.38
  96.49,  721.82,  227.34
  97.95,  719.27,  352.31
  91.33,  849.28,  104.96
  92.79,  846.74,  229.93
  94.24,  844.19,  354.89
 223.68,  603.18,   98.41
 225.13,  600.63,  223.38
 226.59,  598.09,  348.34
 219.97,  728.09,  101.00
 221.43,  725.55,  225.96
 222.89,  723.01,  350.93
 216.26,  853.01,  103.58
 217.72,  850.47,  228.55
 219.18,  847.93,  353.51
 348.61,  606.91,   97.03
 350.07,  604.37,  222.00
 351.53,  601.83,  346.96
 344.91,  731.83,   99.62
 346.36,  729.29,  224.58
 347.82,  726.74,  349.55
 341.20,  856.75,  102.20
 342.66,  854.21,  227.17
 344.12,  851.66,  352.13
 101.82,  599.61,  224.35
 104.86,  598.35,  349.31
 107.90,  597.10,  474.27
  98.59,  724.56,  225.68
 101.63,  723.31,  350.64
 104.68,  722.05,  475.60
  95.37,  849.51,  227.01
  98.41,  848.26,  351.97
 101.45,  847.01,  476.93
 226.74,  602.86,  221.35
 229.78,  601.61,  346.30
 232.82,  600.36,  471.26
 223.51,  727.81,  222.68
 226.55,  726.56,  347.63
 229.60,  725.31,  472.59
 220.29,  852.76,  224.01
 223.33,  851.51,  348.96
 226.37,  850.26,  473.92
 351.66,  606.12,  218.34
 354.70,  604.87,  343.29
 357.74,  603.62,  468.25
 348.43,  731.07,  219.67
 351.48,  729.82,  344.62
 354.52,  728.57,  469.58
 345.21,  856.02,  221.00
 348.25,  854.77,  345.95
 351.29,  853.52,  470.91
 100.40,  600.59,  348.56
  97.07,  600.01,  473.52
  93.75,  599.43,  598.47
  99.15,  725.58,  349.11
  95.82,  725.00,  474.06
  92.50,  724.42,  599.02
  97.90,  850.57,  349.65
  94.58,  849.99,  474.61
  91.25,  849.41,  599.56
 225.34,  601.82,  351.89
 222.02,  601.24,  476.85
 218.70,  600.66,  601.80
 224.10,  726.81,  352.44
 220.77,  726.23,  477.39
 217.45,  725.65,  602.35
 222.85,  851.80,  352.98
 219.53,  851.23,  477.94
 216.20,  850.65,  602.89
 350.29,  603.05,  355.22
 346.97,  602.47,  480.17
 343.65,  601.89,  605.13
 349.05,  728.04,  355.76
 345.72,  727.47,  480.72
 342.40,  726.89,  605.67
 347.80,  853.04,  356.31
 344.48,  852.46,  481.27
 341.15,  851.88,  606.22
 100.69,  600.67,  476.53
 102.25,  603.12,  601.49
 103.81,  605.56,  726.46
 100.88,  725.65,  474.08
 102.44,  728.09,  599.05
 104.00,  730.54,  724.01
 101.07,  850.62,  471.63
 102.63,  853.07,  596.60
 104.19,  855.51,  721.56
 225.68,  600.45,  474.97
 227.24,  602.90,  599.94
 228.80,  605.34,  724.90
 225.87,  725.43,  472.52
 227.43,  727.87,  597.49
 228.99,  730.32,  722.46
 226.06,  850.40,  470.07
 227.62,  852.85,  595.04
 229.18,  855.29,  720.01
 350.67,  600.23,  473.41
 352.23,  602.68,  598.38
 353.79,  605.12,  723.35
 350.86,  725.21,  470.97
 352.42,  727.65,  595.93
 353.98,  730.10,  720.90
 351.05,  850.18,  468.52
 352.61,  852.63,  593.48
 354.17,  855.07,  718.45
  98.45,  601.76,  599.34
 100.07,  602.02,  724.33
 101.68,  602.28,  849.32
  96.93,  726.75,  599.10
  98.54,  727.01,  724.09
 100.15,  727.27,  849.08
  95.41,  851.74,  598.85
  97.02,  852.00,  723.84
  98.63,  852.26,  848.83
 223.43,  603.28,  597.73
 225.05,  603.54,  722.72
 226.66,  603.80,  847.70
 221.91,  728.27,  597.48
 223.52,  728.53,  722.47
 225.14,  728.79,  847.46
 220.39,  853.26,  597.24
 222.00,  853.52,  722.23
 223.61,  853.78,  847.22
 348.42,  604.80,  596.11
 350.03,  605.06,  721.10
 351.64,  605.32,  846.09
 346.89,  729.79,  595.87
 348.50,  730.05,  720.86
 350.12,  730.31,  845.85
 345.37,  854.78,  595.62
 346.98,  855.04,  720.61
 348.59,  855.31,  845.60
 224.82,  100.82,   99.99
 222.03,   99.24,  224.95
 219.23,   97.65,  349.91
 226.35,  225.80,  101.61
 223.56,  224.22,  226.57
 220.76,  222.63,  351.53
 227.88,  350.78,  103.24
 225.08,  349.20,  228.19
 222.29,  347.61,  353.15
 349.78,   99.26,  102.76
 346.99,   97.67,  227.72
 344.19,   96.08,  352.68
 351.31,  224.24,  104.39
 348.52,  222.65,  229.35
 345.72,  221.06,  354.30
 352.84,  349.22,  106.01
 350.04,  347.63,  230.97
 347.25,  346.04,  355.93
 474.74,   97.69,  105.54
 471.95,   96.11,  230.50
 469.15,   94.52,  355.45
 476.27,  222.67,  107.16
 473.47,  221.09,  232.12
 470.68,  219.50,  357.08
 477.80,  347.65,  108.78
 475.00,  346.07,  233.74
 472.21,  344.48,  358.70
 225.94,   99.64,  225.91
 226.04,  101.67,  350.89
 226.15,  103.71,  475.88
 226.86,  224.62,  223.87
 226.96,  226.65,  348.86
 227.07,  228.69,  473.84
 227.78,  349.60,  221.84
 227.88,  351.63,  346.82
 227.99,  353.67,  471.81
 350.94,   98.72,  225.82
 351.04,  100.75,  350.80
 351.14,  102.78,  475.79
 351.86,  223.70,  223.79
 351.96,  225.73,  348.77
 352.06,  227.76,  473.75
 352.78,  348.68,  221.75
 352.88,  350.71,  346.73
 352.98,  352.74,  471.72
 475.93,   97.79,  225.73
 476.04,   99.83,  350.72
 476.14,  101.86,  475.70
 476.85,  222.77,  223.70
 476.96,  224.81,  348.68
 477.06,  226.84,  473.66
 477.77,  347.75,  221.66
 477.88,  349.79,  346.65
 477.98,  351.82,  471.63
 224.68,   99.18,  351.53
 222.02,  101.16,  476.48
 219.37,  103.13,  601.44
 228.09,  224.12,  349.62
 225.43,  226.10,  474.58
 222.78,  228.07,  599.54
 231.49,  349.06,  347.72
 228.84,  351.03,  472.68
 226.18,  353.01,  597.63
 349.61,   95.81,  354.24
 346.95,   97.79,  479.19
 344.29,   99.77,  604.15
 353.01,  220.75,  352.33
 350.36,  222.73,  477.29
 347.70,  224.71,  602.24
 356.42,  345.69,  350.43
 353.76,  347.67,  475.38
 351.11,  349.65,  600.34
 474.53,   92.45,  356.94
 471.87,   94.43,  481.90
 469.22,   96.40,  606.86
 477.94,  217.39,  355.04
 475.28,  219.36,  480.00
 472.63,  221.34,  604.95
 481.34,  342.33,  353.14
 478.69,  344.30,  478.09
 476.03,  346.28,  603.05
 226.60,  100.28,  476.23
 225.15,  104.02,  601.16
 223.70,  107.76,  726.10
 228.79,  225.21,  472.51
 227.34,  228.95,  597.45
 225.90,  232.69,  722.38
 230.99,  350.14,  468.80
 229.54,  353.88,  593.74
 228.09,  357.61,  718.67
 351.57,   98.14,  477.74
 350.12,  101.88,  602.68
 348.68,  105.61,  727.61
 353.77,  223.06,  474.03
 352.32,  226.80,  598.96
 350.87,  230.54,  723.90
 355.96,  347.99,  470.31
 354.51,  351.73,  595.25
 353.06,  355.47,  720.18
 476.55,   95.99,  479.25
 475.10,   99.73,  604.19
 473.65,  103.47,  729.13
 478.74,  220.91,  475.54
 477.29,  224.65,  600.48
 475.84,  228.39,  725.41
 480.93,  345.84,  471.83
 479.48,  349.58,  596.76
 478.03,  353.32,  721.70
 226.94,   98.38,  599.55
 227.30,   96.24,  724.53
 227.67,   94.11,  849.51
 225.32,  223.35,  601.69
 225.68,  221.21,  726.67
 226.04,  219.08,  851.65
 223.69,  348.32,  603.83
 224.06,  346.18,  728.81
 224.42,  344.05,  853.79
 351.93,  100.01,  599.22
 352.29,   97.87,  724.20
 352.65,   95.74,  849.18
 350.31,  224.98,  601.35
 350.67,  222.84,  726.34
 351.03,  220.71,  851.32
 348.68,  349.95,  603.49
 349.04,  347.82,  728.47
 349.41,  345.68,  853.45
 476.92,  101.64,  598.88
 477.28,   99.50,  723.86
 477.64,   97.37,  848.85
 475.30,  226.61,  601.02
 475.66,  224.47,  726.00
 476.02,  222.34,  850.98
 473.67,  351.58,  603.16
 474.03,  349.45,  728.14
 474.39,  347.31,  853.12
 224.66,  224.92,   98.68
 221.88,  224.23,  223.65
 219.11,  223.55,  348.61
 227.90,  349.87,   99.44
 225.12,  349.19,  224.41
 222.35,  348.50,  349.37
 231.14,  474.83,  100.20
 228.36,  474.14,  225.16
 225.59,  473.46,  350.13
 349.59,  221.66,  101.44
 346.81,  220.98,  226.40
 344.04,  220.29,  351.37
 352.83,  346.62,  102.20
 350.05,  345.93,  227.16
 347.27,  345.25,  352.13
 356.06,  471.58,  102.95
 353.29,  470.89,  227.92
 350.51,  470.20,  352.89
 474.51,  218.41,  104.19
 471.74,  217.72,  229.16
 468.96,  217.04,  354.13
 477.75,  343.37,  104.95
 474.98,  342.68,  229.92
 472.20,  341.99,  354.89
 480.99,  468.32,  105.71
 478.22,  467.63,  230.68
 475.44,  466.95,  355.65
 224.76,  224.35,  226.76
 222.64,  224.45,  351.74
 220.51,  224.56,  476.72
 226.37,  349.34,  226.68
 224.24,  349.44,  351.66
 222.12,  349.55,  476.64
 227.97,  474.33,  226.60
 225.85,  474.43,  351.58
 223.72,  474.54,  476.56
 349.74,  222.74,  228.88
 347.61,  222.85,  353.87
 345.49,  222.96,  478.85
 351.34,  347.73,  228.81
 349.22,  347.84,  353.79
 347.09,  347.94,  478.77
 352.94,  472.72,  228.73
 350.82,  472.83,  353.71
 348.70,  472.93,  478.69
 474.71,  221.14,  231.01
 472.58,  221.25,  355.99
 470.46,  221.35,  480.97
 476.31,  346.13,  230.93
 474.19,  346.24,  355.91
 472.06,  346.34,  480.89
 477.92,  471.12,  230.85
 475.79,  471.23,  355.83
 473.67,  471.33,  480.82
 225.08,  226.95,  350.54
 228.06,  224.99,  475.49
 231.04,  223.04,  600.44
 222.50,  351.90,  352.56
 225.48,  349.95,  477.51
 228.46,  348.00,  602.46
 219.92,  476.86,  354.58
 222.90,  474.91,  479.53
 225.88,  472.95,  604.47
 350.02,  229.57,  347.61
 353.00,  227.62,  472.56
 355.98,  225.66,  597.50
 347.44,  354.53,  349.62
 350.42,  352.58,  474.57
 353.40,  350.62,  599.52
 344.86,  479.49,  351.64
 347.84,  477.53,  476.59
 350.82,  475.58,  601.54
 474.96,  232.20,  344.67
 477.93,  230.25,  469.62
 480.91,  228.29,  594.57
 472.38,  357.16,  346.68
 475.36,  355.20,  471.63
 478.34,  353.25,  596.58
 469.80,  482.11,  348.70
 472.78,  480.16,  473.65
 475.76,  478.21,  598.60
 223.22,  226.47,  476.93
 220.31,  229.16,  601.87
 217.39,  231.86,  726.81
 221.38,  351.42,  474.19
 218.47,  354.12,  599.13
 215.56,  356.82,  724.06
 219.55,  476.38,  471.45
 216.63,  479.08,  596.38
 213.72,  481.78,  721.32
 348.17,  228.36,  479.81
 345.26,  231.06,  604.74
 342.34,  233.76,  729.68
 346.34,  353.32,  477.06
 343.42,  356.02,  602.00
 340.51,  358.72,  726.94
 344.50,  478.28,  474.32
 341.59,  480.98,  599.26
 338.67,  483.68,  724.19
 473.12,  230.26,  482.68
 470.21,  232.96,  607.61
 467.30,  235.66,  732.55
 471.29,  355.22,  479.94
 468.37,  357.92,  604.87
 465.46,  360.62,  729.81
 469.45,  480.18,  477.19
 466.54,  482.87,  602.13
 463.63,  485.57,  727.07
 223.48,  223.52,  600.37
 223.78,  226.58,  725.33
 224.09,  229.64,  850.29
 225.58,  348.47,  597.30
 225.89,  351.53,  722.26
 226.19,  354.59,  847.22
 227.68,  473.41,  594.23
 227.99,  476.47,  719.20
 228.29,  479.53,  844.16
 348.46,  221.41,  600.11
 348.77,  224.48,  725.08
 349.07,  227.54,  850.04
 350.56,  346.36,  597.05
 350.87,  349.42,  722.01
 351.17,  352.48,  846.97
 352.66,  471.30,  593.98
 352.97,  474.36,  718.94
 353.27,  477.43,  843.91
 473.44,  219.31,  599.86
 473.75,  222.37,  724.82
 474.05,  225.43,  849.78
 475.55,  344.25,  596.79
 475.85,  347.31,  721.76
 476.15,  350.37,  846.72
 477.65,  469.20,  593.73
 477.95,  472.26,  718.69
 478.26,  475.32,  843.65
 225.37,  348.68,   98.52
 228.12,  351.81,  223.45
 230.86,  354.93,  348.38
 226.81,  473.63,   95.36
 229.55,  476.76,  220.29
 232.30,  479.89,  345.22
 228.25,  598.58,   92.20
 230.99,  601.71,  217.13
 233.73,  604.84,  342.06
 350.34,  347.18,   95.81
 353.08,  350.30,  220.74
 355.82,  353.43,  345.67
 351.77,  472.13,   92.65
 354.52,  475.25,  217.58
 357.26,  478.38,  342.51
 353.21,  597.08,   89.49
 355.95,  600.21,  214.42
 358.70,  603.33,  339.35
 475.30,  345.67,   93.11
 478.04,  348.80,  218.04
 480.79,  351.93,  342.97
 476.73,  470.62,   89.95
 479.48,  473.75,  214.88
 482.22,  476.88,  339.81
 478.17,  595.57,   86.79
 480.91,  598.70,  211.72
 483.66,  601.83,  336.65
 224.32,  350.67,  225.16
 226.65,  352.90,  350.11
 228.99,  355.12,  475.07
 222.60,  475.64,  222.96
 224.93,  477.87,  347.92
 227.27,  480.09,  472.88
 220.88,  600.61,  220.77
 223.22,  602.83,  345.72
 225.55,  605.06,  470.68
 349.28,  352.35,  222.79
 351.62,  354.57,  347.75
 353.95,  356.80,  472.71
 347.57,  477.31,  220.60
 349.90,  479.54,  345.55
 352.24,  481.77,  470.51
 345.85,  602.28,  218.40
 348.18,  604.51,  343.36
 350.52,  606.74,  468.32
 474.25,  354.02,  220.43
 476.59,  356.25,  345.38
 478.92,  358.48,  470.34
 472.53,  478.99,  218.23
 474.87,  481.22,  343.19
 477.20,  483.45,  468.15
 470.81,  603.96,  216.04
 473.15,  606.19,  340.99
 475.48,  608.42,  465.95
 226.99,  350.85,  351.29
 224.13,  354.42,  476.21
 221.28,  357.99,  601.13
 230.36,  475.76,  347.80
 227.51,  479.33,  472.72
 224.65,  482.90,  597.63
 233.73,  600.66,  344.31
 230.88,  604.23,  469.22
 228.02,  607.80,  594.14
 351.91,  347.56,  354.24
 349.05,  351.13,  479.16
 346.20,  354.70,  604.08
 355.28,  472.47,  350.75
 352.43,  476.04,  475.67
 349.57,  479.61,  600.58
 358.66,  597.37,  347.26
 355.80,  600.94,  472.17
 352.94,  604.51,  597.09
 476.83,  344.27,  357.19
 473.98,  347.84,  482.11
 471.12,  351.41,  607.03
 480.21,  469.17,  353.70
 477.35,  472.75,  478.62
 474.49,  476.32,  603.53
 483.58,  594.08,  350.21
 480.72,  597.65,  475.12
 477.87,  601.22,  600.04
 224.42,  351.05,  473.45
 223.29,  350.71,  598.45
 222.17,  350.37,  723.44
 220.97,  476.00,  473.76
 219.84,  475.66,  598.75
 218.72,  475.33,  723.75
 217.52,  600.95,  474.06
 216.39,  600.61,  599.06
 215.27,  600.28,  724.05
 349.37,  354.49,  474.59
 348.24,  354.16,  599.58
 347.11,  353.82,  724.58
 345.92,  479.44,  474.89
 344.79,  479.11,  599.89
 343.66,  478.77,  724.88
 342.47,  604.40,  475.20
 341.34,  604.06,  600.19
 340.21,  603.72,  725.19
 474.32,  357.94,  475.73
 473.19,  357.60,  600.72
 472.06,  357.27,  725.72
 470.87,  482.89,  476.03
 469.74,  482.56,  601.03
 468.61,  482.22,  726.02
 467.42,  607.84,  476.34
 466.29,  607.51,  601.33
 465.16,  607.17,  726.32
 224.03,  351.29,  601.38
 225.93,  351.52,  726.36
 227.83,  351.75,  851.35
 223.81,  476.29,  601.15
 225.71,  476.52,  726.14
 227.61,  476.75,  851.12
 223.59,  601.29,  600.93
 225.49,  601.52,  725.91
 227.39,  601.75,  850.90
 349.02,  351.51,  599.48
 350.92,  351.74,  724.46
 352.82,  351.97,  849.45
 348.80,  476.51,  599.25
 350.70,  476.74,  724.24
 352.60,  476.97,  849.22
 348.57,  601.51,  599.03
 350.48,  601.74,  724.01
 352.38,  601.96,  849.00
 474.00,  351.72,  597.58
 475.90,  351.95,  722.56
 477.81,  352.18,  847.55
 473.78,  476.72,  597.35
 475.68,  476.95,  722.34
 477.58,  477.18,  847.32
 473.56,  601.72,  597.12
 475.46,  601.95,  722.11
 477.36,  602.18,  847.09
 224.51,  473.44,  100.72
 221.62,  473.07,  225.69
 218.73,  472.70,  350.66
 226.85,  598.42,  101.15
 223.96,  598.05,  226.12
 221.07,  597.68,  351.08
 229.19,  723.40,  101.57
 226.30,  723.03,  226.54
 223.41,  722.66,  351.51
 349.45,  471.09,  103.61
 346.57,  470.72,  228.57
 343.68,  470.35,  353.54
 351.79,  596.07,  104.03
 348.91,  595.70,  229.00
 346.02,  595.33,  353.96
 354.13,  721.05,  104.45
 351.25,  720.68,  229.42
 348.36,  720.31,  354.39
 474.40,  468.75,  106.49
 471.51,  468.37,  231.45
 468.62,  468.00,  356.42
 476.74,  593.72,  106.91
 473.85,  593.35,  231.88
 470.96,  592.98,  356.84
 479.08,  718.70,  107.33
 476.19,  718.33,  232.30
 473.30,  717.96,  357.27
 224.28,  473.47,  224.41
 226.46,  474.23,  349.39
 228.64,  474.98,  474.37
 223.91,  598.47,  223.66
 226.09,  599.22,  348.64
 228.27,  599.98,  473.62
 223.55,  723.46,  222.91
 225.73,  724.22,  347.89
 227.90,  724.98,  472.87
 349.26,  473.82,  222.23
 351.44,  474.58,  347.21
 353.62,  475.34,  472.19
 348.90,  598.82,  221.48
 351.07,  599.58,  346.46
 353.25,  600.33,  471.44
 348.53,  723.82,  220.73
 350.71,  724.57,  345.71
 352.88,  725.33,  470.69
 474.24,  474.18,  220.05
 476.42,  474.93,  345.03
 478.60,  475.69,  470.01
 473.88,  599.18,  219.30
 476.05,  599.93,  344.28
 478.23,  600.69,  469.26
 473.51,  724.17,  218.55
 475.69,  724.93,  343.53
 477.86,  725.69,  468.51
 225.36,  474.77,  348.88
 224.57,  473.92,  473.87
 223.77,  473.08,  598.87
 224.98,  599.76,  349.72
 224.19,  598.92,  474.71
 223.40,  598.07,  599.71
 224.60,  724.76,  350.56
 223.81,  723.91,  475.56
 223.02,  723.07,  600.55
 350.36,  475.14,  349.67
 349.56,  474.30,  474.67
 348.77,  473.45,  599.66
 349.98,  600.14,  350.52
 349.19,  599.29,  475.51
 348.39,  598.45,  600.50
 349.60,  725.13,  351.36
 348.81,  724.29,  476.35
 348.01,  723.44,  601.35
 475.35,  475.51,  350.47
 474.56,  474.67,  475.46
 473.77,  473.83,  600.46
 474.98,  600.51,  351.31
 474.18,  599.67,  476.31
 473.39,  598.82,  601.30
 474.60,  725.51,  352.15
 473.80,  724.66,  477.15
 473.01,  723.82,  602.14
 225.51,  475.69,  473.48
 228.70,  477.88,  598.42
 231.88,  480.06,  723.36
 223.00,  600.65,  471.36
 226.18,  602.83,  596.30
 229.37,  605.02,  721.24
 220.48,  725.60,  469.24
 223.67,  727.79,  594.18
 226.85,  729.97,  719.12
 350.45,  478.15,  470.25
 353.63,  480.33,  595.19
 356.82,  482.52,  720.13
 347.93,  603.11,  468.13
 351.12,  605.29,  593.07
 354.30,  607.48,  718.01
 345.42,  728.06,  466.01
 348.60,  730.25,  590.95
 351.79,  732.43,  715.89
 475.38,  480.61,  467.02
 478.57,  482.79,  591.96
 481.75,  484.98,  716.90
 472.87,  605.57,  464.90
 476.05,  607.75,  589.84
 479.24,  609.93,  714.78
 470.35,  730.52,  462.78
 473.54,  732.71,  587.72
 476.72,  734.89,  712.66
 223.82,  473.39,  599.45
 226.49,  472.26,  724.42
 229.15,  471.12,  849.38
 223.81,  598.39,  600.59
 226.47,  597.25,  725.55
 229.13,  596.12,  850.52
 223.79,  723.38,  601.72
 226.45,  722.25,  726.69
 229.12,  721.11,  851.65
 348.79,  473.43,  596.79
 351.46,  472.30,  721.75
 354.12,  471.16,  846.72
 348.78,  598.43,  597.92
 351.44,  597.29,  722.89
 354.10,  596.16,  847.86
 348.76,  723.42,  599.06
 351.42,  722.29,  724.03
 354.09,  721.15,  848.99
 473.77,  473.47,  594.13
 476.43,  472.34,  719.09
 479.09,  471.20,  844.06
 473.75,  598.47,  595.26
 476.41,  597.33,  720.23
 479.08,  596.20,  845.19
 473.73,  723.46,  596.40
 476.40,  722.33,  721.36
 479.06,  721.19,  846.33
 225.37,  600.79,   99.08
 224.23,  599.55,  224.07
 223.09,  598.32,  349.06
 228.29,  725.75,  100.34
 227.15,  724.51,  225.33
 226.01,  723.28,  350.32
 231.21,  850.70,  101.60
 230.07,  849.47,  226.59
 228.93,  848.24,  351.58
 350.33,  597.86,  100.19
 349.19,  596.62,  225.18
 348.05,  595.39,  350.17
 353.25,  722.81,  101.45
 352.11,  721.58,  226.44
 350.97,  720.35,  351.43
 356.17,  847.77,  102.71
 355.03,  846.54,  227.70
 353.89,  845.31,  352.69
 475.29,  594.92,  101.30
 474.15,  593.69,  226.29
 473.01,  592.46,  351.28
 478.21,  719.88,  102.56
 477.07,  718.65,  227.55
 475.93,  717.42,  352.54
 481.13,  844.84,  103.82
 479.99,  843.61,  228.81
 478.85,  842.38,  353.80
 223.70,  598.66,  224.74
 223.06,  597.31,  349.73
 222.43,  595.97,  474.72
 222.56,  723.65,  226.08
 221.92,  722.30,  351.07
 221.29,  720.95,  476.06
 221.42,  848.64,  227.42
 220.78,  847.29,  352.41
 220.15,  845.94,  477.41
 348.69,  599.80,  225.38
 348.06,  598.45,  350.38
 347.42,  597.10,  475.37
 347.55,  724.78,  226.73
 346.92,  723.43,  351.72
 346.28,  722.09,  476.71
 346.41,  849.77,  228.07
 345.78,  848.42,  353.06
 345.14,  847.07,  478.05
 473.69,  600.93,  226.03
 473.05,  599.58,  351.02
 472.42,  598.23,  476.01
 472.55,  725.92,  227.37
 471.91,  724.57,  352.36
 471.28,  723.22,  477.36
 471.41,  850.90,  228.72
 470.77,  849.56,  353.71
 470.14,  848.21,  478.70
 224.53,  601.19,  351.42
 224.50,  601.29,  476.42
 224.47,  601.39,  601.42
 225.20,  726.18,  351.32
 225.17,  726.29,  476.32
 225.13,  726.39,  601.32
 225.87,  851.18,  351.22
 225.84,  851.28,  476.21
 225.80,  851.39,  601.21
 349.53,  600.52,  351.45
 349.50,  600.62,  476.45
 349.46,  600.72,  601.45
 350.20,  725.52,  351.35
 350.17,  725.62,  476.35
 350.13,  725.72,  601.35
 350.87,  850.51,  351.25
 350.84,  850.62,  476.25
 350.80,  850.72,  601.25
 474.53,  599.85,  351.49
 474.50,  599.95,  476.49
 474.46,  600.05,  601.49
 475.20,  724.85,  351.39
 475.17,  724.95,  476.39
 475.13,  725.05,  601.39
 475.87,  849.85,  351.28
 475.83,  849.95,  476.28
 475.80,  850.05,  601.28
 224.74,  601.63,  473.96
 226.68,  602.87,  598.94
 228.63,  604.10,  723.92
 222.39,  726.60,  472.76
 224.34,  727.84,  597.74
 226.28,  729.07,  722.72
 220.05,  851.58,  471.56
 221.99,  852.81,  596.54
 223.94,  854.05,  721.52
 349.70,  603.96,  471.99
 351.65,  605.19,  596.97
 353.59,  606.43,  721.95
 347.35,  728.93,  470.79
 349.30,  730.17,  595.77
 351.25,  731.40,  720.75
 345.01,  853.90,  469.60
 346.95,  855.14,  594.57
 348.90,  856.37,  719.55
 474.66,  606.29,  470.02
 476.61,  607.52,  595.00
 478.55,  608.75,  719.98
 472.32,  731.26,  468.82
 474.26,  732.49,  593.80
 476.21,  733.73,  718.78
 469.97,  856.23,  467.63
 471.92,  857.46,  592.61
 473.86,  858.70,  717.58
 225.31,  601.41,  600.69
 221.96,  604.31,  725.61
 218.60,  607.22,  850.53
 227.74,  726.35,  597.85
 224.39,  729.26,  722.77
 221.03,  732.16,  847.69
 230.17,  851.30,  595.01
 226.81,  854.20,  719.93
 223.46,  857.11,  844.85
 350.25,  599.06,  604.10
 346.89,  601.96,  729.02
 343.53,  604.87,  853.94
 352.67,  724.00,  601.26
 349.32,  726.91,  726.18
 345.96,  729.81,  851.10
 355.10,  848.95,  598.42
 351.74,  851.85,  723.34
 348.39,  854.76,  848.26
 475.18,  596.71,  607.51
 471.82,  599.61,  732.43
 468.47,  602.52,  857.35
 477.60,  721.65,  604.67
 474.25,  724.56,  729.59
 470.89,  727.46,  854.51
 480.03,  846.60,  601.83
 476.68,  849.50,  726.75
 473.32,  852.41,  851.67
 351.36,  101.94,   98.09
 348.17,   98.50,  223.00
 344.99,   95.06,  347.91
 352.40,  226.89,  101.56
 349.22,  223.45,  226.47
 346.04,  220.01,  351.38
 353.45,  351.84,  105.03
 350.27,  348.39,  229.94
 347.09,  344.95,  354.85
 476.31,  100.81,  101.24
 473.13,   97.37,  226.15
 469.95,   93.92,  351.07
 477.36,  225.75,  104.71
 474.18,  222.31,  229.62
 470.99,  218.87,  354.53
 478.40,  350.70,  108.18
 475.22,  347.26,  233.09
 472.04,  343.82,  358.00
 601.27,   99.67,  104.39
 598.08,   96.23,  229.30
 594.90,   92.79,  354.22
 602.31,  224.62,  107.86
 599.13,  221.18,  232.77
 595.95,  217.74,  357.68
 603.36,  349.57,  111.33
 600.18,  346.13,  236.24
 597.00,  342.69,  361.15
 351.70,   99.88,  224.64
 351.01,  101.61,  349.63
 350.32,  103.34,  474.61
 348.03,  224.81,  222.89
 347.34,  226.54,  347.87
 346.65,  228.28,  472.86
 344.36,  349.75,  221.13
 343.67,  351.48,  346.12
 342.98,  353.21,  471.11
 476.65,  103.56,  225.28
 475.96,  105.29,  350.26
 475.27,  107.03,  475.25
 472.97,  228.49,  223.53
 472.28,  230.23,  348.51
 471.59,  231.96,  473.50
 469.30,  353.43,  221.77
 468.61,  355.16,  346.76
 467.92,  356.89,  471.75
 601.59,  107.24,  225.92
 600.90,  108.98,  350.90
 600.21,  110.71,  475.89
 597.92,  232.18,  224.16
 597.23,  233.91,  349.15
 596.54,  235.64,  474.14
 594.24,  357.11,  222.41
 593.55,  358.84,  347.40
 592.86,  360.58,  472.38
 349.37,   98.08,  348.14
 351.55,  101.55,  473.07
 353.72,  105.02,  598.01
 346.60,  223.01,  344.72
 348.77,  226.47,  469.66
 350.95,  229.94,  594.59
 343.82,  347.93,  341.31
 346.00,  351.39,  466.24
 348.17,  354.86,  591.17
 474.32,  100.80,  345.89
 476.50,  104.26,  470.83
 478.67,  107.73,  595.76
 471.55,  225.72,  342.48
 473.72,  229.19,  467.41
 475.90,  232.65,  592.34
 468.77,  350.64,  339.06
 470.95,  354.11,  463.99
 473.12,  357.57,  588.92
 599.27,  103.51,  343.64
 601.45,  106.98,  468.58
 603.62,  110.44,  593.51
 596.50,  228.43,  340.23
 598.67,  231.90,  465.16
 600.85,  235.37,  590.09
 593.72,  353.36,  336.81
 595.90,  356.82,  461.74
 598.07,  360.29,  586.67
 348.88,   99.49,  475.44
 345.20,   96.60,  600.36
 341.52,   93.71,  725.27
 347.07,  224.45,  478.28
 343.39,  221.56,  603.19
 339.71,  218.67,  728.11
 345.27,  349.40,  481.12
 341.59,  346.51,  606.03
 337.90,  343.62,  730.94
 473.81,  101.21,  479.16
 470.13,   98.32,  604.08
 466.45,   95.43,  728.99
 472.00,  226.17,  482.00
 468.32,  223.28,  606.92
 464.64,  220.39,  731.83
 470.20,  351.12,  484.84
 466.52,  348.23,  609.75
 462.84,  345.34,  734.67
 598.74,  102.94,  482.89
 595.06,  100.04,  607.80
 591.38,   97.15,  732.71
 596.94,  227.89,  485.72
 593.26,  225.00,  610.64
 589.58,  222.11,  735.55
 595.13,  352.84,  488.56
 591.45,  349.95,  613.48
 587.77,  347.06,  738.39
 348.41,  100.24,  600.17
 348.92,  102.01,  725.15
 349.42,  103.78,  850.14
 346.82,  225.22,  598.40
 347.32,  226.99,  723.39
 347.83,  228.75,  848.38
 345.23,  350.20,  596.64
 345.73,  351.96,  721.63
 346.23,  353.73,  846.61
 473.40,  101.83,  599.64
 473.90,  103.59,  724.63
 474.41,  105.36,  849.61
 471.81,  226.80,  597.88
 472.31,  228.57,  722.87
 472.81,  230.34,  847.85
 470.22,  351.78,  596.12
 470.72,  353.55,  721.10
 471.22,  355.32,  846.09
 598.39,  103.41,  599.12
 598.89,  105.18,  724.10
 599.40,  106.95,  849.09
 596.80,  228.39,  597.35
 597.30,  230.16,  722.34
 597.80,  231.93,  847.33
 595.20,  353.37,  595.59
 595.71,  355.14,  720.58
 596.21,  356.90,  845.56
 350.71,  225.30,   99.61
 351.11,  225.06,  224.61
 351.51,  224.82,  349.61
 351.27,  350.30,   99.85
 351.67,  350.06,  224.85
 352.08,  349.81,  349.85
 351.83,  475.30,  100.09
 352.23,  475.06,  225.09
 352.64,  474.81,  350.09
 475.71,  224.74,   99.21
 476.11,  224.50,  224.21
 476.51,  224.26,  349.20
 476.27,  349.74,   99.45
 476.67,  349.50,  224.45
 477.07,  349.25,  349.45
 476.83,  474.74,   99.69
 477.23,  474.50,  224.69
 477.63,  474.25,  349.69
 600.71,  224.18,   98.80
 601.11,  223.94,  223.80
 601.51,  223.70,  348.80
 601.27,  349.18,   99.05
 601.67,  348.94,  224.05
 602.07,  348.70,  349.04
 601.83,  474.18,   99.29
 602.23,  473.94,  224.29
 602.63,  473.69,  349.29
 348.49,  224.67,  226.50
 347.58,  228.13,  351.45
 346.67,  231.59,  476.40
 346.40,  349.61,  223.03
 345.50,  353.07,  347.98
 344.59,  356.53,  472.93
 344.32,  474.54,  219.55
 343.42,  478.00,  344.50
 342.51,  481.46,  469.45
 473.46,  226.78,  227.35
 472.56,  230.24,  352.30
 471.65,  233.70,  477.25
 471.38,  351.71,  223.88
 470.48,  355.17,  348.83
 469.57,  358.63,  473.78
 469.30,  476.64,  220.40
 468.40,  480.11,  345.35
 467.49,  483.57,  470.30
 598.44,  228.88,  228.20
 597.54,  232.34,  353.15
 596.63,  235.80,  478.10
 596.36,  353.82,  224.73
 595.46,  357.28,  349.68
 594.55,  360.74,  474.62
 594.28,  478.75,  221.25
 593.38,  482.21,  346.20
 592.47,  485.67,  471.15
 351.09,  223.75,  348.40
 350.22,  225.09,  473.39
 349.35,  226.42,  598.38
 347.50,  348.69,  347.04
 346.63,  350.03,  472.03
 345.76,  351.36,  597.02
 343.90,  473.63,  345.68
 343.04,  474.97,  470.67
 342.17,  476.30,  595.66
 476.03,  227.35,  349.23
 475.17,  228.69,  474.22
 474.30,  230.02,  599.21
 472.44,  352.30,  347.87
 471.57,  353.63,  472.86
 470.71,  354.96,  597.85
 468.85,  477.24,  346.51
 467.98,  478.57,  471.50
 467.11,  479.91,  596.49
 600.98,  230.96,  350.06
 600.11,  232.29,  475.05
 599.24,  233.63,  600.04
 597.39,  355.90,  348.70
 596.52,  357.23,  473.69
 595.65,  358.57,  598.68
 593.79,  480.84,  347.34
 592.93,  482.17,  472.33
 592.06,  483.51,  597.32
 349.46,  224.76,  475.36
 348.26,  224.78,  600.35
 347.06,  224.81,  725.35
 347.66,  349.74,  475.31
 346.47,  349.77,  600.31
 345.27,  349.80,  725.30
 345.87,  474.73,  475.27
 344.68,  474.76,  600.26
 343.48,  474.78,  725.26
 474.44,  226.55,  476.55
 473.24,  226.58,  601.55
 472.04,  226.60,  726.54
 472.65,  351.54,  476.51
 471.45,  351.56,  601.50
 470.25,  351.59,  726.50
 470.85,  476.52,  476.47
 469.66,  476.55,  601.46
 468.46,  476.58,  726.46
 599.42,  228.34,  477.75
 598.22,  228.37,  602.74
 597.03,  228.39,  727.74
 597.63,  353.33,  477.71
 596.43,  353.35,  602.70
 595.23,  353.38,  727.70
 595.83,  478.32,  477.66
 594.64,  478.34,  602.66
 593.44,  478.37,  727.65
 349.29,  223.98,  599.73
 351.87,  226.37,  724.68
 354.46,  228.77,  849.63
 347.14,  348.94,  597.38
 349.72,  351.33,  722.33
 352.30,  353.73,  847.28
 344.98,  473.89,  595.03
 347.57,  476.29,  719.98
 350.15,  478.68,  844.93
 474.24,  226.08,  597.10
 476.83,  228.48,  722.05
 479.41,  230.87,  847.00
 472.09,  351.04,  594.75
 474.67,  353.44,  719.70
 477.26,  355.83,  844.65
 469.94,  476.00,  592.40
 472.52,  478.39,  717.35
 475.10,  480.79,  842.30
 599.20,  228.19,  594.48
 601.78,  230.58,  719.43
 604.37,  232.98,  844.38
 597.05,  353.15,  592.13
 599.63,  355.54,  717.08
 602.21,  357.93,  842.03
 594.89,  478.10,  589.78
 597.47,  480.50,  714.73
 600.06,  482.89,  839.68
 350.20,  348.98,  100.95
 349.57,  347.39,  225.94
 348.93,  345.81,  350.93
 349.12,  473.96,  102.53
 348.48,  472.38,  227.52
 347.85,  470.79,  352.51
 348.04,  598.95,  104.11
 347.40,  597.36,  229.10
 346.77,  595.78,  354.09
 475.20,  350.05,  101.60
 474.56,  348.47,  226.59
 473.92,  346.88,  351.58
 474.11,  475.04,  103.18
 473.48,  473.45,  228.17
 472.84,  471.87,  353.16
 473.03,  600.02,  104.76
 472.40,  598.44,  229.75
 471.76,  596.85,  354.74
 600.19,  351.13,  102.25
 599.55,  349.54,  227.24
 598.92,  347.96,  352.23
 599.11,  476.11,  103.83
 598.47,  474.53,  228.82
 597.83,  472.94,  353.81
 598.03,  601.10,  105.41
 597.39,  599.51,  230.40
 596.75,  597.93,  355.39
 351.40,  351.69,  226.72
 351.55,  355.08,  351.67
 351.69,  358.46,  476.63
 348.59,  476.61,  223.33
 348.73,  480.00,  348.29
 348.87,  483.39,  473.24
 345.77,  601.53,  219.95
 345.91,  604.92,  344.91
 346.05,  608.31,  469.86
 476.37,  354.50,  226.50
 476.52,  357.89,  351.45
 476.66,  361.28,  476.41
 473.55,  479.43,  223.11
 473.70,  482.81,  348.07
 473.84,  486.20,  473.02
 470.73,  604.35,  219.73
 470.88,  607.74,  344.69
 471.02,  611.12,  469.64
 601.34,  357.32,  226.28
 601.48,  360.70,  351.23
 601.63,  364.09,  476.18
 598.52,  482.24,  222.89
 598.67,  485.63,  347.85
 598.81,  489.01,  472.80
 595.70,  607.16,  219.51
 595.85,  610.55,  344.47
 595.99,  613.94,  469.42
 349.27,  350.07,  349.01
 347.43,  352.82,  473.96
 345.60,  355.57,  598.92
 351.14,  475.03,  346.28
 349.30,  477.78,  471.24
 347.47,  480.52,  596.20
 353.01,  599.98,  343.56
 351.17,  602.73,  468.52
 349.34,  605.48,  593.48
 474.24,  348.24,  350.88
 472.41,  350.99,  475.84
 470.57,  353.74,  600.79
 476.11,  473.20,  348.16
 474.28,  475.95,  473.12
 472.44,  478.70,  598.07
 477.98,  598.15,  345.44
 476.15,  600.90,  470.40
 474.31,  603.65,  595.35
 599.21,  346.41,  352.76
 597.38,  349.16,  477.71
 595.54,  351.91,  602.67
 601.08,  471.37,  350.03
 599.25,  474.12,  474.99
 597.41,  476.87,  599.95
 602.95,  596.33,  347.31
 601.12,  599.07,  472.27
 599.28,  601.82,  597.23
 349.10,  348.98,  473.24
 346.96,  350.37,  598.21
 344.83,  351.77,  723.19
 345.45,  473.91,  471.78
 343.31,  475.31,  596.75
 341.18,  476.71,  721.73
 341.80,  598.85,  470.32
 339.66,  600.25,  595.29
 337.53,  601.65,  720.27
 474.03,  352.65,  475.33
 471.89,  354.05,  600.31
 469.75,  355.44,  725.28
 470.38,  477.59,  473.88
 468.24,  478.98,  598.85
 466.11,  480.38,  723.82
 466.73,  602.53,  472.42
 464.59,  603.92,  597.39
 462.46,  605.32,  722.36
 598.96,  356.32,  477.43
 596.82,  357.72,  602.40
 594.68,  359.12,  727.38
 595.31,  481.26,  475.97
 593.17,  482.66,  600.95
 591.03,  484.06,  725.92
 591.66,  606.20,  474.51
 589.52,  607.60,  599.49
 587.38,  608.99,  724.46
 351.53,  348.26,  600.56
 354.48,  346.37,  725.51
 357.42,  344.48,  850.46
 353.00,  473.24,  602.41
 355.95,  471.35,  727.36
 358.89,  469.46,  852.31
 354.47,  598.22,  604.27
 357.42,  596.33,  729.22
 360.36,  594.44,  854.17
 476.49,  346.84,  597.59
 479.44,  344.95,  722.54
 482.38,  343.06,  847.49
 477.96,  471.81,  599.44
 480.90,  469.92,  724.40
 483.85,  468.03,  849.35
 479.43,  596.79,  601.30
 482.37,  594.90,  726.25
 485.32,  593.01,  851.20
 601.45,  345.41,  594.62
 604.39,  343.52,  719.57
 607.34,  341.63,  844.52
 602.92,  470.39,  596.48
 605.86,  468.50,  721.43
 608.81,  466.61,  846.38
 604.39,  595.37,  598.33
 607.33,  593.48,  723.29
 610.28,  591.59,  848.24
 349.19,  474.70,  100.34
 351.10,  475.32,  225.33
 353.01,  475.95,  350.31
 348.66,  599.70,   99.72
 350.57,  600.32,  224.71
 352.48,  600.95,  349.69
 348.13,  724.69,   99.11
 350.04,  725.32,  224.09
 351.95,  725.94,  349.07
 474.17,  475.22,   98.43
 476.08,  475.84,  223.41
 477.99,  476.47,  348.40
 473.64,  600.22,   97.81
 475.55,  600.84,  222.80
 477.46,  601.47,  347.78
 473.11,  725.21,   97.19
 475.02,  725.84,  222.18
 476.93,  726.46,  347.16
 599.16,  475.74,   96.52
 601.07,  476.36,  221.50
 602.98,  476.99,  346.48
 598.63,  600.74,   95.90
 600.54,  601.36,  220.88
 602.45,  601.99,  345.87
 598.10,  725.73,   95.28
 600.01,  726.36,  220.27
 601.92,  726.98,  345.25
 350.74,  473.43,  225.17
 347.32,  473.10,  350.13
 343.91,  472.77,  475.08
 352.17,  598.42,  225.54
 348.75,  598.09,  350.49
 345.34,  597.76,  475.45
 353.60,  723.41,  225.91
 350.18,  723.08,  350.86
 346.77,  722.76,  475.81
 475.68,  471.99,  228.59
 472.27,  471.66,  353.54
 468.85,  471.33,  478.49
 477.11,  596.98,  228.95
 473.70,  596.65,  353.91
 470.28,  596.33,  478.86
 478.54,  721.97,  229.32
 475.13,  721.64,  354.27
 471.71,  721.32,  479.22
 600.63,  470.55,  232.00
 597.21,  470.22,  356.95
 593.80,  469.90,  481.90
 602.06,  595.54,  232.36
 598.64,  595.21,  357.32
 595.23,  594.89,  482.27
 603.49,  720.53,  232.73
 600.07,  720.20,  357.68
 596.66,  719.88,  482.64
 350.93,  476.34,  349.52
 348.41,  479.86,  474.45
 345.89,  483.39,  599.37
 349.26,  601.28,  345.96
 346.74,  604.80,  470.89
 344.22,  608.33,  595.81
 347.59,  726.22,  342.41
 345.07,  729.74,  467.33
 342.55,  733.27,  592.25
 475.89,  478.08,  351.99
 473.37,  481.61,  476.92
 470.86,  485.13,  601.84
 474.22,  603.02,  348.43
 471.70,  606.54,  473.36
 469.19,  610.07,  598.28
 472.55,  727.96,  344.87
 470.04,  731.48,  469.80
 467.52,  735.01,  594.72
 600.86,  479.82,  354.46
 598.34,  483.35,  479.39
 595.82,  486.87,  604.31
 599.19,  604.76,  350.90
 596.67,  608.28,  475.83
 594.15,  611.81,  600.75
 597.52,  729.70,  347.34
 595.00,  733.22,  472.27
 592.48,  736.75,  597.19
 351.74,  475.94,  473.16
 350.56,  479.04,  598.11
 349.37,  482.14,  723.07
 353.06,  600.89,  470.07
 351.87,  604.00,  595.02
 350.68,  607.10,  719.98
 354.38,  725.85,  466.98
 353.19,  728.95,  591.93
 352.00,  732.05,  716.89
 476.73,  474.65,  474.38
 475.54,  477.76,  599.33
 474.35,  480.86,  724.29
 478.05,  599.61,  471.29
 476.86,  602.71,  596.24
 475.67,  605.81,  721.20
 479.36,  724.56,  468.20
 478.17,  727.66,  593.15
 476.99,  730.77,  718.11
 601.72,  473.37,  475.60
 600.53,  476.47,  600.56
 599.34,  479.57,  725.51
 603.04,  598.32,  472.51
 601.85,  601.42,  597.46
 600.66,  604.53,  722.42
 604.35,  723.28,  469.42
 603.16,  726.38,  594.37
 601.97,  729.48,  719.33
 348.77,  476.09,  601.27
 352.31,  478.35,  726.20
 355.85,  480.60,  851.13
 348.28,  601.07,  599.02
 351.82,  603.32,  723.95
 355.36,  605.58,  848.88
 347.79,  726.05,  596.78
 351.33,  728.30,  721.71
 354.87,  730.56,  846.64
 473.72,  476.51,  597.72
 477.26,  478.77,  722.65
 480.80,  481.03,  847.58
 473.23,  601.49,  595.48
 476.77,  603.75,  720.41
 480.31,  606.01,  845.34
 472.74,  726.47,  593.23
 476.28,  728.73,  718.16
 479.82,  730.99,  843.09
 598.66,  476.93,  594.17
 602.20,  479.19,  719.10
 605.74,  481.45,  844.03
 598.18,  601.91,  591.93
 601.72,  604.17,  716.86
 605.26,  606.43,  841.79
 597.69,  726.89,  589.68
 601.23,  729.15,  714.61
 604.77,  731.41,  839.54
 348.72,  600.24,  101.92
 345.51,  602.95,  226.85
 342.30,  605.66,  351.78
 350.18,  725.20,   99.25
 346.98,  727.91,  224.18
 343.77,  730.62,  349.11
 351.65,  850.16,   96.57
 348.44,  852.87,  221.50
 345.24,  855.59,  346.43
 473.67,  598.84,  105.16
 470.46,  601.55,  230.09
 467.25,  604.26,  355.02
 475.13,  723.80,  102.49
 471.93,  726.51,  227.42
 468.72,  729.23,  352.35
 476.60,  848.77,   99.81
 473.39,  851.48,  224.74
 470.19,  854.19,  349.67
 598.62,  597.44,  108.40
 595.41,  600.16,  233.33
 592.20,  602.87,  358.26
 600.08,  722.41,  105.72
 596.88,  725.12,  230.65
 593.67,  727.83,  355.58
 601.55,  847.37,  103.05
 598.34,  850.08,  227.98
 595.14,  852.79,  352.91
 349.55,  600.47,  224.69
 346.85,  601.04,  349.66
 344.16,  601.61,  474.63
 351.35,  725.45,  224.15
 348.65,  726.03,  349.12
 345.95,  726.60,  474.09
 353.15,  850.44,  223.62
 350.45,  851.01,  348.59
 347.75,  851.59,  473.56
 474.51,  598.68,  227.39
 471.81,  599.26,  352.36
 469.12,  599.83,  477.33
 476.31,  723.67,  226.86
 473.61,  724.24,  351.83
 470.91,  724.82,  476.80
 478.10,  848.65,  226.32
 475.41,  849.23,  351.29
 472.71,  849.80,  476.26
 599.47,  596.90,  230.10
 596.77,  597.47,  355.07
 594.07,  598.04,  480.04
 601.26,  721.88,  229.56
 598.57,  722.46,  354.53
 595.87,  723.03,  479.50
 603.06,  846.87,  229.03
 600.36,  847.44,  354.00
 597.67,  848.02,  478.97
 350.47,  599.37,  350.29
 351.16,  597.02,  475.27
 351.85,  594.66,  600.24
 347.08,  724.30,  352.67
 347.77,  721.95,  477.64
 348.46,  719.59,  602.62
 343.69,  849.24,  355.04
 344.38,  846.88,  480.02
 345.07,  844.52,  605.00
 475.42,  602.78,  349.67
 476.11,  600.42,  474.64
 476.80,  598.06,  599.62
 472.03,  727.71,  352.04
 472.72,  725.35,  477.02
 473.41,  722.99,  602.00
 468.64,  852.64,  354.42
 469.33,  850.28,  479.39
 470.02,  847.93,  604.37
 600.38,  606.18,  349.04
 601.07,  603.83,  474.02
 601.75,  601.47,  599.00
 596.98,  731.11,  351.42
 597.67,  728.76,  476.39
 598.36,  726.40,  601.37
 593.59,  856.05,  353.79
 594.28,  853.69,  478.77
 594.97,  851.33,  603.75
 348.82,  598.12,  473.35
 350.04,  600.69,  598.32
 351.27,  603.27,  723.29
 349.18,  723.09,  470.77
 350.40,  725.67,  595.74
 351.63,  728.24,  720.71
 349.54,  848.06,  468.19
 350.77,  850.64,  593.16
 351.99,  853.21,  718.13
 473.81,  597.73,  472.13
 475.04,  600.31,  597.10
 476.26,  602.88,  722.07
 474.17,  722.70,  469.55
 475.40,  725.28,  594.52
 476.62,  727.85,  719.49
 474.53,  847.68,  466.97
 475.76,  850.25,  591.94
 476.99,  852.83,  716.91
 598.80,  597.34,  470.91
 600.03,  599.92,  595.88
 601.26,  602.49,  720.85
 599.16,  722.32,  468.33
 600.39,  724.89,  593.30
 601.62,  727.47,  718.27
 599.53,  847.29,  465.75
 600.75,  849.87,  590.72
 601.98,  852.44,  715.69
 348.52,  599.67,  601.46
 345.14,  598.15,  726.41
 341.76,  596.62,  851.35
 349.14,  724.66,  603.01
 345.76,  723.14,  727.95
 342.38,  721.61,  852.90
 349.77,  849.65,  604.55
 346.39,  848.13,  729.49
 343.01,  846.60,  854.44
 473.47,  599.01,  604.84
 470.09,  597.48,  729.78
 466.71,  595.96,  854.73
 474.09,  723.99,  606.38
 470.71,  722.47,  731.32
 467.34,  720.94,  856.27
 474.72,  848.98,  607.92
 471.34,  847.46,  732.87
 467.96,  845.93,  857.81
 598.42,  598.34,  608.21
 595.04,  596.81,  733.15
 591.66,  595.29,  858.10
 599.05,  723.33,  609.75
 595.67,  721.80,  734.69
 592.29,  720.28,  859.64
 599.67,  848.32,  611.29
 596.29,  846.79,  736.24
 592.91,  845.27,  861.18
 475.66,   98.32,  100.59
 478.60,  100.91,  225.53
 481.55,  103.50,  350.47
 472.73,  223.26,   98.07
 475.68,  225.85,  223.01
 478.62,  228.45,  347.95
 469.80,  348.20,   95.55
 472.75,  350.79,  220.49
 475.69,  353.39,  345.43
 600.59,  101.19,   97.59
 603.53,  103.78,  222.53
 606.48,  106.37,  347.46
 597.66,  226.13,   95.07
 600.61,  228.72,  220.00
 603.55,  231.31,  344.94
 594.73,  351.07,   92.54
 597.68,  353.66,  217.48
 600.62,  356.25,  342.42
 725.52,  104.06,   94.58
 728.46,  106.65,  219.52
 731.41,  109.24,  344.46
 722.59,  229.00,   92.06
 725.54,  231.59,  217.00
 728.48,  234.18,  341.94
 719.66,  353.94,   89.54
 722.61,  356.53,  214.48
 725.56,  359.12,  339.42
 473.97,   98.23,  226.91
 477.09,   99.72,  351.86
 480.22,  101.21,  476.81
 472.92,  223.22,  225.45
 476.05,  224.71,  350.40
 479.17,  226.19,  475.35
 471.88,  348.21,  223.99
 475.00,  349.69,  348.94
 478.13,  351.18,  473.89
 598.93,   99.24,  223.78
 602.05,  100.73,  348.73
 605.17,  102.22,  473.68
 597.88,  224.23,  222.31
 601.00,  225.72,  347.27
 604.13,  227.20,  472.22
 596.84,  349.22,  220.85
 599.96,  350.70,  345.80
 603.08,  352.19,  470.76
 723.88,  100.25,  220.64
 727.01,  101.74,  345.59
 730.13,  103.22,  470.54
 722.84,  225.24,  219.18
 725.96,  226.72,  344.13
 729.08,  228.21,  469.08
 721.79,  350.22,  217.72
 724.92,  351.71,  342.67
 728.04,  353.20,  467.62
 474.57,   99.64,  350.79
 475.19,  100.59,  475.79
 475.80,  101.54,  600.78
 476.87,  224.61,  349.84
 477.48,  225.56,  474.83
 478.10,  226.51,  599.83
 479.16,  349.59,  348.88
 479.78,  350.54,  473.87
 480.39,  351.49,  598.87
 599.55,   97.34,  350.20
 600.16,   98.29,  475.19
 600.78,   99.23,  600.19
 601.84,  222.31,  349.24
 602.46,  223.26,  474.23
 603.08,  224.21,  599.23
 604.14,  347.29,  348.28
 604.76,  348.24,  473.27
 605.37,  349.18,  598.27
 724.53,   95.04,  349.60
 725.14,   95.98,  474.59
 725.76,   96.93,  599.59
 726.82,  220.01,  348.64
 727.44,  220.96,  473.63
 728.05,  221.91,  598.63
 729.12,  344.99,  347.68
 729.73,  345.93,  472.68
 730.35,  346.88,  597.67
 475.36,   98.06,  474.38
 474.92,   95.34,  599.35
 474.47,   92.63,  724.32
 475.38,  223.03,  477.09
 474.93,  220.32,  602.06
 474.48,  217.60,  727.03
 475.39,  348.00,  479.81
 474.94,  345.29,  604.78
 474.50,  342.57,  729.75
 600.36,   98.03,  474.83
 599.91,   95.32,  599.80
 599.47,   92.61,  724.77
 600.38,  223.00,  477.54
 599.93,  220.29,  602.51
 599.48,  217.58,  727.48
 600.39,  347.97,  480.25
 599.94,  345.26,  605.22
 599.50,  342.55,  730.19
 725.36,   98.01,  475.27
 724.91,   95.30,  600.24
 724.47,   92.58,  725.21
 725.37,  222.98,  477.99
 724.93,  220.27,  602.96
 724.48,  217.55,  727.93
 725.39,  347.95,  480.70
 724.94,  345.24,  605.67
 724.50,  342.53,  730.64
 474.91,   99.91,  598.71
 477.55,  101.87,  723.66
 480.19,  103.83,  848.62
 473.14,  224.88,  596.78
 475.78,  226.84,  721.74
 478.42,  228.80,  846.70
 471.37,  349.85,  594.86
 474.01,  351.81,  719.82
 476.65,  353.77,  844.77
 599.87,  101.64,  596.04
 602.51,  103.60,  721.00
 605.15,  105.56,  845.95
 598.10,  226.61,  594.12
 600.74,  228.57,  719.07
 603.38,  230.53,  844.03
 596.33,  351.58,  592.19
 598.97,  353.54,  717.15
 601.61,  355.50,  842.11
 724.83,  103.37,  593.37
 727.47,  105.33,  718.33
 730.11,  107.29,  843.29
 723.06,  228.34,  591.45
 725.70,  230.30,  716.41
 728.34,  232.26,  841.36
 721.29,  353.31,  589.53
 723.93,  355.27,  714.48
 726.57,  357.23,  839.44
 475.30,  226.04,   98.24
 475.31,  228.22,  223.22
 475.32,  230.41,  348.20
 478.84,  350.97,   96.06
 478.85,  353.15,  221.04
 478.86,  355.34,  346.02
 482.38,  475.90,   93.88
 482.39,  478.09,  218.86
 482.40,  480.27,  343.84
 600.25,  222.51,   98.29
 600.26,  224.69,  223.28
 600.27,  226.87,  348.26
 603.79,  347.44,   96.11
 603.80,  349.62,  221.09
 603.81,  351.80,  346.08
 607.33,  472.37,   93.93
 607.34,  474.55,  218.91
 607.35,  476.73,  343.89
 725.20,  218.97,   98.35
 725.21,  221.15,  223.33
 725.22,  223.33,  348.31
 728.74,  343.90,   96.16
 728.75,  346.08,  221.15
 728.76,  348.27,  346.13
 732.28,  468.83,   93.98
 732.29,  471.01,  218.96
 732.30,  473.20,  343.95
 473.99,  224.00,  225.34
 471.77,  227.15,  350.28
 469.55,  230.30,  475.22
 473.79,  348.96,  222.19
 471.57,  352.11,  347.13
 469.35,  355.26,  472.07
 473.59,  473.92,  219.03
 471.37,  477.07,  343.97
 469.15,  480.22,  468.91
 598.97,  224.26,  227.56
 596.75,  227.41,  352.50
 594.53,  230.56,  477.44
 598.77,  349.22,  224.40
 596.55,  352.37,  349.34
 594.33,  355.52,  474.28
 598.57,  474.18,  221.25
 596.35,  477.33,  346.19
 594.13,  480.48,  471.13
 723.95,  224.51,  229.77
 721.73,  227.66,  354.71
 719.51,  230.81,  479.65
 723.75,  349.47,  226.61
 721.53,  352.62,  351.56
 719.31,  355.77,  476.50
 723.55,  474.43,  223.46
 721.33,  477.58,  348.40
 719.11,  480.73,  473.34
 476.14,  223.51,  349.51
 474.07,  222.13,  474.48
 472.00,  220.75,  599.46
 478.27,  348.49,  350.92
 476.21,  347.10,  475.90
 474.14,  345.72,  600.88
 480.41,  473.46,  352.34
 478.34,  472.08,  477.32
 476.27,  470.69,  602.29
 601.10,  221.36,  351.55
 599.04,  219.97,  476.53
 596.97,  218.59,  601.50
 603.24,  346.33,  352.97
 601.17,  344.95,  477.94
 599.10,  343.56,  602.92
 605.37,  471.30,  354.39
 603.30,  469.92,  479.36
 601.24,  468.54,  604.34
 726.07,  219.20,  353.59
 724.00,  217.82,  478.57
 721.93,  216.43,  603.54
 728.20,  344.17,  355.01
 726.13,  342.79,  479.99
 724.07,  341.41,  604.96
 730.34,  469.15,  356.43
 728.27,  467.76,  481.41
 726.20,  466.38,  606.38
 473.82,  225.10,  474.35
 474.79,  227.25,  599.33
 475.76,  229.40,  724.31
 476.74,  350.05,  472.19
 477.71,  352.20,  597.16
 478.68,  354.34,  722.14
 479.67,  475.00,  470.02
 480.64,  477.14,  594.99
 481.61,  479.29,  719.97
 598.78,  222.16,  473.44
 599.75,  224.31,  598.41
 600.72,  226.46,  723.39
 601.71,  347.11,  471.27
 602.67,  349.26,  596.25
 603.64,  351.40,  721.22
 604.63,  472.06,  469.10
 605.60,  474.20,  594.08
 606.57,  476.35,  719.05
 723.74,  219.22,  472.52
 724.71,  221.37,  597.50
 725.68,  223.51,  722.47
 726.67,  344.17,  470.35
 727.64,  346.31,  595.33
 728.61,  348.46,  720.30
 729.59,  469.12,  468.18
 730.56,  471.26,  593.16
 731.53,  473.41,  718.14
 474.61,  225.74,  599.72
 472.98,  226.54,  724.70
 471.35,  227.33,  849.69
 477.99,  350.69,  598.96
 476.36,  351.49,  723.95
 474.73,  352.29,  848.94
 481.37,  475.64,  598.21
 479.74,  476.44,  723.20
 478.11,  477.24,  848.18
 599.56,  222.37,  601.37
 597.93,  223.17,  726.35
 596.30,  223.97,  851.34
 602.94,  347.32,  600.61
 601.31,  348.12,  725.60
 599.67,  348.92,  850.59
 606.32,  472.27,  599.86
 604.68,  473.07,  724.85
 603.05,  473.87,  849.83
 724.50,  219.00,  603.02
 722.87,  219.80,  728.01
 721.24,  220.60,  852.99
 727.88,  343.95,  602.27
 726.25,  344.75,  727.25
 724.62,  345.55,  852.24
 731.26,  468.91,  601.51
 729.63,  469.70,  726.50
 728.00,  470.50,  851.49
 476.69,  348.12,   98.97
 477.85,  351.57,  223.92
 479.01,  355.03,  348.87
 476.13,  473.07,   95.52
 477.29,  476.52,  220.47
 478.45,  479.98,  345.42
 475.57,  598.02,   92.07
 476.73,  601.48,  217.02
 477.89,  604.93,  341.97
 601.69,  348.65,   97.80
 602.85,  352.10,  222.75
 604.01,  355.56,  347.69
 601.13,  473.60,   94.35
 602.29,  477.05,  219.30
 603.44,  480.51,  344.24
 600.57,  598.55,   90.90
 601.72,  602.00,  215.85
 602.88,  605.46,  340.79
 726.68,  349.18,   96.62
 727.84,  352.63,  221.57
 729.00,  356.09,  346.52
 726.12,  474.13,   93.17
 727.28,  477.58,  218.12
 728.44,  481.04,  343.07
 725.56,  599.08,   89.73
 726.72,  602.53,  214.67
 727.88,  605.99,  339.62
 474.56,  351.63,  224.00
 475.01,  348.82,  348.97
 475.45,  346.01,  473.93
 472.07,  476.57,  226.81
 472.51,  473.76,  351.78
 472.96,  470.95,  476.75
 469.57,  601.51,  229.63
 470.02,  598.71,  354.60
 470.46,  595.90,  479.57
 599.54,  354.13,  223.61
 599.98,  351.32,  348.58
 600.43,  348.51,  473.55
 597.04,  479.07,  226.43
 597.49,  476.27,  351.39
 597.93,  473.46,  476.36
 594.55,  604.02,  229.24
 594.99,  601.21,  354.21
 595.44,  598.40,  479.18
 724.51,  356.63,  223.22
 724.96,  353.83,  348.19
 725.40,  351.02,  473.16
 722.02,  481.58,  226.04
 722.46,  478.77,  351.01
 722.91,  475.96,  475.97
 719.52,  606.52,  228.85
 719.97,  603.71,  353.82
 720.41,  600.90,  478.79
 474.63,  348.45,  349.43
 471.80,  348.32,  474.40
 468.97,  348.19,  599.37
 474.24,  473.44,  349.55
 471.41,  473.32,  474.52
 468.59,  473.19,  599.49
 473.85,  598.44,  349.67
 471.02,  598.31,  474.64
 468.20,  598.18,  599.61
 599.59,  348.83,  352.26
 596.77,  348.70,  477.23
 593.94,  348.57,  602.19
 599.20,  473.83,  352.38
 596.38,  473.70,  477.35
 593.55,  473.57,  602.32
 598.82,  598.83,  352.50
 595.99,  598.70,  477.47
 593.16,  598.57,  602.44
 724.56,  349.22,  355.08
 721.74,  349.09,  480.05
 718.91,  348.96,  605.02
 724.17,  474.22,  355.21
 721.35,  474.09,  480.17
 718.52,  473.96,  605.14
 723.78,  599.22,  355.33
 720.96,  599.09,  480.29
 718.13,  598.96,  605.26
 476.60,  348.25,  473.21
 478.68,  347.57,  598.19
 480.75,  346.90,  723.17
 480.18,  473.19,  473.82
 482.25,  472.52,  598.80
 484.32,  471.85,  723.79
 483.75,  598.14,  474.44
 485.82,  597.47,  599.42
 487.89,  596.79,  724.40
 601.53,  344.69,  471.12
 603.61,  344.01,  596.10
 605.68,  343.34,  721.08
 605.11,  469.63,  471.73
 607.18,  468.96,  596.71
 609.25,  468.29,  721.69
 608.68,  594.58,  472.35
 610.75,  593.91,  597.33
 612.82,  593.23,  722.31
 726.47,  341.12,  469.03
 728.54,  340.45,  594.01
 730.61,  339.78,  718.99
 730.04,  466.07,  469.64
 732.11,  465.40,  594.62
 734.18,  464.72,  719.60
 733.61,  591.02,  470.26
 735.68,  590.35,  595.24
 737.76,  589.67,  720.22
 475.43,  349.54,  600.06
 473.72,  352.53,  725.01
 472.02,  355.52,  849.96
 475.05,  474.50,  597.06
 473.34,  477.50,  722.01
 471.63,  480.49,  846.97
 474.67,  599.47,  594.06
 472.96,  602.46,  719.02
 471.25,  605.45,  843.97
 600.42,  349.96,  601.75
 598.71,  352.96,  726.71
 597.00,  355.95,  851.66
 600.04,  474.93,  598.76
 598.33,  477.92,  723.71
 596.62,  480.91,  848.66
 599.65,  599.89,  595.76
 597.95,  602.88,  720.71
 596.24,  605.87,  845.67
 725.41,  350.39,  603.45
 723.70,  353.38,  728.40
 721.99,  356.37,  853.36
 725.02,  475.35,  600.46
 723.32,  478.34,  725.41
 721.61,  481.33,  850.36
 724.64,  600.31,  597.46
 722.93,  603.30,  722.41
 721.23,  606.30,  847.36
 473.10,  476.50,  100.13
 469.66,  475.32,  225.08
 466.21,  474.14,  350.03
 471.10,  601.48,  101.26
 467.65,  600.30,  226.20
 464.20,  599.12,  351.15
 469.09,  726.46,  102.38
 465.65,  725.28,  227.33
 462.20,  724.10,  352.27
 598.04,  478.47,  103.60
 594.59,  477.29,  228.55
 591.14,  476.12,  353.49
 596.04,  603.45,  104.72
 592.59,  602.27,  229.67
 589.14,  601.09,  354.62
 594.03,  728.43,  105.85
 590.58,  727.25,  230.79
 587.13,  726.07,  355.74
 722.98,  480.45,  107.07
 719.53,  479.27,  232.01
 716.08,  478.09,  356.96
 720.97,  605.42,  108.19
 717.52,  604.25,  233.14
 714.08,  603.07,  358.08
 718.97,  730.40,  109.31
 715.52,  729.23,  234.26
 712.07,  728.05,  359.21
 474.35,  474.85,  226.69
 474.63,  471.73,  351.65
 474.91,  468.61,  476.61
 471.26,  599.77,  229.82
 471.54,  596.65,  354.78
 471.81,  593.54,  479.74
 468.17,  724.69,  232.94
 468.44,  721.58,  357.90
 468.72,  718.46,  482.86
 599.32,  477.95,  226.49
 599.59,  474.83,  351.45
 599.87,  471.71,  476.41
 596.22,  602.87,  229.62
 596.50,  599.75,  354.58
 596.78,  596.64,  479.54
 593.13,  727.79,  232.74
 593.41,  724.68,  357.70
 593.68,  721.56,  482.66
 724.28,  481.05,  226.29
 724.55,  477.93,  351.25
 724.83,  474.81,  476.22
 721.18,  605.97,  229.42
 721.46,  602.85,  354.38
 721.74,  599.73,  479.34
 718.09,  730.89,  232.54
 718.37,  727.77,  357.50
 718.64,  724.66,  482.46
 474.04,  475.50,  350.73
 472.87,  475.64,  475.73
 471.71,  475.78,  600.72
 472.78,  600.49,  350.58
 471.62,  600.64,  475.57
 470.46,  600.78,  600.57
 471.53,  725.49,  350.42
 470.37,  725.63,  475.42
 469.20,  725.77,  600.41
 599.03,  476.75,  351.90
 597.86,  476.90,  476.89
 596.70,  477.04,  601.88
 597.77,  601.75,  351.74
 596.61,  601.89,  476.74
 595.45,  602.03,  601.73
 596.52,  726.74,  351.59
 595.36,  726.88,  476.58
 594.19,  727.03,  601.58
 724.01,  478.01,  353.06
 722.85,  478.15,  478.05
 721.69,  478.29,  603.05
 722.76,  603.00,  352.90
 721.60,  603.15,  477.90
 720.43,  603.29,  602.89
 721.51,  728.00,  352.75
 720.34,  728.14,  477.74
 719.18,  728.28,  602.74
 474.20,  475.01,  475.48
 473.71,  472.79,  600.46
 473.22,  470.56,  725.44
 473.06,  599.98,  477.70
 472.57,  597.76,  602.68
 472.08,  595.54,  727.66
 471.92,  724.96,  479.92
 471.43,  722.74,  604.90
 470.94,  720.51,  729.88
 599.20,  476.14,  475.99
 598.71,  473.92,  600.97
 598.22,  471.70,  725.95
 598.05,  601.12,  478.21
 597.56,  598.89,  603.19
 597.07,  596.67,  728.17
 596.91,  726.09,  480.43
 596.42,  723.87,  605.41
 595.93,  721.65,  730.39
 724.19,  477.27,  476.50
 723.70,  475.05,  601.48
 723.21,  472.83,  726.46
 723.05,  602.25,  478.72
 722.56,  600.03,  603.70
 722.07,  597.81,  728.68
 721.90,  727.23,  480.94
 721.42,  725.00,  605.92
 720.93,  722.78,  730.90
 474.86,  474.05,  601.80
 475.53,  472.77,  726.80
 476.19,  471.49,  851.79
 473.13,  599.03,  603.09
 473.79,  597.75,  728.08
 474.46,  596.48,  853.07
 471.39,  724.01,  604.37
 472.06,  722.73,  729.37
 472.72,  721.46,  854.36
 599.85,  475.79,  601.16
 600.51,  474.51,  726.15
 601.18,  473.24,  851.14
 598.11,  600.77,  602.44
 598.78,  599.49,  727.43
 599.44,  598.22,  852.43
 596.38,  725.75,  603.73
 597.05,  724.47,  728.72
 597.71,  723.20,  853.71
 724.83,  477.53,  600.51
 725.50,  476.25,  725.50
 726.16,  474.98,  850.49
 723.10,  602.51,  601.80
 723.76,  601.23,  726.79
 724.43,  599.96,  851.78
 721.37,  727.49,  603.08
 722.03,  726.21,  728.07
 722.70,  724.94,  853.06
 474.85,  601.74,  101.39
 473.56,  599.54,  226.37
 472.27,  597.35,  351.34
 471.10,  726.66,  103.55
 469.81,  724.47,  228.52
 468.52,  722.27,  353.50
 467.35,  851.59,  105.70
 466.06,  849.39,  230.68
 464.77,  847.20,  355.65
 599.79,  605.47,  102.75
 598.50,  603.27,  227.72
 597.21,  601.08,  352.70
 596.04,  730.39,  104.91
 594.75,  728.20,  229.88
 593.46,  726.00,  354.85
 592.29,  855.32,  107.06
 591.00,  853.12,  232.03
 589.71,  850.93,  357.01
 724.73,  609.19,  104.11
 723.44,  607.00,  229.08
 722.14,  604.80,  354.06
 720.98,  734.12,  106.26
 719.69,  731.92,  231.24
 718.39,  729.73,  356.21
 717.23,  859.04,  108.42
 715.94,  856.85,  233.39
 714.64,  854.65,  358.37
 476.36,  598.88,  225.35
 474.80,  595.41,  350.30
 473.24,  591.95,  475.24
 479.33,  723.79,  228.86
 477.77,  720.33,  353.80
 476.21,  716.86,  478.74
 482.30,  848.71,  232.36
 480.74,  845.24,  357.30
 479.18,  841.78,  482.24
 601.31,  595.87,  226.83
 599.76,  592.40,  351.77
 598.20,  588.94,  476.71
 604.28,  720.78,  230.33
 602.72,  717.32,  355.27
 601.16,  713.85,  480.22
 607.25,  845.70,  233.83
 605.69,  842.23,  358.77
 604.13,  838.77,  483.72
 726.27,  592.86,  228.31
 724.71,  589.39,  353.25
 723.15,  585.93,  478.19
 729.24,  717.77,  231.81
 727.68,  714.31,  356.75
 726.12,  710.84,  481.69
 732.21,  842.69,  235.31
 730.65,  839.22,  360.25
 729.09,  835.76,  485.19
 475.87,  600.79,  351.68
 474.88,  602.51,  476.66
 473.89,  604.22,  601.65
 475.67,  725.78,  349.96
 474.68,  727.50,  474.95
 473.69,  729.21,  599.93
 475.47,  850.77,  348.25
 474.48,  852.48,  473.23
 473.49,  854.20,  598.22
 600.87,  601.01,  352.67
 599.88,  602.72,  477.65
 598.89,  604.43,  602.64
 600.67,  726.00,  350.95
 599.68,  727.71,  475.94
 598.69,  729.42,  600.92
 600.47,  850.98,  349.24
 599.48,  852.70,  474.22
 598.49,  854.41,  599.20
 725.86,  601.22,  353.65
 724.88,  602.93,  478.64
 723.89,  604.65,  603.62
 725.67,  726.21,  351.94
 724.68,  727.92,  476.92
 723.69,  729.64,  601.91
 725.47,  851.20,  350.22
 724.48,  852.91,  475.21
 723.49,  854.62,  600.19
 473.88,  600.13,  475.74
 472.13,  598.81,  600.72
 470.38,  597.49,  725.70
 476.06,  725.11,  477.09
 474.32,  723.78,  602.07
 472.57,  722.46,  727.06
 478.25,  850.08,  478.45
 476.50,  848.76,  603.43
 474.75,  847.43,  728.41
 598.85,  597.93,  477.47
 597.10,  596.61,  602.45
 595.35,  595.28,  727.43
 601.03,  722.90,  478.82
 599.28,  721.58,  603.80
 597.54,  720.26,  728.78
 603.22,  847.88,  480.17
 601.47,  846.55,  605.15
 599.72,  845.23,  730.13
 723.82,  595.73,  479.19
 722.07,  594.40,  604.17
 720.32,  593.08,  729.15
 726.00,  720.70,  480.54
 724.25,  719.38,  605.52
 722.50,  718.05,  730.51
 728.19,  845.67,  481.90
 726.44,  844.35,  606.88
 724.69,  843.03,  731.86
 474.05,  601.13,  600.35
 475.99,  598.16,  725.30
 477.93,  595.18,  850.25
 475.41,  726.09,  603.31
 477.35,  723.11,  728.26
 479.29,  720.14,  853.21
 476.77,  851.05,  606.26
 478.72,  848.07,  731.21
 480.66,  845.09,  856.16
 599.03,  599.82,  598.38
 600.97,  596.84,  723.33
 602.91,  593.86,  848.28
 600.39,  724.78,  601.33
 602.33,  721.80,  726.28
 604.27,  718.82,  851.23
 601.75,  849.73,  604.29
 603.69,  846.76,  729.24
 605.63,  843.78,  854.19
 724.01,  598.50,  596.41
 725.95,  595.53,  721.35
 727.89,  592.55,  846.30
 725.37,  723.46,  599.36
 727.31,  720.48,  724.31
 729.25,  717.51,  849.26
 726.73,  848.42,  602.32
 728.67,  845.44,  727.27
 730.61,  842.46,  852.22
 600.22,  100.11,  101.59
 603.23,  103.05,  226.52
 606.25,  105.99,  351.45
 603.05,  225.04,   98.58
 606.06,  227.98,  223.51
 609.08,  230.92,  348.44
 605.88,  349.97,   95.58
 608.90,  352.91,  220.51
 611.91,  355.85,  345.43
 725.15,   97.20,   98.65
 728.16,  100.14,  223.58
 731.18,  103.08,  348.50
 727.98,  222.13,   95.64
 730.99,  225.07,  220.57
 734.01,  228.01,  345.50
 730.81,  347.07,   92.63
 733.83,  350.01,  217.56
 736.84,  352.95,  342.49
 850.08,   94.30,   95.70
 853.09,   97.24,  220.63
 856.11,  100.18,  345.56
 852.91,  219.23,   92.69
 855.93,  222.17,  217.62
 858.94,  225.11,  342.55
 855.74,  344.16,   89.68
 858.76,  347.10,  214.61
 861.77,  350.04,  339.54
 601.33,   98.22,  225.85
 599.97,   96.08,  350.82
 598.62,   93.94,  475.79
 600.34,  223.20,  227.98
 598.99,  221.06,  352.95
 597.64,  218.92,  477.92
 599.36,  348.18,  230.11
 598.00,  346.04,  355.08
 596.65,  343.90,  480.05
 726.32,   99.19,  227.21
 724.96,   97.05,  352.19
 723.61,   94.90,  477.16
 725.33,  224.16,  229.34
 723.98,  222.02,  354.32
 722.63,  219.88,  479.29
 724.34,  349.14,  231.47
 722.99,  347.00,  356.45
 721.64,  344.86,  481.42
 851.30,  100.15,  228.58
 849.95,   98.01,  353.56
 848.60,   95.87,  478.53
 850.32,  225.13,  230.71
 848.97,  222.99,  355.69
 847.62,  220.84,  480.66
 849.33,  350.10,  232.84
 847.98,  347.96,  357.82
 846.63,  345.82,  482.79
 599.18,   98.28,  349.39
 598.12,   97.16,  474.38
 597.07,   96.04,  599.37
 600.64,  223.27,  350.53
 599.58,  222.14,  475.52
 598.53,  221.02,  600.51
 602.10,  348.25,  351.66
 601.04,  347.13,  476.65
 599.99,  346.01,  601.64
 724.17,   96.81,  350.44
 723.11,   95.69,  475.43
 722.05,   94.57,  600.42
 725.62,  221.80,  351.57
 724.57,  220.68,  476.56
 723.51,  219.55,  601.55
 727.08,  346.78,  352.70
 726.03,  345.66,  477.70
 724.97,  344.54,  602.69
 849.15,   95.34,  351.48
 848.10,   94.22,  476.47
 847.04,   93.10,  601.46
 850.61,  220.33,  352.61
 849.56,  219.21,  477.60
 848.50,  218.09,  602.59
 852.07,  345.32,  353.75
 851.02,  344.19,  478.74
 849.96,  343.07,  603.73
 599.72,  100.89,  473.39
 597.68,  100.55,  598.37
 595.64,  100.20,  723.36
 596.97,  225.86,  473.69
 594.93,  225.52,  598.67
 592.89,  225.17,  723.66
 594.21,  350.83,  473.99
 592.17,  350.49,  598.97
 590.13,  350.14,  723.96
 724.68,  103.64,  475.44
 722.64,  103.30,  600.42
 720.60,  102.95,  725.40
 721.92,  228.61,  475.74
 719.88,  228.27,  600.72
 717.84,  227.92,  725.70
 719.16,  353.58,  476.04
 717.13,  353.24,  601.02
 715.09,  352.89,  726.00
 849.63,  106.39,  477.48
 847.59,  106.05,  602.47
 845.55,  105.70,  727.45
 846.87,  231.36,  477.78
 844.83,  231.02,  602.77
 842.79,  230.67,  727.75
 844.12,  356.33,  478.08
 842.08,  355.99,  603.07
 840.04,  355.64,  728.05
 598.61,  101.35,  600.26
 601.86,  104.24,  725.19
 605.11,  107.14,  850.11
 595.12,  226.27,  597.46
 598.38,  229.16,  722.39
 601.63,  232.06,  847.31
 591.64,  351.19,  594.66
 594.89,  354.08,  719.58
 598.15,  356.98,  844.51
 723.52,  104.76,  596.93
 726.77,  107.65,  721.86
 730.02,  110.54,  846.78
 720.03,  229.68,  594.13
 723.29,  232.57,  719.05
 726.54,  235.47,  843.98
 716.55,  354.60,  591.33
 719.80,  357.49,  716.25
 723.06,  360.39,  841.18
 848.42,  108.17,  593.60
 851.68,  111.06,  718.52
 854.93,  113.95,  843.45
 844.94,  233.09,  590.80
 848.19,  235.98,  715.72
 851.45,  238.87,  840.65
 841.46,  358.01,  588.00
 844.71,  360.90,  712.92
 847.96,  363.79,  837.84
 600.45,  224.38,  101.61
 603.64,  225.91,  226.56
 606.83,  227.44,  351.51
 598.95,  349.36,  100.12
 602.14,  350.89,  225.07
 605.33,  352.42,  350.02
 597.45,  474.34,   98.63
 600.64,  475.87,  223.58
 603.83,  477.40,  348.53
 725.40,  225.84,   98.40
 728.59,  227.37,  223.35
 731.78,  228.90,  348.30
 723.90,  350.82,   96.91
 727.09,  352.35,  221.86
 730.28,  353.88,  346.81
 722.40,  475.80,   95.42
 725.59,  477.33,  220.37
 728.78,  478.86,  345.32
 850.35,  227.30,   95.19
 853.54,  228.83,  220.14
 856.73,  230.36,  345.09
 848.85,  352.28,   93.70
 852.04,  353.81,  218.65
 855.23,  355.34,  343.60
 847.35,  477.26,   92.21
 850.54,  478.79,  217.16
 853.73,  480.32,  342.11
 599.67,  223.70,  225.54
 598.61,  225.54,  350.52
 597.54,  227.39,  475.51
 598.67,  348.69,  223.69
 597.61,  350.53,  348.67
 596.55,  352.37,  473.66
 597.68,  473.67,  221.84
 596.61,  475.51,  346.82
 595.55,  477.35,  471.81
 724.66,  224.71,  226.59
 723.60,  226.56,  351.57
 722.54,  228.40,  476.55
 723.66,  349.70,  224.74
 722.60,  351.54,  349.72
 721.54,  353.38,  474.70
 722.67,  474.68,  222.89
 721.61,  476.52,  347.87
 720.54,  478.36,  472.85
 849.65,  225.73,  227.64
 848.59,  227.57,  352.62
 847.53,  229.41,  477.60
 848.66,  350.71,  225.79
 847.59,  352.55,  350.77
 846.53,  354.39,  475.75
 847.66,  475.69,  223.94
 846.60,  477.53,  348.92
 845.54,  479.37,  473.90
 598.24,  224.99,  348.08
 598.53,  225.50,  473.08
 598.81,  226.00,  598.08
 600.84,  349.96,  347.57
 601.13,  350.47,  472.57
 601.41,  350.97,  597.57
 603.44,  474.93,  347.06
 603.72,  475.44,  472.06
 604.01,  475.94,  597.06
 723.21,  222.39,  347.81
 723.50,  222.90,  472.81
 723.79,  223.40,  597.81
 725.81,  347.36,  347.30
 726.10,  347.87,  472.30
 726.38,  348.37,  597.30
 728.41,  472.34,  346.79
 728.70,  472.84,  471.79
 728.98,  473.34,  596.79
 848.19,  219.79,  347.53
 848.47,  220.30,  472.53
 848.76,  220.80,  597.53
 850.78,  344.76,  347.02
 851.07,  345.27,  472.02
 851.36,  345.77,  597.02
 853.38,  469.74,  346.51
 853.67,  470.24,  471.51
 853.96,  470.75,  596.51
 601.89,  225.29,  474.13
 605.05,  222.68,  599.06
 608.21,  220.06,  723.99
 603.68,  350.25,  476.70
 606.84,  347.64,  601.63
 610.00,  345.02,  726.56
 605.48,  475.21,  479.27
 608.63,  472.60,  604.20
 611.79,  469.98,  729.13
 726.84,  223.57,  470.93
 730.00,  220.95,  595.86
 733.15,  218.33,  720.80
 728.63,  348.53,  473.50
 731.79,  345.91,  598.44
 734.95,  343.29,  723.37
 730.42,  473.49,  476.07
 733.58,  470.87,  601.01
 736.74,  468.25,  725.94
 851.78,  221.84,  467.74
 854.94,  219.22,  592.67
 858.10,  216.60,  717.60
 853.58,  346.80,  470.31
 856.74,  344.18,  595.24
 859.89,  341.57,  720.17
 855.37,  471.76,  472.88
 858.53,  469.14,  597.81
 861.69,  466.53,  722.75
 598.94,  224.14,  598.37
 595.53,  220.96,  723.28
 592.13,  217.77,  848.19
 601.64,  349.07,  601.63
 598.24,  345.89,  726.54
 594.83,  342.70,  851.45
 604.35,  474.00,  604.89
 600.94,  470.81,  729.80
 597.54,  467.63,  854.72
 723.86,  221.35,  601.70
 720.46,  218.17,  726.61
 717.05,  214.98,  851.53
 726.57,  346.28,  604.96
 723.16,  343.09,  729.88
 719.76,  339.91,  854.79
 729.27,  471.21,  608.22
 725.87,  468.02,  733.14
 722.46,  464.84,  858.05
 848.79,  218.56,  605.04
 845.38,  215.38,  729.95
 841.98,  212.19,  854.86
 851.49,  343.49,  608.30
 848.09,  340.30,  733.21
 844.68,  337.12,  858.12
 854.20,  468.42,  611.56
 850.79,  465.23,  736.47
 847.39,  462.04,  861.38
 599.09,  348.56,   98.79
 597.42,  346.70,  223.76
 595.74,  344.84,  348.74
 600.65,  473.53,  100.67
 598.98,  471.68,  225.64
 597.31,  469.82,  350.62
 602.22,  598.51,  102.54
 600.55,  596.65,  227.52
 598.87,  594.80,  352.49
 724.07,  346.97,  100.44
 722.39,  345.11,  225.41
 720.72,  343.25,  350.39
 725.63,  471.94,  102.32
 723.96,  470.09,  227.29
 722.29,  468.23,  352.27
 727.20,  596.92,  104.19
 725.53,  595.06,  229.17
 723.85,  593.21,  354.14
 849.05,  345.38,  102.09
 847.37,  343.52,  227.06
 845.70,  341.66,  352.04
 850.61,  470.35,  103.96
 848.94,  468.50,  228.94
 847.27,  466.64,  353.91
 852.18,  595.33,  105.84
 850.50,  593.47,  230.82
 848.83,  591.62,  355.79
 598.58,  350.81,  223.72
 599.97,  353.19,  348.69
 601.36,  355.56,  473.66
 597.81,  475.78,  221.36
 599.21,  478.16,  346.33
 600.60,  480.54,  471.30
 597.05,  600.76,  218.99
 598.44,  603.14,  343.96
 599.83,  605.51,  468.93
 723.57,  351.55,  222.32
 724.96,  353.92,  347.29
 726.35,  356.30,  472.26
 722.80,  476.52,  219.95
 724.20,  478.90,  344.92
 725.59,  481.27,  469.89
 722.04,  601.50,  217.58
 723.43,  603.87,  342.55
 724.82,  606.25,  467.52
 848.56,  352.28,  220.91
 849.95,  354.66,  345.88
 851.34,  357.03,  470.85
 847.79,  477.26,  218.54
 849.19,  479.63,  343.51
 850.58,  482.01,  468.48
 847.03,  602.23,  216.18
 848.42,  604.61,  341.14
 849.81,  606.98,  466.11
 601.84,  348.82,  350.72
 598.41,  347.66,  475.66
 594.99,  346.50,  600.61
 599.75,  473.80,  351.82
 596.32,  472.64,  476.77
 592.90,  471.48,  601.72
 597.66,  598.78,  352.92
 594.23,  597.62,  477.87
 590.80,  596.46,  602.82
 726.78,  350.88,  354.16
 723.35,  349.72,  479.11
 719.92,  348.56,  604.06
 724.69,  475.86,  355.27
 721.26,  474.70,  480.22
 717.83,  473.54,  605.16
 722.60,  600.84,  356.37
 719.17,  599.68,  481.32
 715.74,  598.52,  606.27
 851.71,  352.94,  357.61
 848.29,  351.78,  482.56
 844.86,  350.62,  607.51
 849.62,  477.92,  358.71
 846.19,  476.76,  483.66
 842.77,  475.60,  608.61
 847.53,  602.90,  359.82
 844.10,  601.73,  484.77
 840.68,  600.57,  609.71
 601.64,  351.48,  473.83
 600.69,  353.03,  598.81
 599.74,  354.58,  723.80
 602.32,  476.47,  472.28
 601.37,  478.02,  597.27
 600.41,  479.57,  722.25
 603.00,  601.46,  470.73
 602.05,  603.01,  595.72
 601.09,  604.56,  720.71
 726.64,  350.81,  474.79
 725.68,  352.36,  599.78
 724.73,  353.92,  724.76
 727.31,  475.80,  473.24
 726.36,  477.35,  598.23
 725.41,  478.90,  723.21
 727.99,  600.79,  471.69
 727.04,  602.34,  596.68
 726.09,  603.89,  721.67
 851.63,  350.15,  475.75
 850.68,  351.70,  600.74
 849.73,  353.25,  725.72
 852.31,  475.13,  474.20
 851.36,  476.69,  599.19
 850.40,  478.24,  724.18
 852.99,  600.12,  472.66
 852.04,  601.67,  597.64
 851.08,  603.23,  722.63
 599.33,  351.16,  598.24
 602.73,  352.15,  723.19
 606.13,  353.13,  848.14
 596.76,  476.13,  597.32
 600.16,  477.12,  722.27
 603.56,  478.10,  847.22
 594.20,  601.10,  596.40
 597.60,  602.09,  721.35
 600.99,  603.07,  846.30
 724.26,  353.70,  594.82
 727.66,  354.69,  719.77
 731.05,  355.67,  844.72
 721.69,  478.67,  593.90
 725.09,  479.66,  718.85
 728.49,  480.64,  843.80
 719.12,  603.64,  592.99
 722.52,  604.63,  717.94
 725.92,  605.61,  842.89
 849.18,  356.24,  591.40
 852.58,  357.23,  716.35
 855.98,  358.21,  841.30
 846.62,  481.21,  590.48
 850.02,  482.20,  715.43
 853.42,  483.18,  840.38
 844.05,  606.18,  589.57
 847.45,  607.17,  714.52
 850.85,  608.15,  839.47
 599.92,  475.62,   98.58
 599.22,  472.47,  223.54
 598.52,  469.33,  348.50
 602.80,  600.54,  101.74
 602.09,  597.40,  226.70
 601.39,  594.26,  351.66
 605.67,  725.47,  104.90
 604.96,  722.33,  229.86
 604.26,  719.19,  354.82
 724.89,  472.73,   99.21
 724.19,  469.59,  224.17
 723.49,  466.44,  349.13
 727.76,  597.66,  102.37
 727.06,  594.51,  227.33
 726.36,  591.37,  352.29
 730.63,  722.58,  105.53
 729.93,  719.44,  230.49
 729.23,  716.30,  355.45
 849.85,  469.84,   99.84
 849.15,  466.70,  224.80
 848.45,  463.56,  349.76
 852.73,  594.77,  103.00
 852.02,  591.63,  227.96
 851.32,  588.48,  352.92
 855.60,  719.70,  106.16
 854.89,  716.55,  231.12
 854.19,  713.41,  356.08
 598.50,  473.65,  225.01
 598.25,  472.29,  350.00
 598.00,  470.94,  474.99
 601.77,  598.60,  226.36
 601.52,  597.24,  351.36
 601.26,  595.89,  476.35
 605.04,  723.55,  227.72
 604.79,  722.19,  352.71
 604.53,  720.84,  477.71
 723.46,  470.37,  225.22
 723.20,  469.02,  350.21
 722.95,  467.67,  475.21
 726.72,  595.32,  226.58
 726.47,  593.97,  351.57
 726.22,  592.62,  476.56
 729.99,  720.27,  227.94
 729.74,  718.92,  352.93
 729.49,  717.57,  477.92
 848.41,  467.10,  225.44
 848.16,  465.75,  350.43
 847.91,  464.40,  475.42
 851.68,  592.05,  226.80
 851.43,  590.70,  351.79
 851.18,  589.35,  476.78
 854.95,  717.00,  228.15
 854.70,  715.65,  353.14
 854.45,  714.30,  478.14
 601.19,  473.67,  350.72
 602.78,  470.62,  475.67
 604.37,  467.57,  600.63
 600.80,  598.63,  353.78
 602.39,  595.58,  478.73
 603.98,  592.53,  603.68
 600.41,  723.60,  356.83
 602.00,  720.55,  481.79
 603.59,  717.50,  606.74
 726.18,  474.10,  349.14
 727.77,  471.05,  474.09
 729.36,  468.00,  599.05
 725.79,  599.06,  352.20
 727.38,  596.01,  477.15
 728.97,  592.96,  602.10
 725.40,  724.02,  355.25
 726.99,  720.97,  480.21
 728.58,  717.92,  605.16
 851.17,  474.52,  347.56
 852.76,  471.47,  472.51
 854.35,  468.42,  597.47
 850.78,  599.49,  350.62
 852.37,  596.44,  475.57
 853.96,  593.39,  600.52
 850.39,  724.45,  353.67
 851.98,  721.40,  478.63
 853.57,  718.35,  603.58
 600.88,  475.71,  473.40
 600.14,  475.37,  598.39
 599.39,  475.02,  723.39
 602.44,  600.70,  473.75
 601.69,  600.36,  598.75
 600.95,  600.01,  723.75
 603.99,  725.69,  474.11
 603.25,  725.35,  599.10
 602.51,  725.00,  724.10
 725.87,  474.15,  474.14
 725.12,  473.81,  599.13
 724.38,  473.46,  724.13
 727.43,  599.14,  474.49
 726.68,  598.80,  599.49
 725.94,  598.45,  724.48
 728.98,  724.13,  474.84
 728.24,  723.79,  599.84
 727.50,  723.44,  724.84
 850.86,  472.60,  474.87
 850.11,  472.25,  599.87
 849.37,  471.90,  724.87
 852.41,  597.58,  475.23
 851.67,  597.24,  600.23
 850.93,  596.89,  725.22
 853.97,  722.57,  475.58
 853.23,  722.23,  600.58
 852.48,  721.88,  725.58
 599.08,  473.75,  601.17
 596.17,  474.50,  726.14
 593.27,  475.25,  851.10
 597.00,  598.73,  600.38
 594.10,  599.48,  725.34
 591.19,  600.23,  850.30
 594.92,  723.71,  599.58
 592.02,  724.46,  724.54
 589.11,  725.21,  849.51
 724.03,  475.85,  604.07
 721.12,  476.60,  729.03
 718.22,  477.34,  853.99
 721.95,  600.83,  603.27
 719.04,  601.58,  728.23
 716.14,  602.32,  853.20
 719.87,  725.81,  602.48
 716.96,  726.56,  727.44
 714.06,  727.30,  852.40
 848.98,  477.95,  606.96
 846.07,  478.69,  731.92
 843.16,  479.44,  856.89
 846.90,  602.93,  606.17
 843.99,  603.67,  731.13
 841.09,  604.42,  856.09
 844.82,  727.91,  605.37
 841.91,  728.65,  730.33
 839.01,  729.40,  855.30
 600.10,  600.75,  100.11
 596.55,  603.33,  225.03
 593.00,  605.91,  349.95
 600.45,  725.72,   97.54
 596.90,  728.30,  222.46
 593.35,  730.88,  347.38
 600.80,  850.70,   94.97
 597.25,  853.28,  219.89
 593.70,  855.86,  344.81
 725.05,  600.48,  103.67
 721.50,  603.06,  228.59
 717.94,  605.63,  353.51
 725.40,  725.45,  101.10
 721.85,  728.03,  226.02
 718.29,  730.61,  350.94
 725.75,  850.42,   98.53
 722.20,  853.00,  223.45
 718.64,  855.58,  348.37
 850.00,  600.20,  107.23
 846.45,  602.78,  232.15
 842.89,  605.36,  357.08
 850.35,  725.17,  104.66
 846.80,  727.75,  229.58
 843.24,  730.33,  354.50
 850.70,  850.14,  102.09
 847.15,  852.72,  227.01
 843.59,  855.30,  351.93
 599.15,  600.75,  226.23
 599.26,  602.47,  351.21
 599.37,  604.19,  476.20
 601.44,  725.72,  224.51
 601.55,  727.44,  349.50
 601.66,  729.15,  474.48
 603.73,  850.69,  222.79
 603.83,  852.41,  347.78
 603.94,  854.12,  472.77
 724.13,  598.47,  226.15
 724.24,  600.18,  351.14
 724.35,  601.90,  476.13
 726.42,  723.43,  224.43
 726.53,  725.15,  349.42
 726.64,  726.87,  474.41
 728.70,  848.40,  222.71
 728.81,  850.12,  347.70
 728.92,  851.83,  472.69
 849.11,  596.18,  226.07
 849.22,  597.89,  351.06
 849.33,  599.61,  476.05
 851.40,  721.14,  224.35
 851.51,  722.86,  349.34
 851.61,  724.58,  474.33
 853.68,  846.11,  222.63
 853.79,  847.83,  347.62
 853.90,  849.55,  472.61
 600.33,  600.79,  348.17
 599.10,  602.57,  473.15
 597.87,  604.34,  598.13
 600.45,  725.77,  346.39
 599.22,  727.55,  471.37
 597.99,  729.33,  596.36
 600.57,  850.76,  344.62
 599.34,  852.54,  469.60
 598.11,  854.32,  594.58
 725.33,  600.68,  349.41
 724.09,  602.46,  474.39
 722.86,  604.24,  599.37
 725.45,  725.67,  347.63
 724.21,  727.45,  472.61
 722.98,  729.23,  597.59
 725.57,  850.66,  345.85
 724.33,  852.44,  470.83
 723.10,  854.22,  595.81
 850.32,  600.58,  350.64
 849.09,  602.36,  475.62
 847.86,  604.14,  600.60
 850.44,  725.57,  348.86
 849.21,  727.35,  473.84
 847.98,  729.13,  598.83
 850.56,  850.56,  347.09
 849.33,  852.33,  472.07
 848.10,  854.11,  597.05
 601.27,  600.78,  473.34
 599.38,  597.94,  598.29
 597.50,  595.11,  723.24
 597.58,  725.69,  476.11
 595.70,  722.86,  601.07
 593.81,  720.02,  726.02
 593.89,  850.61,  478.89
 592.01,  847.77,  603.85
 590.13,  844.94,  728.80
 726.20,  604.42,  475.30
 724.32,  601.59,  600.25
 722.43,  598.75,  725.21
 722.51,  729.34,  478.08
 720.63,  726.50,  603.03
 718.75,  723.67,  727.99
 718.82,  854.25,  480.86
 716.94,  851.42,  605.81
 715.06,  848.58,  730.76
 851.13,  608.07,  477.27
 849.25,  605.23,  602.22
 847.36,  602.40,  727.17
 847.44,  732.98,  480.04
 845.56,  730.15,  605.00
 843.68,  727.31,  729.95
 843.76,  857.89,  482.82
 841.87,  855.06,  607.78
 839.99,  852.23,  732.73
 600.57,  601.89,  601.84
 598.58,  602.30,  726.83
 596.60,  602.70,  851.81
 600.77,  726.89,  601.44
 598.79,  727.29,  726.42
 596.80,  727.70,  851.41
 600.98,  851.89,  601.04
 598.99,  852.29,  726.02
 597.01,  852.70,  851.00
 725.55,  601.69,  603.83
 723.56,  602.10,  728.81
 721.58,  602.50,  853.80
 725.76,  726.69,  603.43
 723.77,  727.09,  728.41
 721.79,  727.50,  853.39
 725.96,  851.69,  603.02
 723.98,  852.09,  728.01
 721.99,  852.50,  852.99
 850.53,  601.49,  605.81
 848.55,  601.90,  730.80
 846.56,  602.30,  855.78
 850.74,  726.49,  605.41
 848.75,  726.90,  730.40
 846.77,  727.30,  855.38
 850.95,  851.49,  605.01
 848.96,  851.89,  729.99
 846.98,  852.30,  854.98