27, 125, pa2-unknown-h-output1.txt
 188.68,  194.30,  209.23
 391.84,  396.79,  197.44
  98.95,  101.53,   99.18
  98.45,  103.50,  224.17
  97.95,  105.47,  349.15
  98.60,  226.52,   97.22
  98.09,  228.48,  222.20
  97.59,  230.45,  347.18
  98.24,  351.50,   95.25
  97.74,  353.47,  220.23
  97.23,  355.43,  345.21
 223.95,  101.90,   99.68
 223.45,  103.86,  224.67
 222.95,  105.83,  349.65
 223.60,  226.88,   97.71
 223.09,  228.85,  222.70
 222.59,  230.81,  347.68
 223.24,  351.86,   95.75
 222.73,  353.83,  220.73
 222.23,  355.80,  345.71
 348.95,  102.26,  100.18
 348.45,  104.23,  225.16
 347.94,  106.20,  350.15
 348.59,  227.24,   98.21
 348.09,  229.21,  223.20
 347.59,  231.18,  348.18
 348.24,  352.23,   96.24
 347.73,  354.20,  221.23
 347.23,  356.16,  346.21
 100.40,   99.87,  225.50
  98.65,  102.42,  350.46
  96.91,  104.97,  475.42
  99.92,  224.84,  222.94
  98.17,  227.39,  347.90
  96.43,  229.94,  472.86
  99.44,  349.82,  220.39
  97.70,  352.37,  345.35
  95.95,  354.91,  470.31
 225.39,  100.39,  227.23
 223.64,  102.93,  352.19
 221.90,  105.48,  477.15
 224.91,  225.36,  224.68
 223.16,  227.91,  349.64
 221.42,  230.45,  474.60
 224.43,  350.33,  222.12
 222.68,  352.88,  347.08
 220.94,  355.43,  472.04
 350.37,  100.90,  228.96
 348.63,  103.45,  353.93
 346.88,  106.00,  478.89
 349.89,  225.88,  226.41
 348.15,  228.42,  351.37
 346.40,  230.97,  476.33
 349.41,  350.85,  223.86
 347.67,  353.40,  348.82
 345.92,  355.94,  473.78
  98.30,  100.06,  348.45
  99.45,  101.11,  473.44
 100.59,  102.17,  598.43
  97.63,  225.06,  347.41
  98.78,  226.11,  472.40
  99.92,  227.16,  597.39
  96.97,  350.05,  346.36
  98.11,  351.10,  471.35
  99.25,  352.15,  596.34
 223.30,  100.72,  347.31
 224.44,  101.77,  472.30
 225.58,  102.83,  597.29
 222.63,  225.72,  346.26
 223.77,  226.77,  471.25
 224.91,  227.82,  596.24
 221.96,  350.71,  345.21
 223.10,  351.76,  470.20
 224.24,  352.81,  595.19
 348.29,  101.38,  346.16
 349.43,  102.43,  471.15
 350.57,  103.49,  596.14
 347.62,  226.37,  345.11
 348.76,  227.43,  470.10
 349.91,  228.48,  595.09
 346.95,  351.37,  344.07
 348.09,  352.42,  469.06
 349.24,  353.47,  594.05
 101.44,  100.45,  474.09
  98.11,   97.85,  599.01
  94.78,   95.24,  723.94
 104.87,  225.37,  476.78
 101.54,  222.77,  601.71
  98.21,  220.17,  726.64
 108.30,  350.30,  479.47
 104.97,  347.69,  604.40
 101.64,  345.09,  729.33
 226.35,   96.95,  477.34
 223.02,   94.35,  602.27
 219.69,   91.74,  727.20
 229.78,  221.87,  480.04
 226.45,  219.27,  604.97
 223.12,  216.67,  729.89
 233.21,  346.80,  482.73
 229.88,  344.19,  607.66
 226.55,  341.59,  732.59
 351.26,   93.45,  480.60
 347.93,   90.85,  605.53
 344.60,   88.25,  730.46
 354.69,  218.37,  483.30
 351.36,  215.77,  608.22
 348.02,  213.17,  733.15
 358.12,  343.30,  485.99
 354.79,  340.69,  610.92
 351.45,  338.09,  735.85
  99.19,  100.49,  598.40
 101.90,   98.57,  723.35
 104.61,   96.65,  848.31
  97.34,  225.46,  600.36
 100.05,  223.54,  725.31
 102.76,  221.62,  850.27
  95.48,  350.43,  602.32
  98.19,  348.51,  727.27
 100.90,  346.59,  852.23
 224.15,  102.39,  595.72
 226.86,  100.47,  720.67
 229.57,   98.55,  845.63
 222.29,  227.36,  597.68
 225.00,  225.44,  722.63
 227.71,  223.52,  847.59
 220.44,  352.33,  599.64
 223.15,  350.41,  724.59
 225.86,  348.49,  849.55
 349.11,  104.29,  593.04
 351.82,  102.37,  717.99
 354.53,  100.45,  842.95
 347.25,  229.26,  595.00
 349.96,  227.34,  719.95
 352.67,  225.42,  844.91
 345.39,  354.23,  596.96
 348.10,  352.31,  721.91
 350.81,  350.39,  846.87
 101.93,  225.22,  101.77
 101.60,  228.49,  226.73
 101.27,  231.77,  351.68
 102.06,  350.17,   98.49
 101.73,  353.45,  223.45
 101.40,  356.73,  348.41
 102.19,  475.13,   95.22
 101.87,  478.41,  220.17
 101.54,  481.68,  345.13
 226.92,  225.09,  102.10
 226.60,  228.37,  227.06
 226.27,  231.64,  352.01
 227.06,  350.05,   98.83
 226.73,  353.32,  223.78
 226.40,  356.60,  348.74
 227.19,  475.00,   95.55
 226.87,  478.28,  220.51
 226.54,  481.56,  345.46
 351.92,  224.96,  102.43
 351.60,  228.24,  227.39
 351.27,  231.52,  352.35
 352.06,  349.92,   99.16
 351.73,  353.20,  224.11
 351.40,  356.48,  349.07
 352.19,  474.88,   95.88
 351.87,  478.16,  220.84
 351.54,  481.43,  345.79
  99.68,  224.18,  223.20
  97.03,  225.60,  348.16
  94.39,  227.02,  473.12
 100.02,  349.17,  221.78
  97.37,  350.59,  346.74
  94.72,  352.01,  471.71
 100.35,  474.16,  220.37
  97.71,  475.58,  345.33
  95.06,  477.00,  470.29
 224.65,  223.87,  225.84
 222.00,  225.29,  350.81
 219.36,  226.71,  475.77
 224.99,  348.86,  224.43
 222.34,  350.28,  349.39
 219.70,  351.70,  474.36
 225.32,  473.85,  223.02
 222.68,  475.27,  347.98
 220.03,  476.69,  472.94
 349.62,  223.56,  228.49
 346.98,  224.98,  353.46
 344.33,  226.40,  478.42
 349.96,  348.55,  227.08
 347.31,  349.97,  352.04
 344.67,  351.40,  477.01
 350.30,  473.54,  225.67
 347.65,  474.97,  350.63
 345.00,  476.39,  475.59
  98.68,  224.14,  349.73
  99.62,  220.85,  474.68
 100.57,  217.56,  599.64
  98.52,  349.10,  353.02
  99.47,  345.81,  477.97
 100.41,  342.52,  602.93
  98.36,  474.05,  356.31
  99.31,  470.76,  481.26
 100.25,  467.47,  606.22
 223.68,  224.32,  348.79
 224.62,  221.03,  473.74
 225.56,  217.74,  598.70
 223.52,  349.28,  352.08
 224.46,  345.99,  477.03
 225.41,  342.70,  601.99
 223.36,  474.24,  355.37
 224.30,  470.95,  480.32
 225.25,  467.66,  605.28
 348.67,  224.51,  347.85
 349.62,  221.22,  472.80
 350.56,  217.93,  597.76
 348.51,  349.46,  351.14
 349.46,  346.17,  476.09
 350.40,  342.88,  601.05
 348.36,  474.42,  354.43
 349.30,  471.13,  479.39
 350.24,  467.84,  604.34
 101.05,  224.58,  474.63
 104.02,  224.64,  599.59
 106.99,  224.69,  724.56
 103.38,  349.55,  474.51
 106.35,  349.61,  599.48
 109.32,  349.67,  724.44
 105.71,  474.53,  474.40
 108.68,  474.59,  599.36
 111.65,  474.65,  724.33
 225.99,  222.24,  471.66
 228.96,  222.30,  596.62
 231.93,  222.36,  721.59
 228.32,  347.22,  471.54
 231.29,  347.28,  596.51
 234.26,  347.34,  721.47
 230.65,  472.20,  471.43
 233.62,  472.26,  596.39
 236.59,  472.32,  721.36
 350.93,  219.91,  468.69
 353.90,  219.97,  593.65
 356.87,  220.03,  718.62
 353.26,  344.89,  468.57
 356.23,  344.95,  593.54
 359.21,  345.01,  718.50
 355.59,  469.87,  468.46
 358.56,  469.93,  593.43
 361.54,  469.99,  718.39
 101.02,  226.79,  601.52
  97.80,  228.58,  726.47
  94.58,  230.36,  851.41
  98.25,  351.75,  599.67
  95.03,  353.53,  724.61
  91.80,  355.31,  849.56
  95.48,  476.70,  597.81
  92.25,  478.49,  722.76
  89.03,  480.27,  847.70
 225.95,  229.61,  604.70
 222.73,  231.40,  729.65
 219.51,  233.18,  854.59
 223.18,  354.57,  602.85
 219.95,  356.35,  727.79
 216.73,  358.13,  852.74
 220.40,  479.52,  600.99
 217.18,  481.31,  725.94
 213.96,  483.09,  850.88
 350.88,  232.43,  607.88
 347.66,  234.22,  732.83
 344.43,  236.00,  857.78
 348.10,  357.39,  606.03
 344.88,  359.17,  730.98
 341.66,  360.96,  855.92
 345.33,  482.35,  604.18
 342.11,  484.13,  729.12
 338.89,  485.91,  854.07
  98.35,  348.86,   98.32
  96.47,  351.76,  223.27
  94.58,  354.66,  348.22
 101.54,  473.79,   95.47
  99.65,  476.69,  220.42
  97.77,  479.59,  345.37
 104.72,  598.71,   92.62
 102.83,  601.61,  217.57
 100.95,  604.51,  342.52
 223.30,  345.72,  100.28
 221.41,  348.62,  225.23
 219.53,  351.52,  350.18
 226.48,  470.65,   97.43
 224.60,  473.55,  222.38
 222.71,  476.45,  347.33
 229.66,  595.57,   94.57
 227.78,  598.47,  219.53
 225.89,  601.37,  344.48
 348.24,  342.58,  102.24
 346.36,  345.48,  227.19
 344.47,  348.38,  352.14
 351.43,  467.51,   99.38
 349.54,  470.41,  224.34
 347.66,  473.31,  349.29
 354.61,  592.43,   96.53
 352.72,  595.33,  221.49
 350.84,  598.23,  346.44
  99.70,  351.31,  225.85
  99.74,  352.10,  350.85
  99.78,  352.88,  475.85
 101.75,  476.29,  225.06
 101.78,  477.08,  350.06
 101.82,  477.86,  475.06
 103.79,  601.27,  224.28
 103.83,  602.06,  349.28
 103.86,  602.84,  474.27
 224.69,  349.27,  225.83
 224.73,  350.05,  350.82
 224.76,  350.84,  475.82
 226.73,  474.25,  225.04
 226.77,  475.03,  350.04
 226.81,  475.82,  475.04
 228.77,  599.23,  224.25
 228.81,  600.01,  349.25
 228.85,  600.80,  474.25
 349.67,  347.23,  225.80
 349.71,  348.01,  350.80
 349.75,  348.80,  475.80
 351.71,  472.21,  225.02
 351.75,  472.99,  350.01
 351.79,  473.78,  475.01
 353.76,  597.19,  224.23
 353.79,  597.97,  349.23
 353.83,  598.76,  474.23
  99.96,  351.36,  351.69
 103.41,  354.83,  476.60
 106.86,  358.29,  601.50
 102.57,  476.29,  348.16
 106.02,  479.75,  473.06
 109.47,  483.21,  597.97
 105.18,  601.21,  344.62
 108.63,  604.67,  469.53
 112.08,  608.13,  594.43
 224.89,  348.66,  348.32
 228.34,  352.12,  473.22
 231.79,  355.58,  598.12
 227.50,  473.58,  344.78
 230.95,  477.04,  469.69
 234.40,  480.51,  594.59
 230.11,  598.51,  341.25
 233.56,  601.97,  466.15
 237.01,  605.43,  591.06
 349.81,  345.96,  344.94
 353.26,  349.42,  469.84
 356.71,  352.88,  594.75
 352.42,  470.88,  341.40
 355.87,  474.34,  466.31
 359.32,  477.80,  591.21
 355.03,  595.80,  337.87
 358.48,  599.26,  462.77
 361.93,  602.72,  587.68
  99.52,  349.48,  475.14
  96.95,  351.02,  600.11
  94.39,  352.57,  725.07
  96.51,  474.43,  473.54
  93.94,  475.98,  598.50
  91.38,  477.52,  723.47
  93.50,  599.39,  471.93
  90.93,  600.93,  596.90
  88.37,  602.47,  721.86
 224.46,  352.52,  477.67
 221.89,  354.06,  602.63
 219.33,  355.61,  727.60
 221.45,  477.47,  476.06
 218.88,  479.02,  601.03
 216.32,  480.56,  725.99
 218.44,  602.43,  474.46
 215.87,  603.97,  599.42
 213.31,  605.51,  724.39
 349.39,  355.56,  480.20
 346.83,  357.11,  605.16
 344.26,  358.65,  730.12
 346.38,  480.52,  478.59
 343.82,  482.06,  603.56
 341.25,  483.60,  728.52
 343.37,  605.47,  476.99
 340.81,  607.01,  601.95
 338.24,  608.56,  726.91
 101.07,  349.44,  601.63
  99.86,  350.86,  726.62
  98.65,  352.27,  851.61
  98.53,  474.41,  600.19
  97.32,  475.82,  725.18
  96.12,  477.24,  850.17
  96.00,  599.37,  598.75
  94.79,  600.79,  723.74
  93.58,  602.20,  848.73
 226.03,  351.98,  602.81
 224.82,  353.40,  727.80
 223.62,  354.82,  852.79
 223.50,  476.95,  601.37
 222.29,  478.37,  726.36
 221.08,  479.78,  851.35
 220.97,  601.92,  599.93
 219.76,  603.33,  724.92
 218.55,  604.75,  849.91
 351.00,  354.53,  603.99
 349.79,  355.95,  728.98
 348.58,  357.36,  853.97
 348.47,  479.50,  602.55
 347.26,  480.91,  727.54
 346.05,  482.33,  852.53
 345.94,  604.46,  601.11
 344.73,  605.88,  726.10
 343.52,  607.29,  851.09
  98.16,  476.23,  101.43
  99.79,  473.16,  226.38
 101.42,  470.10,  351.33
  95.65,  601.16,  104.52
  97.28,  598.10,  229.47
  98.91,  595.04,  354.43
  93.14,  726.10,  107.62
  94.77,  723.04,  232.57
  96.40,  719.97,  357.52
 223.12,  478.78,   99.86
 224.75,  475.71,  224.81
 226.38,  472.65,  349.76
 220.61,  603.71,  102.96
 222.24,  600.65,  227.91
 223.87,  597.59,  352.86
 218.10,  728.65,  106.05
 219.73,  725.59,  231.00
 221.36,  722.52,  355.95
 348.09,  481.32,   98.29
 349.72,  478.26,  223.25
 351.35,  475.20,  348.20
 345.58,  606.26,  101.39
 347.21,  603.20,  226.34
 348.84,  600.14,  351.29
 343.07,  731.20,  104.48
 344.70,  728.14,  229.44
 346.33,  725.07,  354.39
  99.44,  475.25,  223.56
  96.00,  477.43,  348.49
  92.55,  479.61,  473.43
 100.14,  600.23,  221.40
  96.70,  602.41,  346.33
  93.26,  604.59,  471.27
 100.84,  725.21,  219.24
  97.40,  727.39,  344.17
  93.96,  729.57,  469.11
 224.39,  474.61,  227.01
 220.95,  476.79,  351.95
 217.50,  478.96,  476.88
 225.09,  599.59,  224.85
 221.65,  601.77,  349.79
 218.21,  603.94,  474.72
 225.79,  724.57,  222.69
 222.35,  726.74,  347.63
 218.91,  728.92,  472.56
 349.34,  473.96,  230.47
 345.90,  476.14,  355.40
 342.45,  478.32,  480.33
 350.04,  598.94,  228.31
 346.60,  601.12,  353.24
 343.16,  603.30,  478.17
 350.75,  723.92,  226.14
 347.30,  726.10,  351.08
 343.86,  728.28,  476.01
 100.90,  475.84,  348.67
  98.13,  479.05,  473.60
  95.37,  482.26,  598.52
 100.07,  600.80,  345.44
  97.30,  604.00,  470.37
  94.53,  607.21,  595.30
  99.24,  725.75,  342.21
  96.47,  728.96,  467.14
  93.70,  732.17,  592.07
 225.87,  476.74,  351.41
 223.10,  479.95,  476.34
 220.33,  483.16,  601.27
 225.04,  601.70,  348.19
 222.27,  604.91,  473.12
 219.50,  608.11,  598.04
 224.20,  726.65,  344.96
 221.44,  729.86,  469.89
 218.67,  733.07,  594.82
 350.84,  477.65,  354.16
 348.07,  480.85,  479.09
 345.30,  484.06,  604.02
 350.00,  602.60,  350.93
 347.23,  605.81,  475.86
 344.47,  609.02,  600.79
 349.17,  727.56,  347.71
 346.40,  730.77,  472.64
 343.63,  733.97,  597.56
  99.93,  476.32,  476.01
 100.75,  478.78,  600.98
 101.57,  481.24,  725.95
 103.50,  601.25,  473.52
 104.32,  603.71,  598.50
 105.14,  606.16,  723.47
 107.07,  726.17,  471.04
 107.89,  728.63,  596.02
 108.71,  731.09,  720.99
 224.87,  472.74,  475.25
 225.70,  475.20,  600.23
 226.52,  477.65,  725.20
 228.44,  597.66,  472.77
 229.27,  600.12,  597.75
 230.09,  602.58,  722.72
 232.01,  722.59,  470.29
 232.84,  725.04,  595.26
 233.66,  727.50,  720.24
 349.82,  469.15,  474.50
 350.64,  471.61,  599.47
 351.47,  474.07,  724.45
 353.39,  594.08,  472.02
 354.21,  596.53,  596.99
 355.04,  598.99,  721.97
 356.96,  719.00,  469.54
 357.78,  721.46,  594.51
 358.61,  723.92,  719.49
  99.95,  474.44,  601.26
  99.39,  477.78,  726.22
  98.83,  481.11,  851.17
 100.72,  599.40,  597.93
 100.16,  602.73,  722.89
  99.59,  606.06,  847.84
 101.49,  724.35,  594.60
 100.93,  727.68,  719.56
 100.36,  731.01,  844.51
 224.95,  473.69,  601.85
 224.39,  477.02,  726.80
 223.82,  480.35,  851.75
 225.72,  598.64,  598.52
 225.15,  601.98,  723.47
 224.59,  605.31,  848.43
 226.49,  723.60,  595.19
 225.92,  726.93,  720.14
 225.36,  730.26,  845.10
 349.95,  472.94,  602.43
 349.38,  476.27,  727.38
 348.82,  479.60,  852.34
 350.72,  597.89,  599.10
 350.15,  601.22,  724.06
 349.59,  604.55,  849.01
 351.48,  722.84,  595.77
 350.92,  726.18,  720.73
 350.36,  729.51,  845.68
 101.30,  598.89,  101.61
 103.50,  598.12,  226.59
 105.70,  597.35,  351.56
 104.09,  723.85,  102.33
 106.29,  723.09,  227.30
 108.49,  722.32,  352.28
 106.88,  848.82,  103.05
 109.08,  848.05,  228.02
 111.28,  847.28,  353.00
 226.25,  596.11,   99.39
 228.45,  595.34,  224.37
 230.65,  594.57,  349.35
 229.04,  721.08,  100.11
 231.24,  720.31,  225.09
 233.44,  719.54,  350.06
 231.83,  846.04,  100.83
 234.03,  845.27,  225.81
 236.23,  844.51,  350.78
 351.20,  593.33,   97.17
 353.40,  592.56,  222.15
 355.60,  591.79,  347.13
 353.99,  718.30,   97.89
 356.19,  717.53,  222.87
 358.39,  716.76,  347.85
 356.78,  843.26,   98.61
 358.98,  842.50,  223.59
 361.18,  841.73,  348.57
  98.70,  601.93,  225.64
  95.42,  598.53,  350.55
  92.14,  595.13,  475.46
  97.81,  726.88,  229.02
  94.53,  723.48,  353.93
  91.26,  720.08,  478.84
  96.93,  851.83,  232.40
  93.65,  848.43,  357.31
  90.37,  845.03,  482.22
 223.65,  602.72,  228.94
 220.37,  599.32,  353.85
 217.09,  595.92,  478.77
 222.77,  727.67,  232.32
 219.49,  724.27,  357.23
 216.21,  720.87,  482.14
 221.89,  852.62,  235.70
 218.61,  849.22,  360.61
 215.33,  845.82,  485.52
 348.60,  603.51,  232.25
 345.32,  600.11,  357.16
 342.04,  596.71,  482.07
 347.72,  728.46,  235.62
 344.44,  725.06,  360.54
 341.16,  721.66,  485.45
 346.84,  853.42,  239.00
 343.56,  850.01,  363.91
 340.28,  846.61,  488.82
  98.66,  601.74,  348.61
  97.49,  603.07,  473.60
  96.32,  604.40,  598.59
  96.49,  726.71,  347.26
  95.33,  728.04,  472.25
  94.16,  729.37,  597.24
  94.33,  851.68,  345.91
  93.16,  853.02,  470.90
  91.99,  854.35,  595.88
 223.64,  603.92,  349.76
 222.47,  605.25,  474.75
 221.30,  606.58,  599.74
 221.47,  728.89,  348.41
 220.30,  730.22,  473.40
 219.13,  731.55,  598.38
 219.30,  853.86,  347.05
 218.13,  855.20,  472.04
 216.97,  856.53,  597.03
 348.61,  606.09,  350.91
 347.44,  607.43,  475.89
 346.28,  608.76,  600.88
 346.45,  731.07,  349.55
 345.28,  732.40,  474.54
 344.11,  733.73,  599.53
 344.28,  856.04,  348.20
 343.11,  857.38,  473.19
 341.94,  858.71,  598.18
  98.79,  599.67,  473.11
  98.51,  601.92,  598.09
  98.22,  604.17,  723.07
 100.86,  724.63,  470.87
 100.58,  726.88,  595.85
 100.30,  729.13,  720.83
 102.93,  849.60,  468.62
 102.65,  851.85,  593.60
 102.37,  854.10,  718.58
 223.77,  597.60,  473.43
 223.49,  599.85,  598.41
 223.21,  602.10,  723.39
 225.84,  722.57,  471.19
 225.56,  724.81,  596.16
 225.28,  727.06,  721.14
 227.92,  847.53,  468.94
 227.64,  849.78,  593.92
 227.36,  852.03,  718.90
 348.75,  595.53,  473.75
 348.47,  597.78,  598.73
 348.19,  600.03,  723.71
 350.82,  720.50,  471.50
 350.54,  722.75,  596.48
 350.26,  725.00,  721.46
 352.90,  845.46,  469.26
 352.62,  847.71,  594.24
 352.34,  849.96,  719.22
 100.81,  599.96,  598.19
  99.19,  601.99,  723.16
  97.57,  604.01,  848.14
 101.97,  724.94,  596.18
 100.35,  726.97,  721.15
  98.73,  728.99,  846.13
 103.14,  849.92,  594.17
 101.51,  851.95,  719.14
  99.89,  853.97,  844.12
 225.80,  598.83,  599.83
 224.17,  600.85,  724.80
 222.55,  602.88,  849.78
 226.96,  723.81,  597.82
 225.34,  725.83,  722.79
 223.71,  727.86,  847.77
 228.12,  848.78,  595.81
 226.50,  850.81,  720.78
 224.88,  852.83,  845.76
 350.78,  597.69,  601.47
 349.16,  599.72,  726.45
 347.53,  601.74,  851.42
 351.94,  722.67,  599.46
 350.32,  724.69,  724.44
 348.70,  726.72,  849.41
 353.11,  847.65,  597.45
 351.48,  849.67,  722.43
 349.86,  851.70,  847.40
 224.09,  101.25,  101.38
 225.51,  102.48,  226.36
 226.93,  103.71,  351.35
 220.77,  226.20,  100.18
 222.19,  227.43,  225.17
 223.62,  228.66,  350.15
 217.45,  351.15,   98.99
 218.87,  352.38,  223.98
 220.30,  353.61,  348.96
 349.03,  104.55,   99.92
 350.46,  105.78,  224.90
 351.88,  107.01,  349.89
 345.72,  229.50,   98.73
 347.14,  230.73,  223.71
 348.56,  231.96,  348.70
 342.40,  354.45,   97.53
 343.82,  355.68,  222.52
 345.25,  356.91,  347.51
 473.98,  107.86,   98.46
 475.41,  109.09,  223.45
 476.83,  110.32,  348.43
 470.66,  232.81,   97.27
 472.09,  234.04,  222.26
 473.51,  235.27,  347.24
 467.35,  357.76,   96.08
 468.77,  358.99,  221.06
 470.19,  360.22,  346.05
 224.71,  101.07,  223.77
 226.23,   98.51,  348.74
 227.75,   95.95,  473.70
 227.50,  226.01,  226.30
 229.02,  223.45,  351.26
 230.54,  220.89,  476.22
 230.28,  350.96,  228.82
 231.80,  348.40,  353.79
 233.33,  345.84,  478.75
 349.67,   98.31,  222.19
 351.19,   95.76,  347.16
 352.71,   93.20,  472.12
 352.46,  223.26,  224.72
 353.98,  220.70,  349.68
 355.50,  218.14,  474.65
 355.24,  348.20,  227.24
 356.76,  345.64,  352.21
 358.29,  343.08,  477.17
 474.63,   95.56,  220.62
 476.15,   93.00,  345.58
 477.67,   90.44,  470.55
 477.42,  220.50,  223.14
 478.94,  217.95,  348.11
 480.46,  215.39,  473.07
 480.20,  345.45,  225.67
 481.72,  342.89,  350.63
 483.24,  340.33,  475.59
 225.70,  101.35,  348.31
 228.49,   99.62,  473.26
 231.28,   97.89,  598.22
 222.97,  226.30,  350.09
 225.76,  224.58,  475.05
 228.55,  222.85,  600.01
 220.23,  351.26,  351.88
 223.02,  349.53,  476.84
 225.81,  347.81,  601.79
 350.64,  104.12,  345.55
 353.43,  102.39,  470.51
 356.22,  100.67,  595.47
 347.91,  229.08,  347.34
 350.70,  227.35,  472.30
 353.49,  225.63,  597.26
 345.17,  354.03,  349.13
 347.96,  352.31,  474.09
 350.75,  350.58,  599.04
 475.58,  106.89,  342.80
 478.37,  105.17,  467.76
 481.16,  103.44,  592.72
 472.85,  231.85,  344.59
 475.63,  230.13,  469.55
 478.42,  228.40,  594.50
 470.11,  356.81,  346.38
 472.90,  355.08,  471.34
 475.69,  353.36,  596.29
 224.74,   98.37,  476.76
 226.57,   98.72,  601.74
 228.40,   99.07,  726.73
 226.42,  223.35,  476.38
 228.25,  223.71,  601.37
 230.08,  224.06,  726.35
 228.10,  348.34,  476.00
 229.93,  348.70,  600.99
 231.75,  349.05,  725.98
 349.72,   96.68,  474.94
 351.55,   97.03,  599.92
 353.37,   97.39,  724.91
 351.40,  221.67,  474.56
 353.22,  222.02,  599.55
 355.05,  222.38,  724.53
 353.08,  346.66,  474.18
 354.90,  347.01,  599.17
 356.73,  347.36,  724.16
 474.69,   95.00,  473.11
 476.52,   95.35,  598.10
 478.35,   95.70,  723.09
 476.37,  219.99,  472.74
 478.20,  220.34,  597.72
 480.03,  220.69,  722.71
 478.05,  344.97,  472.36
 479.88,  345.33,  597.35
 481.70,  345.68,  722.33
 226.60,  100.85,  600.66
 229.85,  102.45,  725.61
 233.10,  104.05,  850.56
 228.91,  225.82,  599.00
 232.16,  227.42,  723.95
 235.40,  229.02,  848.90
 231.22,  350.79,  597.34
 234.46,  352.39,  722.29
 237.71,  353.98,  847.24
 351.54,   98.50,  597.45
 354.79,  100.10,  722.39
 358.03,  101.70,  847.34
 353.85,  223.47,  595.79
 357.09,  225.07,  720.73
 360.34,  226.67,  845.68
 356.15,  348.44,  594.13
 359.40,  350.04,  719.08
 362.65,  351.64,  844.02
 476.48,   96.16,  594.23
 479.72,   97.75,  719.18
 482.97,   99.35,  844.12
 478.78,  221.12,  592.57
 482.03,  222.72,  717.52
 485.28,  224.32,  842.47
 481.09,  346.09,  590.91
 484.34,  347.69,  715.86
 487.58,  349.29,  840.81
 226.79,  226.99,   98.74
 228.92,  226.57,  223.73
 231.04,  226.16,  348.71
 227.83,  351.98,   99.14
 229.96,  351.57,  224.12
 232.08,  351.15,  349.10
 228.87,  476.98,   99.54
 230.99,  476.56,  224.52
 233.12,  476.15,  349.50
 351.77,  225.96,   96.62
 353.90,  225.54,  221.60
 356.02,  225.13,  346.58
 352.81,  350.95,   97.01
 354.93,  350.54,  222.00
 357.06,  350.12,  346.98
 353.85,  475.95,   97.41
 355.97,  475.53,  222.39
 358.10,  475.12,  347.37
 476.75,  224.93,   94.49
 478.87,  224.51,  219.47
 481.00,  224.10,  344.45
 477.79,  349.92,   94.89
 479.91,  349.51,  219.87
 482.04,  349.09,  344.85
 478.82,  474.92,   95.28
 480.95,  474.50,  220.26
 483.07,  474.09,  345.25
 225.10,  225.38,  225.19
 227.58,  226.14,  350.16
 230.05,  226.91,  475.13
 228.76,  350.32,  224.35
 231.23,  351.09,  349.32
 233.71,  351.86,  474.29
 232.41,  475.26,  223.51
 234.89,  476.03,  348.48
 237.36,  476.80,  473.45
 350.02,  221.70,  222.74
 352.50,  222.47,  347.71
 354.97,  223.24,  472.68
 353.68,  346.65,  221.90
 356.16,  347.42,  346.87
 358.63,  348.18,  471.84
 357.34,  471.59,  221.05
 359.81,  472.36,  346.03
 362.29,  473.13,  471.00
 474.95,  218.03,  220.29
 477.42,  218.80,  345.26
 479.90,  219.57,  470.23
 478.60,  342.97,  219.44
 481.08,  343.74,  344.42
 483.55,  344.51,  469.39
 482.26,  467.92,  218.60
 484.73,  468.69,  343.58
 487.21,  469.46,  468.55
 224.49,  225.06,  350.81
 224.87,  227.81,  475.78
 225.26,  230.56,  600.75
 225.38,  350.02,  348.06
 225.76,  352.77,  473.03
 226.15,  355.53,  598.00
 226.27,  474.99,  345.30
 226.65,  477.74,  470.27
 227.04,  480.49,  595.24
 349.49,  224.16,  350.45
 349.87,  226.91,  475.42
 350.25,  229.66,  600.39
 350.38,  349.13,  347.69
 350.76,  351.88,  472.66
 351.14,  354.63,  597.63
 351.27,  474.09,  344.94
 351.65,  476.84,  469.91
 352.03,  479.59,  594.88
 474.48,  223.26,  350.08
 474.87,  226.01,  475.05
 475.25,  228.76,  600.02
 475.37,  348.23,  347.33
 475.76,  350.98,  472.30
 476.14,  353.73,  597.27
 476.26,  473.19,  344.58
 476.65,  475.94,  469.54
 477.03,  478.70,  594.51
 223.52,  224.43,  473.63
 221.18,  224.30,  598.61
 218.84,  224.17,  723.59
 220.69,  349.40,  473.71
 218.35,  349.27,  598.69
 216.02,  349.14,  723.66
 217.87,  474.37,  473.78
 215.53,  474.24,  598.76
 213.19,  474.11,  723.74
 348.46,  227.25,  475.97
 346.12,  227.13,  600.95
 343.79,  227.00,  725.93
 345.64,  352.22,  476.05
 343.30,  352.09,  601.03
 340.96,  351.96,  726.00
 342.81,  477.19,  476.12
 340.47,  477.06,  601.10
 338.14,  476.93,  726.08
 473.41,  230.08,  478.31
 471.07,  229.95,  603.29
 468.73,  229.82,  728.27
 470.58,  355.04,  478.39
 468.25,  354.92,  603.37
 465.91,  354.79,  728.34
 467.76,  480.01,  478.46
 465.42,  479.88,  603.44
 463.08,  479.76,  728.42
 226.96,  225.12,  598.94
 226.85,  225.13,  723.94
 226.73,  225.15,  848.94
 228.15,  350.11,  598.93
 228.03,  350.13,  723.93
 227.92,  350.14,  848.93
 229.34,  475.11,  598.91
 229.22,  475.12,  723.91
 229.11,  475.14,  848.91
 351.96,  223.93,  599.06
 351.84,  223.94,  724.06
 351.72,  223.96,  849.06
 353.14,  348.92,  599.04
 353.03,  348.94,  724.04
 352.91,  348.95,  849.04
 354.33,  473.92,  599.03
 354.22,  473.93,  724.03
 354.10,  473.95,  849.03
 476.95,  222.74,  599.17
 476.83,  222.75,  724.17
 476.72,  222.77,  849.17
 478.14,  347.73,  599.16
 478.02,  347.75,  724.16
 477.91,  347.76,  849.16
 479.33,  472.73,  599.14
 479.21,  472.74,  724.14
 479.10,  472.76,  849.14
 224.31,  348.81,   99.02
 225.72,  349.49,  224.01
 227.13,  350.18,  349.00
 225.46,  473.80,   98.32
 226.87,  474.49,  223.31
 228.28,  475.17,  348.30
 226.60,  598.79,   97.62
 228.02,  599.48,  222.61
 229.43,  600.16,  347.60
 349.30,  347.65,   97.61
 350.71,  348.34,  222.60
 352.12,  349.02,  347.59
 350.44,  472.64,   96.91
 351.86,  473.33,  221.90
 353.27,  474.01,  346.89
 351.59,  597.64,   96.21
 353.00,  598.32,  221.20
 354.42,  599.01,  346.19
 474.28,  346.50,   96.20
 475.69,  347.18,  221.19
 477.11,  347.87,  346.18
 475.43,  471.49,   95.51
 476.84,  472.17,  220.50
 478.26,  472.86,  345.49
 476.58,  596.48,   94.81
 477.99,  597.17,  219.80
 479.40,  597.85,  344.79
 226.02,  350.41,  224.98
 222.52,  349.81,  349.93
 219.03,  349.20,  474.87
 225.83,  475.41,  225.58
 222.34,  474.80,  350.53
 218.84,  474.20,  475.48
 225.65,  600.41,  226.18
 222.15,  599.80,  351.13
 218.66,  599.19,  476.08
 350.97,  350.58,  228.47
 347.47,  349.97,  353.42
 343.98,  349.36,  478.37
 350.78,  475.58,  229.07
 347.29,  474.97,  354.02
 343.80,  474.36,  478.97
 350.60,  600.58,  229.68
 347.10,  599.97,  354.63
 343.61,  599.36,  479.58
 475.92,  350.75,  231.96
 472.42,  350.14,  356.91
 468.93,  349.53,  481.86
 475.73,  475.75,  232.57
 472.24,  475.14,  357.52
 468.75,  474.53,  482.47
 475.55,  600.75,  233.17
 472.06,  600.14,  358.12
 468.56,  599.53,  483.07
 224.26,  350.57,  350.90
 221.46,  351.16,  475.87
 218.66,  351.76,  600.83
 226.90,  475.54,  350.36
 224.10,  476.13,  475.33
 221.29,  476.73,  600.30
 229.53,  600.51,  349.83
 226.73,  601.10,  474.79
 223.93,  601.70,  599.76
 349.20,  347.94,  353.72
 346.40,  348.54,  478.68
 343.60,  349.13,  603.65
 351.84,  472.91,  353.18
 349.04,  473.51,  478.15
 346.23,  474.11,  603.11
 354.48,  597.88,  352.64
 351.67,  598.48,  477.61
 348.87,  599.08,  602.58
 474.15,  345.32,  356.53
 471.34,  345.92,  481.50
 468.54,  346.51,  606.47
 476.78,  470.29,  355.99
 473.98,  470.89,  480.96
 471.17,  471.48,  605.93
 479.42,  595.26,  355.46
 476.61,  595.86,  480.42
 473.81,  596.45,  605.39
 224.04,  351.93,  474.22
 226.80,  350.52,  599.18
 229.56,  349.11,  724.14
 225.54,  476.91,  475.59
 228.30,  475.51,  600.55
 231.07,  474.10,  725.52
 227.04,  601.90,  476.97
 229.81,  600.49,  601.93
 232.57,  599.08,  726.89
 349.00,  350.46,  471.44
 351.76,  349.05,  596.40
 354.53,  347.64,  721.36
 350.50,  475.44,  472.81
 353.26,  474.03,  597.78
 356.03,  472.63,  722.74
 352.00,  600.43,  474.19
 354.77,  599.02,  599.15
 357.53,  597.61,  724.11
 473.96,  348.99,  468.66
 476.72,  347.58,  593.62
 479.49,  346.17,  718.58
 475.46,  473.97,  470.03
 478.22,  472.56,  595.00
 480.99,  471.16,  719.96
 476.96,  598.95,  471.41
 479.73,  597.55,  596.37
 482.49,  596.14,  721.33
 226.54,  351.06,  598.89
 224.70,  347.74,  723.83
 222.86,  344.42,  848.77
 229.30,  475.98,  602.24
 227.46,  472.66,  727.19
 225.61,  469.34,  852.13
 232.05,  600.90,  605.60
 230.21,  597.59,  730.54
 228.37,  594.27,  855.49
 351.49,  348.25,  600.65
 349.65,  344.93,  725.59
 347.81,  341.61,  850.54
 354.25,  473.17,  604.01
 352.41,  469.86,  728.95
 350.57,  466.54,  853.89
 357.01,  598.10,  607.37
 355.17,  594.78,  732.31
 353.33,  591.46,  857.25
 476.45,  345.44,  602.42
 474.61,  342.12,  727.36
 472.77,  338.81,  852.30
 479.21,  470.37,  605.78
 477.37,  467.05,  730.72
 475.53,  463.73,  855.66
 481.97,  595.29,  609.13
 480.13,  591.97,  734.08
 478.29,  588.66,  859.02
 224.95,  473.65,  101.61
 222.74,  472.96,  226.59
 220.54,  472.27,  351.57
 227.47,  598.62,  102.34
 225.27,  597.93,  227.32
 223.06,  597.25,  352.30
 230.00,  723.59,  103.08
 227.79,  722.91,  228.06
 225.58,  722.22,  353.03
 349.91,  471.11,  103.81
 347.70,  470.43,  228.78
 345.49,  469.74,  353.76
 352.43,  596.09,  104.54
 350.22,  595.40,  229.52
 348.01,  594.71,  354.50
 354.95,  721.06,  105.27
 352.74,  720.37,  230.25
 350.54,  719.68,  355.23
 474.86,  468.58,  106.00
 472.65,  467.89,  230.98
 470.45,  467.20,  355.96
 477.38,  593.55,  106.73
 475.18,  592.86,  231.71
 472.97,  592.18,  356.69
 479.91,  718.52,  107.46
 477.70,  717.84,  232.44
 475.49,  717.15,  357.42
 226.26,  474.40,  226.57
 228.51,  474.29,  351.55
 230.76,  474.17,  476.53
 223.58,  599.37,  226.73
 225.83,  599.26,  351.71
 228.08,  599.14,  476.69
 220.91,  724.34,  226.89
 223.16,  724.23,  351.87
 225.41,  724.12,  476.85
 351.21,  477.08,  224.32
 353.46,  476.96,  349.30
 355.71,  476.85,  474.28
 348.53,  602.05,  224.48
 350.78,  601.93,  349.46
 353.03,  601.82,  474.44
 345.86,  727.02,  224.64
 348.11,  726.91,  349.62
 350.36,  726.79,  474.60
 476.16,  479.75,  222.07
 478.41,  479.64,  347.05
 480.66,  479.53,  472.03
 473.49,  604.72,  222.24
 475.73,  604.61,  347.22
 477.98,  604.50,  472.20
 470.81,  729.70,  222.40
 473.06,  729.58,  347.38
 475.31,  729.47,  472.36
 224.67,  474.76,  350.20
 225.65,  471.32,  475.15
 226.63,  467.88,  600.09
 223.67,  599.70,  353.64
 224.66,  596.27,  478.59
 225.64,  592.83,  603.54
 222.68,  724.65,  357.09
 223.66,  721.22,  482.04
 224.64,  717.78,  606.99
 349.66,  475.78,  349.24
 350.64,  472.34,  474.19
 351.63,  468.90,  599.14
 348.67,  600.73,  352.69
 349.65,  597.29,  477.64
 350.63,  593.85,  602.59
 347.67,  725.67,  356.13
 348.65,  722.24,  481.08
 349.64,  718.80,  606.03
 474.65,  476.80,  348.29
 475.64,  473.36,  473.24
 476.62,  469.92,  598.18
 473.66,  601.75,  351.73
 474.64,  598.31,  476.68
 475.62,  594.87,  601.63
 472.66,  726.70,  355.18
 473.65,  723.26,  480.13
 474.63,  719.82,  605.08
 225.24,  473.36,  474.22
 226.89,  469.65,  599.15
 228.54,  465.94,  724.09
 224.60,  598.31,  477.94
 226.25,  594.60,  602.87
 227.90,  590.89,  727.80
 223.97,  723.25,  481.66
 225.62,  719.54,  606.59
 227.27,  715.83,  731.52
 350.23,  474.05,  472.59
 351.88,  470.34,  597.52
 353.53,  466.63,  722.46
 349.59,  598.99,  476.31
 351.24,  595.28,  601.24
 352.89,  591.57,  726.17
 348.96,  723.94,  480.03
 350.61,  720.22,  604.96
 352.25,  716.51,  729.89
 475.21,  474.73,  470.96
 476.86,  471.02,  595.89
 478.51,  467.31,  720.83
 474.58,  599.68,  474.68
 476.23,  595.97,  599.61
 477.88,  592.26,  724.55
 473.94,  724.62,  478.40
 475.59,  720.91,  603.33
 477.24,  717.20,  728.26
 226.50,  473.40,  600.06
 227.34,  476.43,  725.02
 228.18,  479.45,  849.98
 226.05,  598.36,  597.04
 226.89,  601.39,  722.00
 227.73,  604.42,  846.96
 225.61,  723.32,  594.01
 226.45,  726.35,  718.97
 227.29,  729.38,  843.93
 351.50,  473.82,  599.21
 352.34,  476.85,  724.17
 353.18,  479.88,  849.13
 351.05,  598.79,  596.19
 351.89,  601.81,  721.15
 352.73,  604.84,  846.11
 350.60,  723.75,  593.16
 351.44,  726.78,  718.12
 352.28,  729.80,  843.08
 476.49,  474.25,  598.36
 477.33,  477.28,  723.32
 478.17,  480.30,  848.28
 476.05,  599.21,  595.34
 476.89,  602.24,  720.30
 477.73,  605.27,  845.26
 475.60,  724.17,  592.31
 476.44,  727.20,  717.27
 477.28,  730.23,  842.23
 224.28,  600.68,   98.72
 222.19,  598.05,  223.68
 220.09,  595.43,  348.63
 225.59,  725.64,  101.37
 223.50,  723.02,  226.32
 221.40,  720.39,  351.28
 226.91,  850.61,  104.02
 224.81,  847.98,  228.97
 222.71,  845.36,  353.92
 349.26,  599.32,  100.79
 347.16,  596.70,  225.75
 345.07,  594.07,  350.70
 350.57,  724.28,  103.44
 348.47,  721.66,  228.39
 346.38,  719.04,  353.35
 351.88,  849.25,  106.08
 349.79,  846.63,  231.04
 347.69,  844.00,  355.99
 474.23,  597.96,  102.86
 472.14,  595.34,  227.81
 470.04,  592.72,  352.77
 475.55,  722.93,  105.51
 473.45,  720.30,  230.46
 471.35,  717.68,  355.41
 476.86,  847.89,  108.15
 474.76,  845.27,  233.11
 472.67,  842.65,  358.06
 226.75,  600.08,  223.29
 228.57,  600.59,  348.28
 230.39,  601.09,  473.26
 223.25,  725.03,  222.84
 225.07,  725.54,  347.83
 226.89,  726.04,  472.81
 219.76,  849.98,  222.39
 221.58,  850.49,  347.38
 223.40,  850.99,  472.36
 351.68,  603.57,  221.46
 353.51,  604.07,  346.44
 355.33,  604.58,  471.43
 348.19,  728.52,  221.01
 350.01,  729.02,  345.99
 351.83,  729.53,  470.98
 344.69,  853.47,  220.56
 346.51,  853.97,  345.54
 348.34,  854.48,  470.53
 476.62,  607.06,  219.62
 478.44,  607.56,  344.61
 480.27,  608.06,  469.59
 473.13,  732.01,  219.17
 474.95,  732.51,  344.16
 476.77,  733.01,  469.14
 469.63,  856.96,  218.72
 471.45,  857.46,  343.71
 473.27,  857.97,  468.69
 226.21,  600.19,  348.11
 225.88,  597.36,  473.07
 225.55,  594.53,  598.04
 228.67,  725.13,  350.94
 228.34,  722.31,  475.91
 228.01,  719.48,  600.88
 231.14,  850.08,  353.78
 230.80,  847.25,  478.74
 230.47,  844.42,  603.71
 351.19,  597.72,  348.38
 350.86,  594.89,  473.35
 350.53,  592.06,  598.32
 353.65,  722.67,  351.22
 353.32,  719.84,  476.18
 352.99,  717.01,  601.15
 356.11,  847.61,  354.05
 355.78,  844.78,  479.02
 355.45,  841.95,  603.99
 476.16,  595.26,  348.66
 475.83,  592.43,  473.63
 475.50,  589.60,  598.59
 478.63,  720.20,  351.49
 478.29,  717.37,  476.46
 477.96,  714.54,  601.43
 481.09,  845.14,  354.33
 480.75,  842.31,  479.30
 480.42,  839.48,  604.26
 223.53,  601.32,  474.85
 223.16,  598.45,  599.82
 222.79,  595.58,  724.78
 222.76,  726.29,  477.72
 222.39,  723.42,  602.69
 222.02,  720.54,  727.65
 222.00,  851.25,  480.59
 221.63,  848.38,  605.56
 221.26,  845.51,  730.52
 348.52,  602.08,  475.24
 348.16,  599.21,  600.20
 347.79,  596.33,  725.17
 347.76,  727.04,  478.11
 347.39,  724.17,  603.07
 347.02,  721.30,  728.04
 347.00,  852.01,  480.98
 346.63,  849.14,  605.94
 346.26,  846.26,  730.91
 473.52,  602.83,  475.62
 473.15,  599.96,  600.59
 472.78,  597.09,  725.56
 472.76,  727.80,  478.49
 472.39,  724.93,  603.46
 472.02,  722.05,  728.43
 471.99,  852.76,  481.36
 471.62,  849.89,  606.33
 471.25,  847.02,  731.30
 223.17,  599.76,  599.24
 226.44,  602.25,  724.17
 229.72,  604.74,  849.10
 226.17,  724.69,  596.67
 229.44,  727.19,  721.60
 232.72,  729.68,  846.53
 229.16,  849.63,  594.09
 232.44,  852.12,  719.03
 235.71,  854.62,  843.96
 348.09,  596.69,  596.02
 351.36,  599.18,  720.96
 354.64,  601.68,  845.89
 351.09,  721.63,  593.45
 354.36,  724.12,  718.38
 357.64,  726.61,  843.32
 354.08,  846.57,  590.88
 357.36,  849.06,  715.81
 360.63,  851.55,  840.75
 473.01,  593.63,  592.81
 476.28,  596.12,  717.74
 479.56,  598.61,  842.67
 476.01,  718.57,  590.24
 479.28,  721.06,  715.17
 482.56,  723.55,  840.10
 479.01,  843.50,  587.67
 482.28,  846.00,  712.60
 485.56,  848.49,  837.53
 348.48,  101.97,   98.23
 349.12,   98.34,  223.17
 349.75,   94.71,  348.12
 347.53,  226.92,  101.87
 348.17,  223.28,  226.81
 348.80,  219.65,  351.76
 346.58,  351.86,  105.50
 347.22,  348.23,  230.45
 347.85,  344.59,  355.40
 473.47,  102.94,   97.62
 474.11,   99.31,  222.56
 474.75,   95.67,  347.51
 472.52,  227.88,  101.26
 473.16,  224.25,  226.20
 473.80,  220.62,  351.15
 471.57,  352.83,  104.89
 472.21,  349.19,  229.84
 472.85,  345.56,  354.79
 598.47,  103.91,   97.01
 599.11,  100.27,  221.95
 599.74,   96.64,  346.90
 597.52,  228.85,  100.65
 598.16,  225.22,  225.59
 598.79,  221.58,  350.54
 596.57,  353.80,  104.29
 597.21,  350.16,  229.23
 597.84,  346.53,  354.18
 350.01,  101.67,  225.86
 351.35,   99.60,  350.84
 352.70,   97.52,  475.81
 352.58,  226.63,  227.91
 353.93,  224.55,  352.89
 355.27,  222.47,  477.86
 355.15,  351.59,  229.96
 356.50,  349.51,  354.94
 357.84,  347.43,  479.91
 474.97,   99.12,  224.47
 476.32,   97.05,  349.45
 477.67,   94.97,  474.42
 477.55,  224.08,  226.52
 478.89,  222.00,  351.50
 480.24,  219.92,  476.47
 480.12,  349.04,  228.57
 481.46,  346.96,  353.55
 482.81,  344.88,  478.53
 599.94,   96.58,  223.08
 601.29,   94.50,  348.06
 602.63,   92.42,  473.04
 602.51,  221.53,  225.14
 603.86,  219.45,  350.11
 605.21,  217.37,  475.09
 605.08,  346.49,  227.19
 606.43,  344.41,  352.16
 607.78,  342.33,  477.14
 351.96,  100.93,  348.61
 352.49,  104.04,  473.57
 353.03,  107.16,  598.53
 352.17,  225.89,  345.49
 352.71,  229.01,  470.45
 353.25,  232.12,  595.41
 352.39,  350.85,  342.37
 352.93,  353.97,  467.33
 353.47,  357.08,  592.29
 476.95,  100.70,  348.08
 477.49,  103.81,  473.04
 478.03,  106.93,  598.00
 477.17,  225.66,  344.96
 477.71,  228.77,  469.92
 478.25,  231.89,  594.88
 477.39,  350.62,  341.84
 477.93,  353.74,  466.80
 478.46,  356.85,  591.76
 601.95,  100.46,  347.55
 602.49,  103.58,  472.51
 603.03,  106.70,  597.47
 602.17,  225.43,  344.43
 602.71,  228.54,  469.39
 603.24,  231.66,  594.35
 602.39,  350.39,  341.31
 602.93,  353.50,  466.27
 603.46,  356.62,  591.23
 350.77,  101.27,  474.46
 352.33,  100.07,  599.45
 353.89,   98.87,  724.43
 349.26,  226.26,  475.68
 350.82,  225.05,  600.67
 352.38,  223.85,  725.65
 347.76,  351.24,  476.90
 349.32,  350.04,  601.89
 350.88,  348.84,  726.87
 475.75,  102.79,  472.92
 477.31,  101.59,  597.90
 478.87,  100.39,  722.89
 474.25,  227.78,  474.14
 475.80,  226.57,  599.12
 477.36,  225.37,  724.11
 472.74,  352.76,  475.36
 474.30,  351.56,  600.35
 475.86,  350.36,  725.33
 600.73,  104.31,  471.37
 602.29,  103.11,  596.36
 603.85,  101.90,  721.34
 599.23,  229.30,  472.60
 600.79,  228.09,  597.58
 602.34,  226.89,  722.56
 597.72,  354.28,  473.82
 599.28,  353.08,  598.80
 600.84,  351.87,  723.79
 349.00,  101.73,  600.17
 347.83,  103.82,  725.15
 346.66,  105.91,  850.13
 348.94,  226.71,  598.08
 347.77,  228.80,  723.06
 346.60,  230.89,  848.04
 348.88,  351.70,  595.99
 347.71,  353.78,  720.97
 346.55,  355.87,  845.95
 473.99,  101.81,  601.34
 472.83,  103.90,  726.32
 471.66,  105.99,  851.29
 473.93,  226.79,  599.25
 472.77,  228.88,  724.23
 471.60,  230.97,  849.20
 473.88,  351.77,  597.16
 472.71,  353.86,  722.14
 471.54,  355.95,  847.11
 598.99,  101.89,  602.51
 597.82,  103.98,  727.48
 596.65,  106.06,  852.46
 598.93,  226.87,  600.42
 597.76,  228.96,  725.39
 596.59,  231.05,  850.37
 598.87,  351.85,  598.33
 597.70,  353.94,  723.30
 596.54,  356.03,  848.28
 351.15,  226.30,  101.84
 349.42,  227.39,  226.83
 347.68,  228.48,  351.81
 349.71,  351.28,  100.73
 347.98,  352.37,  225.72
 346.25,  353.46,  350.70
 348.28,  476.27,   99.62
 346.54,  477.36,  224.61
 344.81,  478.45,  349.59
 476.13,  227.75,  103.56
 474.40,  228.84,  228.54
 472.66,  229.93,  353.53
 474.69,  352.74,  102.45
 472.96,  353.83,  227.44
 471.23,  354.91,  352.42
 473.26,  477.72,  101.34
 471.52,  478.81,  226.33
 469.79,  479.90,  351.31
 601.11,  229.20,  105.28
 599.38,  230.29,  230.26
 597.64,  231.38,  355.25
 599.67,  354.19,  104.17
 597.94,  355.28,  229.16
 596.21,  356.37,  354.14
 598.24,  479.17,  103.06
 596.50,  480.26,  228.05
 594.77,  481.35,  353.03
 350.69,  225.33,  225.59
 352.20,  225.48,  350.58
 353.72,  225.63,  475.57
 352.19,  350.33,  225.43
 353.71,  350.47,  350.42
 355.22,  350.62,  475.41
 353.70,  475.32,  225.26
 355.22,  475.46,  350.26
 356.73,  475.61,  475.25
 475.67,  223.83,  224.08
 477.18,  223.97,  349.07
 478.70,  224.12,  474.06
 477.18,  348.82,  223.92
 478.69,  348.96,  348.91
 480.21,  349.11,  473.90
 478.68,  473.81,  223.75
 480.20,  473.95,  348.74
 481.71,  474.10,  473.73
 600.65,  222.32,  222.57
 602.17,  222.47,  347.56
 603.68,  222.61,  472.55
 602.16,  347.31,  222.40
 603.67,  347.46,  347.39
 605.19,  347.60,  472.39
 603.66,  472.30,  222.24
 605.18,  472.45,  347.23
 606.69,  472.59,  472.22
 350.54,  223.19,  349.38
 347.88,  222.15,  474.35
 345.22,  221.11,  599.31
 352.37,  348.17,  350.46
 349.71,  347.13,  475.43
 347.05,  346.09,  600.40
 354.20,  473.16,  351.54
 351.54,  472.11,  476.51
 348.88,  471.07,  601.48
 475.50,  221.34,  352.02
 472.84,  220.30,  476.99
 470.18,  219.26,  601.96
 477.33,  346.32,  353.11
 474.67,  345.28,  478.07
 472.01,  344.24,  603.04
 479.16,  471.31,  354.19
 476.50,  470.26,  479.16
 473.84,  469.22,  604.12
 600.46,  219.49,  354.67
 597.80,  218.45,  479.64
 595.14,  217.41,  604.60
 602.29,  344.47,  355.75
 599.63,  343.43,  480.72
 596.97,  342.39,  605.69
 604.12,  469.46,  356.83
 601.46,  468.41,  481.80
 598.79,  467.37,  606.77
 349.06,  225.01,  476.47
 352.67,  224.17,  601.41
 356.29,  223.33,  726.36
 349.97,  350.01,  477.29
 353.58,  349.17,  602.23
 357.19,  348.32,  727.18
 350.87,  475.00,  478.10
 354.48,  474.16,  603.05
 358.09,  473.32,  727.99
 474.01,  224.13,  472.85
 477.62,  223.29,  597.80
 481.23,  222.45,  722.74
 474.91,  349.13,  473.67
 478.52,  348.29,  598.61
 482.13,  347.44,  723.56
 475.82,  474.12,  474.48
 479.43,  473.28,  599.43
 483.04,  472.44,  724.37
 598.95,  223.25,  469.24
 602.56,  222.41,  594.18
 606.17,  221.57,  719.13
 599.86,  348.25,  470.05
 603.47,  347.40,  595.00
 607.08,  346.56,  719.94
 600.76,  473.24,  470.87
 604.37,  472.40,  595.81
 607.98,  471.56,  720.76
 351.51,  225.49,  600.89
 350.58,  223.28,  725.87
 349.65,  221.07,  850.85
 347.84,  350.42,  603.08
 346.90,  348.21,  728.05
 345.97,  346.00,  853.03
 344.16,  475.35,  605.26
 343.23,  473.13,  730.24
 342.30,  470.92,  855.21
 476.45,  229.15,  601.89
 475.52,  226.94,  726.87
 474.59,  224.73,  851.84
 472.78,  354.08,  604.07
 471.85,  351.87,  729.05
 470.92,  349.65,  854.03
 469.10,  479.00,  606.26
 468.17,  476.79,  731.23
 467.24,  474.58,  856.21
 601.40,  232.81,  602.89
 600.46,  230.60,  727.86
 599.53,  228.38,  852.84
 597.72,  357.73,  605.07
 596.79,  355.52,  730.05
 595.86,  353.31,  855.02
 594.05,  482.66,  607.25
 593.12,  480.45,  732.23
 592.18,  478.24,  857.21
 350.11,  349.66,  100.28
 352.89,  347.76,  225.23
 355.67,  345.86,  350.19
 352.97,  474.61,  102.11
 355.75,  472.71,  227.07
 358.53,  470.81,  352.02
 355.84,  599.56,  103.95
 358.62,  597.66,  228.91
 361.40,  595.76,  353.86
 475.04,  346.83,   97.46
 477.82,  344.93,  222.41
 480.60,  343.03,  347.36
 477.91,  471.79,   99.29
 480.69,  469.89,  224.25
 483.47,  467.99,  349.20
 480.77,  596.74,  101.13
 483.55,  594.84,  226.08
 486.33,  592.94,  351.04
 599.98,  344.01,   94.63
 602.76,  342.11,  219.59
 605.54,  340.21,  344.54
 602.85,  468.96,   96.47
 605.63,  467.06,  221.42
 608.41,  465.16,  346.38
 605.71,  593.92,   98.31
 608.49,  592.02,  223.26
 611.27,  590.12,  348.22
 348.76,  351.48,  224.90
 351.66,  349.78,  349.86
 354.55,  348.08,  474.81
 351.91,  476.43,  226.53
 354.81,  474.73,  351.48
 357.70,  473.03,  476.44
 355.06,  601.38,  228.16
 357.96,  599.68,  353.11
 360.85,  597.98,  478.07
 473.69,  348.37,  221.97
 476.58,  346.67,  346.92
 479.48,  344.97,  471.88
 476.84,  473.32,  223.59
 479.73,  471.62,  348.55
 482.63,  469.92,  473.50
 479.99,  598.27,  225.22
 482.88,  596.57,  350.18
 485.78,  594.87,  475.13
 598.61,  345.26,  219.03
 601.51,  343.56,  343.99
 604.40,  341.86,  468.94
 601.76,  470.21,  220.66
 604.66,  468.51,  345.61
 607.55,  466.81,  470.57
 604.91,  595.16,  222.28
 607.81,  593.46,  347.24
 610.70,  591.76,  472.19
 348.74,  349.54,  348.34
 346.20,  350.23,  473.31
 343.67,  350.93,  598.28
 350.69,  474.52,  347.68
 348.15,  475.21,  472.65
 345.61,  475.91,  597.63
 352.64,  599.50,  347.03
 350.10,  600.20,  472.00
 347.56,  600.89,  596.97
 473.70,  347.60,  350.88
 471.16,  348.30,  475.86
 468.63,  348.99,  600.83
 475.65,  472.59,  350.23
 473.11,  473.28,  475.20
 470.57,  473.98,  600.17
 477.59,  597.57,  349.57
 475.06,  598.26,  474.55
 472.52,  598.96,  599.52
 598.66,  345.67,  353.43
 596.12,  346.37,  478.40
 593.59,  347.06,  603.38
 600.61,  470.65,  352.78
 598.07,  471.35,  477.75
 595.53,  472.04,  602.72
 602.55,  595.64,  352.12
 600.02,  596.33,  477.09
 597.48,  597.03,  602.07
 348.15,  350.03,  474.96
 346.63,  352.75,  599.92
 345.11,  355.46,  724.88
 347.01,  475.00,  472.23
 345.49,  477.71,  597.19
 343.97,  480.43,  722.15
 345.87,  599.96,  469.50
 344.35,  602.68,  594.46
 342.83,  605.39,  719.42
 473.13,  351.21,  476.45
 471.61,  353.92,  601.41
 470.10,  356.63,  726.37
 471.99,  476.17,  473.72
 470.48,  478.88,  598.68
 468.96,  481.60,  723.64
 470.86,  601.14,  470.99
 469.34,  603.85,  595.95
 467.82,  606.56,  720.91
 598.12,  352.38,  477.94
 596.60,  355.09,  602.90
 595.08,  357.81,  727.87
 596.98,  477.34,  475.21
 595.46,  480.06,  600.18
 593.94,  482.77,  725.14
 595.84,  602.31,  472.49
 594.32,  605.02,  597.45
 592.80,  607.74,  722.41
 349.52,  351.99,  600.16
 346.65,  348.90,  725.09
 343.79,  345.82,  850.01
 351.24,  476.94,  603.28
 348.38,  473.85,  728.21
 345.51,  470.77,  853.14
 352.97,  601.89,  606.40
 350.11,  598.80,  731.33
 347.24,  595.72,  856.26
 474.47,  350.19,  602.98
 471.61,  347.10,  727.91
 468.74,  344.02,  852.84
 476.20,  475.14,  606.10
 473.33,  472.05,  731.03
 470.47,  468.97,  855.96
 477.93,  600.09,  609.22
 475.06,  597.00,  734.15
 472.20,  593.92,  859.08
 599.43,  348.39,  605.80
 596.56,  345.31,  730.73
 593.70,  342.22,  855.66
 601.15,  473.34,  608.92
 598.29,  470.25,  733.85
 595.42,  467.17,  858.78
 602.88,  598.29,  612.05
 600.02,  595.20,  736.97
 597.15,  592.12,  861.90
 349.13,  473.04,  101.10
 351.97,  472.55,  226.07
 354.80,  472.05,  351.04
 350.28,  598.04,  101.57
 353.11,  597.54,  226.54
 355.95,  597.04,  351.51
 351.42,  723.03,  102.04
 354.25,  722.54,  227.01
 357.09,  722.04,  351.98
 474.10,  471.91,   98.26
 476.93,  471.42,  223.23
 479.77,  470.92,  348.20
 475.24,  596.91,   98.73
 478.07,  596.41,  223.70
 480.91,  595.91,  348.67
 476.38,  721.90,   99.21
 479.21,  721.40,  224.17
 482.05,  720.91,  349.14
 599.06,  470.78,   95.42
 601.89,  470.29,  220.39
 604.73,  469.79,  345.36
 600.20,  595.78,   95.89
 603.04,  595.28,  220.86
 605.87,  594.78,  345.83
 601.34,  720.77,   96.37
 604.18,  720.27,  221.33
 607.01,  719.78,  346.30
 349.39,  473.93,  223.81
 346.67,  473.14,  348.77
 343.96,  472.36,  473.74
 346.55,  598.89,  224.53
 343.83,  598.11,  349.50
 341.12,  597.32,  474.46
 343.71,  723.86,  225.25
 340.99,  723.07,  350.22
 338.28,  722.29,  475.19
 474.33,  476.75,  226.54
 471.61,  475.97,  351.50
 468.90,  475.18,  476.47
 471.49,  601.72,  227.26
 468.77,  600.93,  352.23
 466.06,  600.15,  477.20
 468.64,  726.68,  227.98
 465.93,  725.90,  352.95
 463.22,  725.11,  477.92
 599.27,  479.58,  229.27
 596.55,  478.79,  354.24
 593.84,  478.01,  479.20
 596.42,  604.54,  229.99
 593.71,  603.76,  354.96
 591.00,  602.97,  479.93
 593.58,  729.51,  230.71
 590.87,  728.72,  355.68
 588.15,  727.94,  480.65
 351.66,  476.65,  349.61
 354.86,  477.97,  474.56
 358.07,  479.29,  599.51
 351.47,  601.65,  348.29
 354.67,  602.96,  473.25
 357.88,  604.28,  598.20
 351.28,  726.64,  346.98
 354.49,  727.95,  471.93
 357.69,  729.27,  596.89
 476.62,  476.81,  346.40
 479.82,  478.12,  471.35
 483.03,  479.44,  596.30
 476.43,  601.80,  345.09
 479.63,  603.12,  470.04
 482.84,  604.43,  594.99
 476.24,  726.79,  343.78
 479.44,  728.11,  468.73
 482.65,  729.43,  593.68
 601.58,  476.96,  343.19
 604.78,  478.28,  468.15
 607.98,  479.60,  593.10
 601.39,  601.96,  341.88
 604.59,  603.27,  466.83
 607.80,  604.59,  591.79
 601.20,  726.95,  340.57
 604.40,  728.26,  465.52
 607.61,  729.58,  590.47
 349.50,  476.08,  473.32
 350.99,  477.60,  598.30
 352.48,  479.13,  723.28
 351.50,  601.06,  471.77
 352.99,  602.58,  596.75
 354.49,  604.10,  721.74
 353.50,  726.03,  470.23
 355.00,  727.55,  595.21
 356.49,  729.07,  720.19
 474.47,  474.06,  471.85
 475.96,  475.58,  596.83
 477.46,  477.10,  721.81
 476.47,  599.04,  470.30
 477.97,  600.56,  595.28
 479.46,  602.08,  720.27
 478.48,  724.01,  468.76
 479.97,  725.53,  593.74
 481.47,  727.05,  718.72
 599.45,  472.04,  470.38
 600.94,  473.56,  595.36
 602.43,  475.08,  720.34
 601.45,  597.01,  468.83
 602.94,  598.53,  593.81
 604.44,  600.05,  718.80
 603.45,  721.99,  467.29
 604.95,  723.51,  592.27
 606.44,  725.03,  717.25
 348.21,  474.25,  599.18
 346.30,  471.64,  724.13
 344.40,  469.02,  849.09
 344.58,  599.17,  601.73
 342.67,  596.56,  726.69
 340.76,  593.95,  851.65
 340.94,  724.09,  604.29
 339.04,  721.48,  729.24
 337.13,  718.87,  854.20
 473.14,  477.84,  601.16
 471.24,  475.23,  726.12
 469.33,  472.62,  851.07
 469.51,  602.76,  603.71
 467.60,  600.15,  728.67
 465.70,  597.54,  853.63
 465.88,  727.68,  606.27
 463.97,  725.07,  731.23
 462.06,  722.46,  856.18
 598.08,  481.43,  603.14
 596.17,  478.82,  728.10
 594.26,  476.21,  853.06
 594.44,  606.35,  605.69
 592.54,  603.74,  730.65
 590.63,  601.13,  855.61
 590.81,  731.28,  608.25
 588.90,  728.66,  733.21
 587.00,  726.05,  858.17
 351.74,  598.70,   99.49
 355.11,  596.28,  224.42
 358.47,  593.85,  349.35
 351.09,  723.68,  101.93
 354.46,  721.25,  226.86
 357.83,  718.83,  351.79
 350.45,  848.65,  104.38
 353.81,  846.23,  229.31
 357.18,  843.80,  354.24
 476.69,  599.41,   96.13
 480.06,  596.99,  221.06
 483.43,  594.56,  345.99
 476.04,  724.39,   98.58
 479.41,  721.96,  223.51
 482.78,  719.54,  348.44
 475.40,  849.36,  101.02
 478.77,  846.94,  225.95
 482.14,  844.51,  350.88
 601.64,  600.13,   92.78
 605.01,  597.70,  217.71
 608.38,  595.27,  342.64
 601.00,  725.10,   95.22
 604.37,  722.67,  220.15
 607.73,  720.25,  345.08
 600.35,  850.07,   97.66
 603.72,  847.65,  222.60
 607.09,  845.22,  347.53
 348.95,  600.59,  223.66
 346.57,  600.40,  348.63
 344.20,  600.21,  473.61
 348.37,  725.59,  223.83
 346.00,  725.40,  348.81
 343.63,  725.21,  473.79
 347.80,  850.59,  224.01
 345.42,  850.40,  348.99
 343.05,  850.21,  473.97
 473.92,  601.16,  226.03
 471.55,  600.97,  351.01
 469.18,  600.78,  475.98
 473.35,  726.16,  226.21
 470.97,  725.97,  351.19
 468.60,  725.78,  476.16
 472.77,  851.16,  226.39
 470.40,  850.97,  351.36
 468.03,  850.78,  476.34
 598.90,  601.73,  228.40
 596.53,  601.54,  353.38
 594.15,  601.35,  478.36
 598.32,  726.73,  228.58
 595.95,  726.54,  353.56
 593.58,  726.35,  478.54
 597.75,  851.73,  228.76
 595.38,  851.54,  353.74
 593.00,  851.35,  478.72
 348.72,  598.78,  351.62
 348.30,  597.45,  476.61
 347.87,  596.12,  601.60
 346.86,  723.76,  352.94
 346.43,  722.43,  477.94
 346.00,  721.10,  602.93
 344.99,  848.74,  354.27
 344.56,  847.41,  479.26
 344.14,  846.08,  604.25
 473.71,  600.65,  352.06
 473.28,  599.31,  477.06
 472.85,  597.98,  602.05
 471.84,  725.62,  353.39
 471.41,  724.29,  478.38
 470.99,  722.96,  603.37
 469.98,  850.60,  354.71
 469.55,  849.27,  479.71
 469.12,  847.94,  604.70
 598.69,  602.51,  352.51
 598.27,  601.17,  477.50
 597.84,  599.84,  602.49
 596.83,  727.49,  353.84
 596.40,  726.15,  478.83
 595.97,  724.82,  603.82
 594.96,  852.46,  355.16
 594.53,  851.13,  480.15
 594.11,  849.80,  605.15
 350.41,  601.77,  475.87
 349.46,  600.67,  600.86
 348.51,  599.56,  725.85
 347.44,  726.73,  476.95
 346.49,  725.63,  601.94
 345.54,  724.52,  726.93
 344.47,  851.69,  478.03
 343.52,  850.59,  603.02
 342.57,  849.48,  728.01
 475.38,  604.73,  476.84
 474.43,  603.63,  601.83
 473.48,  602.52,  726.83
 472.41,  729.69,  477.92
 471.46,  728.59,  602.92
 470.51,  727.48,  727.91
 469.44,  854.65,  479.00
 468.49,  853.55,  604.00
 467.54,  852.44,  728.99
 600.34,  607.69,  477.82
 599.39,  606.59,  602.81
 598.44,  605.49,  727.80
 597.37,  732.65,  478.90
 596.42,  731.55,  603.89
 595.47,  730.45,  728.88
 594.40,  857.61,  479.98
 593.45,  856.51,  604.97
 592.50,  855.41,  729.96
 351.73,  599.48,  600.05
 353.51,  597.94,  725.03
 355.29,  596.40,  850.01
 351.35,  724.47,  601.60
 353.12,  722.93,  726.57
 354.90,  721.39,  851.55
 350.96,  849.46,  603.14
 352.74,  847.92,  728.12
 354.52,  846.38,  853.10
 476.72,  599.88,  598.28
 478.50,  598.35,  723.26
 480.28,  596.81,  848.24
 476.33,  724.87,  599.82
 478.11,  723.34,  724.80
 479.89,  721.80,  849.78
 475.95,  849.86,  601.37
 477.73,  848.33,  726.34
 479.50,  846.79,  851.32
 601.71,  600.29,  596.51
 603.48,  598.76,  721.48
 605.26,  597.22,  846.46
 601.32,  725.28,  598.05
 603.10,  723.75,  723.03
 604.88,  722.21,  848.01
 600.93,  850.27,  599.59
 602.71,  848.73,  724.57
 604.49,  847.20,  849.55
 473.34,   98.46,  100.80
 477.08,   96.13,  225.72
 480.81,   93.79,  350.64
 469.84,  223.39,  103.24
 473.58,  221.05,  228.16
 477.31,  218.72,  353.08
 466.34,  348.32,  105.68
 470.08,  345.98,  230.60
 473.81,  343.64,  355.53
 598.23,  102.03,   97.13
 601.97,   99.70,  222.05
 605.71,   97.36,  346.97
 594.73,  226.96,   99.57
 598.47,  224.62,  224.49
 602.21,  222.29,  349.41
 591.23,  351.89,  102.01
 594.97,  349.55,  226.93
 598.71,  347.21,  351.85
 723.13,  105.60,   93.46
 726.87,  103.27,  218.38
 730.60,  100.93,  343.30
 719.63,  230.53,   95.90
 723.37,  228.19,  220.82
 727.10,  225.86,  345.74
 716.13,  355.46,   98.34
 719.87,  353.12,  223.26
 723.60,  350.78,  348.18
 475.61,  101.75,  226.99
 475.64,  101.35,  351.99
 475.67,  100.95,  476.98
 472.40,  226.71,  227.38
 472.43,  226.31,  352.38
 472.46,  225.91,  477.38
 469.19,  351.67,  227.78
 469.22,  351.27,  352.78
 469.25,  350.87,  477.78
 600.57,  104.96,  226.97
 600.60,  104.56,  351.97
 600.63,  104.16,  476.97
 597.36,  229.92,  227.36
 597.39,  229.52,  352.36
 597.42,  229.12,  477.36
 594.15,  354.87,  227.76
 594.18,  354.48,  352.76
 594.21,  354.08,  477.76
 725.53,  108.17,  226.95
 725.56,  107.77,  351.95
 725.59,  107.37,  476.95
 722.32,  233.12,  227.35
 722.35,  232.73,  352.34
 722.38,  232.33,  477.34
 719.11,  358.08,  227.74
 719.14,  357.68,  352.74
 719.17,  357.29,  477.74
 476.60,  101.82,  351.63
 475.46,  103.05,  476.62
 474.31,  104.28,  601.60
 479.38,  226.79,  350.42
 478.23,  228.02,  475.41
 477.08,  229.25,  600.40
 482.15,  351.75,  349.22
 481.00,  352.98,  474.21
 479.85,  354.21,  599.20
 601.57,   99.06,  352.80
 600.42,  100.29,  477.79
 599.27,  101.52,  602.78
 604.34,  224.03,  351.60
 603.19,  225.26,  476.59
 602.04,  226.49,  601.58
 607.11,  348.99,  350.39
 605.96,  350.22,  475.38
 604.81,  351.45,  600.37
 726.53,   96.30,  353.98
 725.38,   97.53,  478.97
 724.23,   98.76,  603.96
 729.30,  221.27,  352.77
 728.15,  222.50,  477.76
 727.01,  223.73,  602.75
 732.07,  346.23,  351.57
 730.93,  347.46,  476.56
 729.78,  348.69,  601.55
 475.47,  100.30,  473.88
 477.34,  101.16,  598.86
 479.22,  102.02,  723.84
 477.83,  225.27,  472.98
 479.70,  226.13,  597.96
 481.57,  227.00,  722.94
 480.18,  350.25,  472.08
 482.06,  351.11,  597.06
 483.93,  351.97,  722.04
 600.43,   97.93,  472.02
 602.31,   98.79,  597.00
 604.18,   99.65,  721.98
 602.79,  222.90,  471.12
 604.66,  223.76,  596.10
 606.54,  224.63,  721.09
 605.15,  347.87,  470.22
 607.02,  348.74,  595.20
 608.90,  349.60,  720.19
 725.40,   95.55,  470.16
 727.27,   96.42,  595.14
 729.14,   97.28,  720.13
 727.75,  220.53,  469.26
 729.63,  221.39,  594.24
 731.50,  222.26,  719.23
 730.11,  345.50,  468.36
 731.99,  346.37,  593.35
 733.86,  347.23,  718.33
 476.24,  100.86,  599.39
 475.97,  101.98,  724.38
 475.70,  103.09,  849.38
 473.51,  225.83,  598.27
 473.25,  226.94,  723.26
 472.98,  228.06,  848.25
 470.79,  350.79,  597.14
 470.52,  351.91,  722.14
 470.26,  353.02,  847.13
 601.21,  103.59,  599.63
 600.94,  104.70,  724.62
 600.67,  105.82,  849.62
 598.48,  228.55,  598.51
 598.22,  229.67,  723.50
 597.95,  230.78,  848.50
 595.76,  353.52,  597.39
 595.49,  354.63,  722.38
 595.23,  355.75,  847.38
 726.18,  106.31,  599.87
 725.91,  107.43,  724.87
 725.64,  108.54,  849.86
 723.45,  231.28,  598.75
 723.19,  232.39,  723.74
 722.92,  233.51,  848.74
 720.73,  356.24,  597.63
 720.46,  357.36,  722.62
 720.20,  358.47,  847.62
 476.09,  224.81,  100.33
 473.07,  222.91,  225.28
 470.06,  221.02,  350.23
 475.65,  349.80,  102.22
 472.63,  347.90,  227.17
 469.62,  346.00,  352.12
 475.21,  474.78,  104.11
 472.19,  472.88,  229.06
 469.18,  470.99,  354.01
 601.05,  225.20,  103.35
 598.04,  223.31,  228.30
 595.02,  221.41,  353.25
 600.61,  350.19,  105.24
 597.60,  348.29,  230.19
 594.58,  346.39,  355.14
 600.17,  475.17,  107.13
 597.16,  473.28,  232.08
 594.14,  471.38,  357.03
 726.01,  225.60,  106.37
 723.00,  223.70,  231.32
 719.98,  221.80,  356.27
 725.57,  350.58,  108.26
 722.56,  348.69,  233.21
 719.54,  346.79,  358.16
 725.13,  475.57,  110.15
 722.12,  473.67,  235.10
 719.10,  471.77,  360.05
 475.50,  224.45,  223.02
 474.81,  227.11,  347.99
 474.13,  229.77,  472.96
 472.07,  349.37,  220.34
 471.39,  352.04,  345.31
 470.71,  354.70,  470.28
 468.65,  474.30,  217.66
 467.97,  476.96,  342.63
 467.28,  479.62,  467.60
 600.45,  227.89,  223.63
 599.77,  230.55,  348.60
 599.08,  233.21,  473.57
 597.02,  352.81,  220.95
 596.34,  355.47,  345.92
 595.66,  358.14,  470.89
 593.60,  477.74,  218.27
 592.92,  480.40,  343.24
 592.23,  483.06,  468.21
 725.40,  231.33,  224.23
 724.72,  233.99,  349.20
 724.04,  236.65,  474.17
 721.97,  356.25,  221.56
 721.29,  358.91,  346.52
 720.61,  361.58,  471.49
 718.55,  481.18,  218.88
 717.87,  483.84,  343.85
 717.19,  486.50,  468.82
 476.39,  223.26,  348.30
 474.22,  226.10,  473.25
 472.06,  228.95,  598.20
 474.18,  348.20,  345.41
 472.02,  351.05,  470.36
 469.86,  353.90,  595.31
 471.98,  473.15,  342.53
 469.82,  476.00,  467.47
 467.66,  478.85,  592.42
 601.35,  225.51,  350.41
 599.19,  228.36,  475.36
 597.02,  231.21,  600.31
 599.15,  350.45,  347.53
 596.98,  353.30,  472.47
 594.82,  356.15,  597.42
 596.94,  475.40,  344.64
 594.78,  478.25,  469.59
 592.62,  481.10,  594.54
 726.31,  227.76,  352.53
 724.15,  230.61,  477.47
 721.99,  233.46,  602.42
 724.11,  352.70,  349.64
 721.95,  355.55,  474.59
 719.78,  358.40,  599.53
 721.91,  477.65,  346.75
 719.74,  480.50,  471.70
 717.58,  483.35,  596.65
 473.18,  224.29,  473.94
 475.94,  226.72,  598.88
 478.71,  229.15,  723.83
 475.56,  349.24,  471.45
 478.33,  351.67,  596.39
 481.09,  354.11,  721.34
 477.95,  474.19,  468.96
 480.71,  476.63,  593.91
 483.48,  479.06,  718.85
 598.12,  221.85,  471.22
 600.89,  224.28,  596.16
 603.66,  226.72,  721.11
 600.51,  346.80,  468.73
 603.28,  349.24,  593.68
 606.04,  351.67,  718.62
 602.89,  471.75,  466.24
 605.66,  474.19,  591.19
 608.43,  476.62,  716.14
 723.07,  219.41,  468.50
 725.84,  221.84,  593.44
 728.60,  224.28,  718.39
 725.46,  344.36,  466.01
 728.22,  346.80,  590.96
 730.99,  349.23,  715.90
 727.84,  469.32,  463.53
 730.61,  471.75,  588.47
 733.37,  474.18,  713.42
 473.28,  223.55,  598.39
 475.14,  225.09,  723.37
 477.00,  226.63,  848.34
 469.98,  348.50,  596.90
 471.84,  350.04,  721.88
 473.70,  351.58,  846.86
 466.68,  473.45,  595.41
 468.54,  474.99,  720.39
 470.40,  476.53,  845.37
 598.22,  226.83,  596.49
 600.08,  228.37,  721.47
 601.95,  229.91,  846.44
 594.92,  351.78,  595.00
 596.78,  353.32,  719.98
 598.65,  354.86,  844.96
 591.62,  476.73,  593.51
 593.48,  478.26,  718.49
 595.35,  479.80,  843.47
 723.17,  230.11,  594.59
 725.03,  231.65,  719.57
 726.89,  233.19,  844.54
 719.87,  355.06,  593.10
 721.73,  356.59,  718.08
 723.59,  358.13,  843.06
 716.57,  480.00,  591.61
 718.43,  481.54,  716.59
 720.29,  483.08,  841.57
 474.95,  350.81,  101.42
 476.76,  348.43,  226.39
 478.57,  346.04,  351.35
 473.61,  475.78,  103.83
 475.42,  473.40,  228.79
 477.23,  471.01,  353.76
 472.27,  600.75,  106.23
 474.08,  598.37,  231.19
 475.89,  595.98,  356.16
 599.93,  352.19,   99.64
 601.74,  349.80,  224.61
 603.55,  347.42,  349.57
 598.59,  477.16,  102.04
 600.40,  474.77,  227.01
 602.21,  472.39,  351.97
 597.25,  602.13,  104.45
 599.06,  599.74,  229.41
 600.87,  597.36,  354.37
 724.91,  353.56,   97.86
 726.72,  351.18,  222.82
 728.53,  348.80,  347.79
 723.57,  478.53,  100.26
 725.38,  476.15,  225.23
 727.19,  473.77,  350.19
 722.23,  603.50,  102.66
 724.04,  601.12,  227.63
 725.85,  598.74,  352.59
 473.52,  351.47,  223.43
 470.80,  352.26,  348.40
 468.08,  353.04,  473.37
 471.79,  476.46,  222.61
 469.07,  477.24,  347.58
 466.35,  478.03,  472.55
 470.06,  601.44,  221.79
 467.34,  602.23,  346.76
 464.62,  603.01,  471.72
 598.48,  353.22,  226.14
 595.76,  354.00,  351.11
 593.04,  354.79,  476.08
 596.75,  478.20,  225.32
 594.03,  478.99,  350.29
 591.31,  479.77,  475.25
 595.02,  603.19,  224.50
 592.30,  603.97,  349.46
 589.58,  604.76,  474.43
 723.44,  354.97,  228.85
 720.72,  355.75,  353.82
 718.00,  356.54,  478.79
 721.71,  479.95,  228.03
 718.99,  480.74,  353.00
 716.27,  481.52,  477.96
 719.98,  604.94,  227.20
 717.26,  605.72,  352.17
 714.54,  606.51,  477.14
 475.90,  348.05,  348.68
 477.12,  346.06,  473.66
 478.35,  344.07,  598.63
 473.91,  473.01,  350.69
 475.13,  471.02,  475.67
 476.36,  469.03,  600.64
 471.92,  597.98,  352.70
 473.14,  595.99,  477.67
 474.36,  594.00,  602.65
 600.88,  350.06,  347.49
 602.10,  348.07,  472.46
 603.33,  346.08,  597.44
 598.89,  475.03,  349.50
 600.11,  473.04,  474.47
 601.33,  471.05,  599.45
 596.89,  599.99,  351.50
 598.12,  598.00,  476.48
 599.34,  596.01,  601.46
 725.86,  352.07,  346.29
 727.08,  350.08,  471.27
 728.31,  348.09,  596.25
 723.86,  477.04,  348.30
 725.09,  475.05,  473.28
 726.31,  473.06,  598.26
 721.87,  602.01,  350.31
 723.10,  600.02,  475.29
 724.32,  598.03,  600.27
 474.42,  349.05,  475.65
 476.54,  352.26,  600.60
 478.67,  355.47,  725.54
 470.98,  473.96,  472.50
 473.10,  477.17,  597.45
 475.22,  480.38,  722.39
 467.53,  598.87,  469.35
 469.66,  602.08,  594.30
 471.78,  605.29,  719.24
 599.36,  352.44,  473.45
 601.48,  355.65,  598.39
 603.60,  358.85,  723.33
 595.91,  477.35,  470.30
 598.04,  480.56,  595.24
 600.16,  483.77,  720.18
 592.47,  602.26,  467.15
 594.59,  605.47,  592.09
 596.71,  608.68,  717.03
 724.29,  355.82,  471.24
 726.41,  359.03,  596.18
 728.54,  362.24,  721.12
 720.85,  480.74,  468.09
 722.97,  483.95,  593.03
 725.09,  487.16,  717.97
 717.40,  605.65,  464.94
 719.53,  608.86,  589.88
 721.65,  612.07,  714.82
 475.45,  351.43,  599.54
 475.66,  351.26,  724.54
 475.86,  351.09,  849.54
 474.97,  476.43,  599.71
 475.17,  476.26,  724.71
 475.38,  476.09,  849.71
 474.48,  601.43,  599.88
 474.69,  601.26,  724.88
 474.90,  601.09,  849.88
 600.45,  351.92,  599.33
 600.65,  351.75,  724.33
 600.86,  351.58,  849.33
 599.97,  476.92,  599.50
 600.17,  476.75,  724.50
 600.38,  476.58,  849.50
 599.48,  601.91,  599.67
 599.69,  601.75,  724.67
 599.89,  601.58,  849.67
 725.45,  352.40,  599.13
 725.65,  352.23,  724.13
 725.86,  352.06,  849.12
 724.96,  477.40,  599.30
 725.17,  477.23,  724.30
 725.38,  477.06,  849.30
 724.48,  602.40,  599.47
 724.69,  602.23,  724.47
 724.89,  602.06,  849.47
 474.86,  473.85,  100.33
 475.03,  473.44,  225.33
 475.19,  473.03,  350.32
 475.51,  598.84,  100.73
 475.67,  598.44,  225.73
 475.84,  598.03,  350.73
 476.15,  723.84,  101.14
 476.32,  723.44,  226.14
 476.49,  723.03,  351.14
 599.86,  473.20,  100.16
 600.02,  472.79,  225.16
 600.19,  472.39,  350.16
 600.51,  598.20,  100.56
 600.67,  597.79,  225.56
 600.84,  597.38,  350.56
 601.15,  723.20,  100.97
 601.32,  722.79,  225.97
 601.48,  722.38,  350.97
 724.86,  472.55,   99.99
 725.02,  472.15,  224.99
 725.19,  471.74,  349.99
 725.50,  597.55,  100.40
 725.67,  597.14,  225.40
 725.83,  596.74,  350.40
 726.15,  722.55,  100.80
 726.32,  722.14,  225.80
 726.48,  721.74,  350.80
 473.30,  474.13,  225.79
 473.55,  472.32,  350.78
 473.79,  470.51,  475.76
 474.04,  599.11,  227.59
 474.28,  597.30,  352.58
 474.53,  595.50,  477.57
 474.77,  724.10,  229.40
 475.02,  722.29,  354.38
 475.26,  720.48,  479.37
 598.30,  473.39,  225.53
 598.54,  471.59,  350.52
 598.79,  469.78,  475.51
 599.03,  598.38,  227.34
 599.28,  596.57,  352.32
 599.52,  594.77,  477.31
 599.77,  723.36,  229.14
 600.01,  721.56,  354.13
 600.26,  719.75,  479.11
 723.30,  472.66,  225.28
 723.54,  470.86,  350.26
 723.79,  469.05,  475.25
 724.03,  597.65,  227.08
 724.28,  595.84,  352.07
 724.52,  594.03,  477.05
 724.77,  722.63,  228.89
 725.01,  720.82,  353.87
 725.26,  719.02,  478.86
 474.02,  474.43,  349.74
 472.57,  471.72,  474.70
 471.13,  469.01,  599.66
 473.72,  599.40,  352.44
 472.28,  596.69,  477.41
 470.84,  593.98,  602.37
 473.42,  724.37,  355.15
 471.98,  721.66,  480.11
 470.54,  718.95,  605.07
 599.01,  474.70,  351.19
 597.56,  471.99,  476.15
 596.12,  469.28,  601.11
 598.71,  599.67,  353.89
 597.27,  596.96,  478.85
 595.83,  594.25,  603.82
 598.42,  724.64,  356.60
 596.97,  721.93,  481.56
 595.53,  719.22,  606.52
 724.00,  474.96,  352.63
 722.56,  472.25,  477.60
 721.11,  469.54,  602.56
 723.70,  599.93,  355.34
 722.26,  597.22,  480.30
 720.82,  594.51,  605.26
 723.41,  724.90,  358.05
 721.96,  722.19,  483.01
 720.52,  719.48,  607.97
 473.21,  474.93,  476.56
 476.80,  475.46,  601.50
 480.39,  475.99,  726.45
 476.56,  599.88,  475.93
 480.15,  600.41,  600.88
 483.74,  600.94,  725.82
 479.90,  724.83,  475.30
 483.50,  725.36,  600.25
 487.09,  725.89,  725.20
 598.11,  471.56,  472.98
 601.70,  472.09,  597.93
 605.30,  472.62,  722.87
 601.46,  596.51,  472.35
 605.05,  597.04,  597.30
 608.65,  597.58,  722.25
 604.81,  721.47,  471.72
 608.40,  722.00,  596.67
 611.99,  722.53,  721.62
 723.01,  468.20,  469.40
 726.61,  468.73,  594.35
 730.20,  469.26,  719.29
 726.36,  593.15,  468.77
 729.96,  593.68,  593.72
 733.55,  594.21,  718.67
 729.71,  718.10,  468.15
 733.30,  718.63,  593.09
 736.90,  719.16,  718.04
 474.79,  474.96,  601.62
 471.80,  476.34,  726.57
 468.81,  477.71,  851.53
 471.85,  599.92,  600.17
 468.86,  601.29,  725.13
 465.87,  602.67,  850.09
 468.90,  724.88,  598.73
 465.92,  726.25,  723.69
 462.93,  727.62,  848.64
 599.72,  477.94,  604.57
 596.73,  479.31,  729.53
 593.74,  480.68,  854.48
 596.78,  602.89,  603.13
 593.79,  604.27,  728.08
 590.80,  605.64,  853.04
 593.83,  727.85,  601.68
 590.85,  729.23,  726.64
 587.86,  730.60,  851.60
 724.65,  480.91,  607.53
 721.66,  482.29,  732.48
 718.67,  483.66,  857.44
 721.71,  605.87,  606.08
 718.72,  607.24,  731.04
 715.73,  608.62,  856.00
 718.76,  730.83,  604.64
 715.78,  732.20,  729.60
 712.79,  733.57,  854.55
 475.21,  601.74,  101.12
 472.41,  601.97,  226.09
 469.61,  602.20,  351.06
 476.53,  726.73,  100.92
 473.73,  726.97,  225.88
 470.93,  727.20,  350.85
 477.84,  851.73,  100.71
 475.04,  851.96,  225.68
 472.24,  852.19,  350.65
 600.17,  600.43,  103.92
 597.38,  600.66,  228.89
 594.58,  600.89,  353.86
 601.49,  725.42,  103.72
 598.69,  725.66,  228.69
 595.89,  725.89,  353.65
 602.80,  850.42,  103.52
 600.00,  850.65,  228.48
 597.20,  850.88,  353.45
 725.14,  599.12,  106.72
 722.34,  599.35,  231.69
 719.54,  599.59,  356.66
 726.45,  724.11,  106.52
 723.65,  724.35,  231.49
 720.85,  724.58,  356.46
 727.76,  849.11,  106.32
 724.97,  849.34,  231.29
 722.17,  849.57,  356.25
 476.62,  599.81,  224.13
 476.65,  602.48,  349.10
 476.68,  605.15,  474.07
 473.79,  724.75,  221.46
 473.82,  727.42,  346.43
 473.85,  730.09,  471.40
 470.96,  849.69,  218.79
 470.99,  852.36,  343.76
 471.02,  855.03,  468.73
 601.58,  602.64,  224.04
 601.61,  605.31,  349.01
 601.64,  607.98,  473.98
 598.76,  727.58,  221.37
 598.79,  730.25,  346.34
 598.82,  732.92,  471.31
 595.93,  852.52,  218.70
 595.96,  855.19,  343.67
 595.99,  857.86,  468.64
 726.55,  605.46,  223.95
 726.58,  608.14,  348.92
 726.61,  610.81,  473.89
 723.73,  730.40,  221.28
 723.75,  733.07,  346.25
 723.78,  735.74,  471.22
 720.90,  855.34,  218.61
 720.93,  858.01,  343.58
 720.96,  860.68,  468.56
 474.10,  598.59,  350.54
 475.87,  600.50,  475.51
 477.64,  602.41,  600.49
 472.85,  723.57,  348.65
 474.62,  725.48,  473.62
 476.39,  727.39,  598.59
 471.61,  848.55,  346.75
 473.38,  850.46,  471.73
 475.14,  852.37,  596.70
 599.08,  599.81,  348.75
 600.85,  601.72,  473.73
 602.62,  603.63,  598.70
 597.83,  724.79,  346.86
 599.60,  726.70,  471.83
 601.37,  728.61,  596.81
 596.59,  849.77,  344.97
 598.36,  851.68,  469.94
 600.13,  853.59,  594.91
 724.06,  601.03,  346.96
 725.83,  602.94,  471.94
 727.60,  604.85,  596.91
 722.82,  726.01,  345.07
 724.58,  727.92,  470.04
 726.35,  729.83,  595.02
 721.57,  850.99,  343.18
 723.34,  852.90,  468.15
 725.11,  854.81,  593.12
 473.46,  600.27,  475.51
 473.19,  600.72,  600.51
 472.91,  601.16,  725.51
 470.81,  725.25,  475.06
 470.53,  725.69,  600.06
 470.25,  726.13,  725.06
 468.15,  850.22,  474.61
 467.88,  850.66,  599.61
 467.60,  851.10,  724.61
 598.43,  602.93,  475.77
 598.16,  603.37,  600.77
 597.88,  603.82,  725.77
 595.78,  727.90,  475.33
 595.50,  728.34,  600.33
 595.23,  728.79,  725.32
 593.12,  852.87,  474.88
 592.85,  853.32,  599.88
 592.57,  853.76,  724.88
 723.40,  605.59,  476.04
 723.13,  606.03,  601.04
 722.85,  606.47,  726.04
 720.75,  730.56,  475.59
 720.47,  731.00,  600.59
 720.20,  731.44,  725.59
 718.10,  855.53,  475.14
 717.82,  855.97,  600.14
 717.54,  856.41,  725.14
 473.45,  600.93,  601.22
 474.54,  602.52,  726.21
 475.63,  604.12,  851.19
 471.51,  725.90,  599.64
 472.60,  727.50,  724.63
 473.68,  729.09,  849.61
 469.56,  850.88,  598.06
 470.65,  852.47,  723.05
 471.74,  854.07,  848.03
 598.43,  602.86,  600.11
 599.52,  604.45,  725.10
 600.61,  606.05,  850.08
 596.49,  727.83,  598.53
 597.58,  729.43,  723.52
 598.66,  731.03,  848.50
 594.54,  852.81,  596.95
 595.63,  854.40,  721.94
 596.72,  856.00,  846.92
 723.41,  604.79,  599.00
 724.50,  606.38,  723.99
 725.59,  607.98,  848.97
 721.47,  729.76,  597.42
 722.56,  731.36,  722.41
 723.64,  732.96,  847.39
 719.52,  854.74,  595.84
 720.61,  856.33,  720.83
 721.70,  857.93,  845.81
 600.06,   98.20,  101.66
 596.44,   95.83,  226.59
 592.82,   93.46,  351.52
 601.15,  223.18,  104.07
 597.53,  220.81,  228.99
 593.91,  218.44,  353.92
 602.23,  348.15,  106.47
 598.61,  345.78,  231.39
 594.99,  343.41,  356.32
 725.00,   97.05,  105.26
 721.38,   94.68,  230.19
 717.77,   92.31,  355.11
 726.09,  222.02,  107.66
 722.47,  219.65,  232.59
 718.85,  217.28,  357.51
 727.17,  346.99,  110.07
 723.55,  344.62,  234.99
 719.94,  342.25,  359.92
 849.95,   95.90,  108.86
 846.33,   93.53,  233.78
 842.71,   91.16,  358.71
 851.03,  220.87,  111.26
 847.41,  218.50,  236.19
 843.79,  216.13,  361.11
 852.12,  345.84,  113.66
 848.50,  343.47,  238.59
 844.88,  341.10,  363.51
 598.53,  100.39,  223.69
 598.55,  102.57,  348.67
 598.56,  104.75,  473.65
 596.38,  225.35,  221.51
 596.39,  227.53,  346.49
 596.41,  229.71,  471.47
 594.23,  350.31,  219.33
 594.24,  352.49,  344.31
 594.25,  354.67,  469.29
 723.52,  102.54,  223.64
 723.53,  104.72,  348.62
 723.54,  106.90,  473.60
 721.37,  227.50,  221.46
 721.38,  229.68,  346.44
 721.39,  231.86,  471.42
 719.21,  352.46,  219.28
 719.23,  354.64,  344.26
 719.24,  356.82,  469.24
 848.50,  104.69,  223.59
 848.51,  106.87,  348.57
 848.52,  109.05,  473.55
 846.35,  229.65,  221.41
 846.36,  231.83,  346.39
 846.37,  234.01,  471.37
 844.20,  354.61,  219.23
 844.21,  356.79,  344.21
 844.22,  358.97,  469.20
 598.59,  101.01,  349.01
 601.81,  102.99,  473.95
 605.04,  104.96,  598.89
 601.13,  225.97,  346.96
 604.35,  227.94,  471.91
 607.58,  229.92,  596.85
 603.66,  350.92,  344.92
 606.89,  352.90,  469.87
 610.11,  354.88,  594.81
 723.52,   98.42,  345.82
 726.74,  100.40,  470.77
 729.97,  102.37,  595.71
 726.06,  223.38,  343.78
 729.28,  225.35,  468.72
 732.51,  227.33,  593.67
 728.60,  348.33,  341.74
 731.82,  350.31,  466.68
 735.05,  352.29,  591.62
 848.45,   95.83,  342.64
 851.68,   97.81,  467.58
 854.90,   99.78,  592.53
 850.99,  220.79,  340.60
 854.22,  222.76,  465.54
 857.44,  224.74,  590.48
 853.53,  345.74,  338.56
 856.75,  347.72,  463.50
 859.98,  349.70,  588.44
 601.20,  101.45,  476.29
 599.79,  101.42,  601.28
 598.39,  101.39,  726.27
 603.42,  226.43,  476.34
 602.02,  226.40,  601.33
 600.61,  226.37,  726.32
 605.64,  351.41,  476.39
 604.24,  351.38,  601.38
 602.84,  351.35,  726.38
 726.17,   99.22,  477.69
 724.76,   99.19,  602.68
 723.36,   99.17,  727.68
 728.39,  224.20,  477.74
 726.99,  224.17,  602.74
 725.58,  224.15,  727.73
 730.62,  349.18,  477.80
 729.21,  349.15,  602.79
 727.81,  349.13,  727.78
 851.14,   96.99,  479.10
 849.73,   96.97,  604.09
 848.33,   96.94,  729.08
 853.36,  221.98,  479.15
 851.96,  221.95,  604.14
 850.55,  221.92,  729.13
 855.59,  346.96,  479.20
 854.18,  346.93,  604.19
 852.78,  346.90,  729.18
 598.76,  101.09,  600.29
 599.07,   99.92,  725.28
 599.37,   98.76,  850.28
 599.44,  226.08,  601.45
 599.74,  224.92,  726.45
 600.05,  223.75,  851.44
 600.11,  351.08,  602.62
 600.42,  349.91,  727.61
 600.73,  348.74,  852.61
 723.76,  100.42,  599.97
 724.07,   99.25,  724.97
 724.37,   98.08,  849.96
 724.44,  225.41,  601.14
 724.74,  224.24,  726.13
 725.05,  223.08,  851.13
 725.11,  350.40,  602.31
 725.42,  349.24,  727.30
 725.72,  348.07,  852.29
 848.76,   99.75,  599.66
 849.06,   98.58,  724.66
 849.37,   97.41,  849.65
 849.43,  224.74,  600.83
 849.74,  223.57,  725.82
 850.05,  222.40,  850.82
 850.11,  349.73,  601.99
 850.42,  348.56,  726.99
 850.72,  347.40,  851.98
 598.79,  223.81,   99.38
 601.72,  225.02,  224.34
 604.65,  226.24,  349.30
 600.56,  348.79,   98.13
 603.50,  350.00,  223.09
 606.43,  351.22,  348.05
 602.34,  473.77,   96.87
 605.27,  474.98,  221.83
 608.20,  476.20,  346.79
 723.74,  222.00,   96.47
 726.67,  223.22,  221.43
 729.61,  224.43,  346.39
 725.51,  346.98,   95.21
 728.45,  348.20,  220.17
 731.38,  349.41,  345.13
 727.29,  471.96,   93.95
 730.22,  473.18,  218.91
 733.16,  474.39,  343.87
 848.69,  220.20,   93.55
 851.63,  221.41,  218.51
 854.56,  222.63,  343.47
 850.47,  345.18,   92.29
 853.40,  346.39,  217.25
 856.33,  347.61,  342.21
 852.24,  470.16,   91.04
 855.18,  471.37,  216.00
 858.11,  472.59,  340.96
 598.02,  224.39,  224.43
 598.60,  221.25,  349.39
 599.18,  218.11,  474.34
 599.39,  349.35,  227.56
 599.97,  346.20,  352.52
 600.55,  343.06,  477.48
 600.76,  474.30,  230.70
 601.34,  471.16,  355.66
 601.91,  468.01,  480.62
 723.01,  223.04,  223.81
 723.59,  219.90,  348.77
 724.17,  216.75,  473.73
 724.38,  347.99,  226.95
 724.96,  344.85,  351.91
 725.54,  341.71,  476.87
 725.75,  472.95,  230.09
 726.33,  469.80,  355.05
 726.91,  466.66,  480.01
 848.00,  221.69,  223.20
 848.58,  218.54,  348.16
 849.16,  215.40,  473.12
 849.37,  346.64,  226.34
 849.95,  343.49,  351.30
 850.53,  340.35,  476.26
 850.74,  471.59,  229.47
 851.32,  468.45,  354.43
 851.90,  465.30,  479.39
 598.20,  223.01,  350.68
 597.28,  221.86,  475.67
 596.36,  220.71,  600.66
 597.45,  348.00,  351.82
 596.53,  346.85,  476.81
 595.60,  345.70,  601.81
 596.69,  472.99,  352.97
 595.77,  471.84,  477.96
 594.85,  470.69,  602.95
 723.20,  223.75,  351.61
 722.28,  222.61,  476.60
 721.35,  221.46,  601.59
 722.44,  348.75,  352.75
 721.52,  347.60,  477.74
 720.60,  346.45,  602.73
 721.69,  473.74,  353.89
 720.76,  472.59,  478.89
 719.84,  471.44,  603.88
 848.19,  224.50,  352.54
 847.27,  223.35,  477.53
 846.35,  222.20,  602.52
 847.44,  349.49,  353.68
 846.51,  348.35,  478.67
 845.59,  347.20,  603.66
 846.68,  474.49,  354.82
 845.76,  473.34,  479.81
 844.84,  472.19,  604.81
 599.19,  226.91,  476.36
 596.82,  224.03,  601.30
 594.46,  221.15,  726.25
 599.35,  351.87,  479.24
 596.98,  349.00,  604.18
 594.61,  346.12,  729.13
 599.51,  476.84,  482.12
 597.14,  473.96,  607.06
 594.77,  471.09,  732.00
 724.17,  226.69,  478.72
 721.80,  223.82,  603.66
 719.43,  220.94,  728.61
 724.32,  351.66,  481.60
 721.96,  348.78,  606.54
 719.59,  345.91,  731.49
 724.48,  476.63,  484.48
 722.12,  473.75,  609.42
 719.75,  470.87,  734.37
 849.14,  226.48,  481.08
 846.78,  223.60,  606.03
 844.41,  220.73,  730.97
 849.30,  351.45,  483.96
 846.94,  348.57,  608.91
 844.57,  345.70,  733.85
 849.46,  476.41,  486.84
 847.09,  473.54,  611.78
 844.73,  470.66,  736.73
 599.19,  225.99,  598.74
 600.39,  225.04,  723.74
 601.59,  224.09,  848.73
 599.51,  350.99,  599.69
 600.71,  350.04,  724.69
 601.91,  349.08,  849.68
 599.83,  475.99,  600.64
 601.03,  475.03,  725.63
 602.23,  474.08,  850.63
 724.18,  225.68,  597.54
 725.38,  224.73,  722.53
 726.58,  223.77,  847.52
 724.50,  350.68,  598.49
 725.70,  349.72,  723.48
 726.90,  348.77,  848.47
 724.83,  475.67,  599.44
 726.03,  474.72,  724.43
 727.23,  473.77,  849.42
 849.17,  225.37,  596.34
 850.37,  224.41,  721.33
 851.57,  223.46,  846.32
 849.50,  350.36,  597.29
 850.70,  349.41,  722.28
 851.90,  348.46,  847.27
 849.82,  475.36,  598.24
 851.02,  474.40,  723.23
 852.22,  473.45,  848.22
 598.53,  350.74,   98.21
 595.74,  352.29,  223.17
 592.95,  353.84,  348.12
 595.51,  475.69,   96.59
 592.72,  477.24,  221.55
 589.93,  478.79,  346.51
 592.48,  600.64,   94.97
 589.69,  602.19,  219.93
 586.90,  603.74,  344.89
 723.46,  353.80,  100.96
 720.68,  355.35,  225.92
 717.89,  356.90,  350.88
 720.44,  478.75,   99.34
 717.65,  480.30,  224.30
 714.86,  481.85,  349.26
 717.41,  603.70,   97.72
 714.62,  605.25,  222.68
 711.84,  606.81,  347.64
 848.40,  356.86,  103.71
 845.61,  358.41,  228.67
 842.82,  359.96,  353.63
 845.37,  481.81,  102.09
 842.58,  483.36,  227.05
 839.79,  484.91,  352.01
 842.35,  606.76,  100.47
 839.56,  608.31,  225.43
 836.77,  609.87,  350.39
 601.55,  348.77,  226.09
 602.28,  346.25,  351.07
 603.01,  343.73,  476.04
 602.92,  473.74,  228.61
 603.66,  471.22,  353.58
 604.39,  468.70,  478.55
 604.30,  598.71,  231.12
 605.03,  596.19,  356.09
 605.77,  593.67,  481.06
 726.54,  347.41,  225.33
 727.27,  344.89,  350.31
 728.00,  342.37,  475.28
 727.91,  472.38,  227.84
 728.65,  469.86,  352.82
 729.38,  467.34,  477.79
 729.29,  597.34,  230.36
 730.02,  594.83,  355.33
 730.76,  592.31,  480.30
 851.53,  346.05,  224.57
 852.26,  343.53,  349.55
 852.99,  341.01,  474.52
 852.90,  471.01,  227.08
 853.64,  468.50,  352.06
 854.37,  465.98,  477.03
 854.28,  595.98,  229.59
 855.01,  593.46,  354.57
 855.75,  590.94,  479.54
 601.87,  350.79,  351.54
 604.80,  353.39,  476.48
 607.74,  355.98,  601.42
 601.24,  475.76,  348.95
 604.17,  478.36,  473.89
 607.10,  480.96,  598.83
 600.60,  600.73,  346.37
 603.53,  603.33,  471.31
 606.46,  605.93,  596.25
 726.84,  351.36,  348.60
 729.77,  353.96,  473.53
 732.70,  356.56,  598.47
 726.20,  476.33,  346.01
 729.13,  478.93,  470.95
 732.06,  481.53,  595.89
 725.57,  601.30,  343.43
 728.50,  603.90,  468.37
 731.43,  606.50,  593.30
 851.80,  351.94,  345.65
 854.73,  354.53,  470.59
 857.66,  357.13,  595.53
 851.17,  476.91,  343.07
 854.10,  479.51,  468.01
 857.03,  482.10,  592.94
 850.53,  601.88,  340.48
 853.46,  604.48,  465.42
 856.39,  607.08,  590.36
 599.94,  351.02,  474.54
 603.31,  347.59,  599.45
 606.67,  344.16,  724.36
 603.67,  475.92,  477.87
 607.04,  472.49,  602.78
 610.40,  469.06,  727.69
 607.40,  600.82,  481.20
 610.76,  597.39,  606.11
 614.13,  593.96,  731.02
 724.84,  347.39,  471.08
 728.21,  343.96,  595.98
 731.57,  340.53,  720.89
 728.57,  472.29,  474.41
 731.93,  468.86,  599.31
 735.30,  465.43,  724.22
 732.30,  597.19,  477.74
 735.66,  593.76,  602.64
 739.03,  590.33,  727.55
 849.74,  343.75,  467.61
 853.11,  340.32,  592.52
 856.47,  336.89,  717.42
 853.47,  468.65,  470.94
 856.83,  465.22,  595.85
 860.20,  461.79,  720.75
 857.19,  593.55,  474.27
 860.56,  590.12,  599.18
 863.93,  586.69,  724.09
 601.77,  349.29,  600.56
 601.27,  350.24,  725.56
 600.77,  351.18,  850.55
 598.43,  474.25,  599.60
 597.93,  475.19,  724.60
 597.43,  476.14,  849.60
 595.09,  599.20,  598.65
 594.59,  600.14,  723.64
 594.09,  601.09,  848.64
 726.72,  352.64,  601.04
 726.22,  353.58,  726.03
 725.72,  354.53,  851.03
 723.38,  477.59,  600.08
 722.88,  478.53,  725.07
 722.38,  479.48,  850.07
 720.04,  602.54,  599.12
 719.54,  603.48,  724.12
 719.04,  604.43,  849.11
 851.68,  355.98,  601.51
 851.18,  356.92,  726.51
 850.68,  357.87,  851.50
 848.34,  480.93,  600.55
 847.84,  481.88,  725.55
 847.34,  482.82,  850.54
 845.00,  605.88,  599.60
 844.50,  606.83,  724.59
 844.00,  607.77,  849.59
 599.23,  475.09,  100.43
 597.33,  476.10,  225.41
 595.42,  477.11,  350.39
 601.39,  600.07,   99.46
 599.49,  601.08,  224.44
 597.58,  602.08,  349.42
 603.55,  725.05,   98.49
 601.64,  726.06,  223.47
 599.74,  727.06,  348.45
 724.20,  472.95,  102.35
 722.29,  473.96,  227.34
 720.39,  474.96,  352.32
 726.36,  597.93,  101.38
 724.45,  598.93,  226.36
 722.55,  599.94,  351.34
 728.52,  722.91,  100.41
 726.61,  723.91,  225.39
 724.71,  724.92,  350.37
 849.17,  470.81,  104.28
 847.26,  471.81,  229.26
 845.35,  472.82,  354.24
 851.33,  595.79,  103.30
 849.42,  596.79,  228.29
 847.51,  597.80,  353.27
 853.48,  720.76,  102.33
 851.58,  721.77,  227.31
 849.67,  722.77,  352.30
 598.92,  475.62,  223.22
 600.87,  471.92,  348.15
 602.82,  468.23,  473.08
 596.91,  600.55,  226.95
 598.86,  596.85,  351.88
 600.81,  593.16,  476.81
 594.91,  725.48,  230.67
 596.86,  721.78,  355.60
 598.81,  718.09,  480.53
 723.89,  477.68,  221.33
 725.84,  473.99,  346.26
 727.79,  470.29,  471.19
 721.88,  602.61,  225.06
 723.83,  598.92,  349.99
 725.78,  595.22,  474.92
 719.88,  727.54,  228.78
 721.83,  723.85,  353.71
 723.77,  720.15,  478.64
 848.86,  479.75,  219.44
 850.81,  476.05,  344.37
 852.76,  472.36,  469.30
 846.85,  604.68,  223.17
 848.80,  600.98,  348.10
 850.75,  597.29,  473.03
 844.85,  729.60,  226.89
 846.79,  725.91,  351.83
 848.74,  722.21,  476.76
 601.64,  474.03,  351.74
 603.83,  472.03,  476.70
 606.02,  470.03,  601.67
 602.82,  599.01,  353.72
 605.00,  597.01,  478.69
 607.19,  595.00,  603.65
 603.99,  723.99,  355.71
 606.18,  721.99,  480.67
 608.37,  719.98,  605.64
 726.61,  472.89,  349.53
 728.80,  470.89,  474.50
 730.99,  468.88,  599.46
 727.79,  597.87,  351.52
 729.98,  595.87,  476.48
 732.17,  593.86,  601.45
 728.97,  722.85,  353.50
 731.16,  720.84,  478.46
 733.35,  718.84,  603.43
 851.59,  471.75,  347.33
 853.78,  469.74,  472.29
 855.97,  467.74,  597.26
 852.77,  596.73,  349.31
 854.96,  594.72,  474.27
 857.14,  592.72,  599.24
 853.94,  721.71,  351.29
 856.13,  719.70,  476.26
 858.32,  717.70,  601.22
 599.83,  473.59,  474.70
 598.81,  472.01,  599.69
 597.78,  470.43,  724.67
 602.77,  598.55,  476.31
 601.74,  596.97,  601.29
 600.72,  595.39,  726.28
 605.71,  723.50,  477.91
 604.68,  721.92,  602.90
 603.65,  720.34,  727.88
 724.79,  470.64,  475.69
 723.77,  469.06,  600.68
 722.74,  467.48,  725.66
 727.73,  595.60,  477.30
 726.70,  594.02,  602.28
 725.68,  592.44,  727.27
 730.67,  720.55,  478.90
 729.64,  718.97,  603.89
 728.61,  717.39,  728.87
 849.76,  467.69,  476.68
 848.73,  466.11,  601.67
 847.70,  464.53,  726.66
 852.69,  592.65,  478.29
 851.67,  591.07,  603.27
 850.64,  589.48,  728.26
 855.63,  717.60,  479.89
 854.60,  716.02,  604.88
 853.58,  714.44,  729.86
 599.91,  477.00,  599.66
 599.02,  476.52,  724.66
 598.13,  476.05,  849.65
 597.70,  601.98,  600.12
 596.81,  601.50,  725.12
 595.92,  601.03,  850.11
 595.49,  726.96,  600.59
 594.60,  726.48,  725.58
 593.72,  726.01,  850.58
 724.89,  479.21,  600.56
 724.00,  478.73,  725.55
 723.11,  478.25,  850.55
 722.68,  604.19,  601.02
 721.79,  603.71,  726.02
 720.90,  603.23,  851.01
 720.47,  729.17,  601.48
 719.58,  728.69,  726.48
 718.69,  728.21,  851.47
 849.86,  481.41,  601.45
 848.97,  480.93,  726.45
 848.09,  480.45,  851.45
 847.66,  606.39,  601.92
 846.77,  605.91,  726.91
 845.88,  605.43,  851.91
 845.45,  731.37,  602.38
 844.56,  730.89,  727.37
 843.67,  730.41,  852.37
 601.51,  600.88,   98.65
 598.31,  599.64,  223.60
 595.11,  598.40,  348.55
 599.58,  725.86,   99.84
 596.38,  724.62,  224.79
 593.18,  723.38,  349.75
 597.65,  850.84,  101.03
 594.45,  849.60,  225.98
 591.25,  848.36,  350.94
 726.46,  602.78,  101.87
 723.25,  601.54,  226.82
 720.05,  600.30,  351.77
 724.53,  727.76,  103.06
 721.32,  726.52,  228.01
 718.12,  725.27,  352.97
 722.60,  852.73,  104.25
 719.40,  851.49,  229.20
 716.19,  850.25,  354.16
 851.40,  604.67,  105.09
 848.20,  603.43,  230.04
 845.00,  602.19,  354.99
 849.47,  729.65,  106.28
 846.27,  728.41,  231.23
 843.07,  727.17,  356.19
 847.54,  854.63,  107.47
 844.34,  853.39,  232.42
 841.14,  852.15,  357.38
 601.80,  600.13,  225.68
 603.94,  603.01,  350.63
 606.08,  605.89,  475.58
 600.54,  725.09,  222.82
 602.67,  727.97,  347.77
 604.81,  730.85,  472.72
 599.27,  850.06,  219.97
 601.41,  852.93,  344.92
 603.54,  855.81,  469.86
 726.78,  601.35,  223.51
 728.92,  604.23,  348.46
 731.05,  607.11,  473.41
 725.51,  726.31,  220.66
 727.65,  729.19,  345.61
 729.79,  732.07,  470.55
 724.24,  851.27,  217.80
 726.38,  854.15,  342.75
 728.52,  857.03,  467.70
 851.75,  602.57,  221.35
 853.89,  605.45,  346.30
 856.03,  608.32,  471.24
 850.49,  727.53,  218.49
 852.62,  730.41,  343.44
 854.76,  733.29,  468.39
 849.22,  852.49,  215.64
 851.36,  855.37,  340.59
 853.49,  858.25,  465.53
 601.08,  598.21,  349.54
 600.52,  599.41,  474.53
 599.96,  600.61,  599.52
 601.64,  723.21,  348.34
 601.08,  724.41,  473.33
 600.53,  725.61,  598.32
 602.20,  848.20,  347.14
 601.65,  849.40,  472.13
 601.09,  850.60,  597.13
 726.07,  597.65,  350.10
 725.52,  598.85,  475.09
 724.96,  600.05,  600.08
 726.64,  722.65,  348.90
 726.08,  723.85,  473.89
 725.53,  725.05,  598.89
 727.20,  847.64,  347.70
 726.65,  848.84,  472.70
 726.09,  850.04,  597.69
 851.07,  597.09,  350.66
 850.51,  598.29,  475.65
 849.96,  599.49,  600.64
 851.64,  722.09,  349.46
 851.08,  723.29,  474.45
 850.52,  724.49,  599.45
 852.20,  847.08,  348.26
 851.64,  848.28,  473.26
 851.09,  849.48,  598.25
 601.33,  598.11,  473.41
 600.44,  597.47,  598.41
 599.55,  596.83,  723.40
 599.47,  723.09,  474.04
 598.58,  722.45,  599.04
 597.69,  721.81,  724.03
 597.61,  848.08,  474.67
 596.72,  847.44,  599.66
 595.83,  846.80,  724.66
 726.31,  599.97,  474.31
 725.42,  599.33,  599.31
 724.53,  598.69,  724.30
 724.45,  724.95,  474.94
 723.56,  724.31,  599.94
 722.67,  723.67,  724.93
 722.59,  849.94,  475.57
 721.70,  849.30,  600.56
 720.81,  848.66,  725.56
 851.30,  601.83,  475.21
 850.41,  601.19,  600.21
 849.52,  600.54,  725.20
 849.43,  726.81,  475.84
 848.54,  726.17,  600.84
 847.66,  725.53,  725.83
 847.57,  851.80,  476.47
 846.68,  851.15,  601.46
 845.79,  850.51,  726.46
 598.21,  598.90,  600.81
 599.48,  595.78,  725.77
 600.75,  592.66,  850.72
 597.74,  723.86,  603.94
 599.01,  720.74,  728.89
 600.28,  717.62,  853.85
 597.27,  848.82,  607.06
 598.54,  845.70,  732.02
 599.82,  842.58,  856.97
 723.20,  599.40,  599.55
 724.47,  596.28,  724.51
 725.74,  593.16,  849.46
 722.73,  724.36,  602.68
 724.00,  721.24,  727.63
 725.28,  718.12,  852.59
 722.27,  849.32,  605.80
 723.54,  846.20,  730.76
 724.81,  843.08,  855.71
 848.19,  599.90,  598.29
 849.46,  596.78,  723.25
 850.73,  593.66,  848.20
 847.73,  724.86,  601.42
 849.00,  721.74,  726.37
 850.27,  718.62,  851.33
 847.26,  849.82,  604.54
 848.53,  846.70,  729.50
 849.80,  843.58,  854.45