27, 125, pa2-debug-c-output1.txt
 207.44,  197.11,  206.54
 400.30,  396.71,  192.77
  98.72,  101.03,   98.12
  98.02,   97.74,  223.08
  97.33,   94.45,  348.03
  98.82,  225.98,  101.41
  98.12,  222.69,  226.37
  97.42,  219.40,  351.32
  98.92,  350.94,  104.70
  98.22,  347.65,  229.65
  97.52,  344.36,  354.61
 223.72,  100.91,   98.82
 223.02,   97.62,  223.77
 222.32,   94.33,  348.73
 223.82,  225.87,  102.11
 223.12,  222.58,  227.06
 222.42,  219.29,  352.01
 223.92,  350.82,  105.39
 223.22,  347.53,  230.35
 222.52,  344.24,  355.30
 348.72,  100.79,   99.51
 348.02,   97.50,  224.47
 347.32,   94.21,  349.42
 348.82,  225.75,  102.80
 348.12,  222.46,  227.75
 347.42,  219.17,  352.71
 348.91,  350.70,  106.09
 348.22,  347.42,  231.04
 347.52,  344.13,  356.00
 101.05,  100.32,  223.28
 103.78,  101.47,  348.24
 106.51,  102.62,  473.21
 100.76,  225.32,  222.14
 103.49,  226.47,  347.10
 106.23,  227.62,  472.06
 100.47,  350.31,  220.99
 103.20,  351.46,  345.96
 105.94,  352.61,  470.92
 226.02,  100.59,  220.54
 228.75,  101.74,  345.51
 231.48,  102.89,  470.47
 225.73,  225.58,  219.40
 228.46,  226.73,  344.36
 231.19,  227.88,  469.33
 225.44,  350.57,  218.26
 228.17,  351.72,  343.22
 230.91,  352.87,  468.19
 350.99,  100.85,  217.81
 353.72,  102.00,  342.77
 356.45,  103.15,  467.74
 350.70,  225.84,  216.67
 353.43,  226.99,  341.63
 356.16,  228.14,  466.59
 350.41,  350.84,  215.52
 353.14,  351.99,  340.49
 355.88,  353.14,  465.45
  98.16,   98.44,  349.05
  97.15,   95.01,  474.00
  96.15,   91.58,  598.95
 100.81,  223.36,  352.50
  99.81,  219.93,  477.45
  98.81,  216.50,  602.40
 103.47,  348.28,  355.95
 102.47,  344.85,  480.90
 101.46,  341.42,  605.85
 223.13,   95.75,  349.98
 222.12,   92.32,  474.93
 221.12,   88.89,  599.88
 225.78,  220.68,  353.43
 224.78,  217.25,  478.38
 223.77,  213.82,  603.33
 228.44,  345.60,  356.88
 227.43,  342.17,  481.83
 226.43,  338.74,  606.78
 348.09,   93.07,  350.91
 347.09,   89.64,  475.86
 346.09,   86.21,  600.81
 350.75,  218.00,  354.36
 349.75,  214.57,  479.31
 348.74,  211.14,  604.26
 353.40,  342.92,  357.81
 352.40,  339.49,  482.76
 351.40,  336.06,  607.71
  98.37,  101.07,  475.85
  95.41,  101.50,  600.81
  92.44,  101.93,  725.78
 100.96,  226.04,  475.48
  97.99,  226.47,  600.44
  95.03,  226.91,  725.41
 103.54,  351.01,  475.11
 100.58,  351.45,  600.07
  97.61,  351.88,  725.03
 223.31,   98.49,  478.82
 220.35,   98.92,  603.78
 217.38,   99.36,  728.75
 225.89,  223.46,  478.45
 222.93,  223.90,  603.41
 219.97,  224.33,  728.38
 228.48,  348.44,  478.08
 225.51,  348.87,  603.04
 222.55,  349.30,  728.01
 348.25,   95.92,  481.79
 345.28,   96.35,  606.76
 342.32,   96.78,  731.72
 350.83,  220.89,  481.42
 347.87,  221.32,  606.39
 344.90,  221.75,  731.35
 353.42,  345.86,  481.05
 350.45,  346.30,  606.01
 347.49,  346.73,  730.98
 101.67,   99.02,  599.06
 103.83,  102.63,  723.99
 105.98,  106.24,  848.92
  99.54,  223.95,  595.49
 101.70,  227.56,  720.42
 103.85,  231.17,  845.34
  97.41,  348.88,  591.91
  99.57,  352.49,  716.84
 101.72,  356.10,  841.77
 226.63,  101.08,  596.85
 228.79,  104.70,  721.77
 230.94,  108.31,  846.70
 224.51,  226.01,  593.27
 226.66,  229.63,  718.20
 228.81,  233.24,  843.13
 222.38,  350.95,  589.70
 224.53,  354.56,  714.63
 226.69,  358.17,  839.55
 351.60,  103.15,  594.63
 353.75,  106.76,  719.56
 355.91,  110.37,  844.49
 349.47,  228.08,  591.06
 351.62,  231.69,  715.98
 353.78,  235.30,  840.91
 347.34,  353.01,  587.48
 349.49,  356.62,  712.41
 351.65,  360.24,  837.34
 101.33,  223.06,   98.67
  97.80,  219.59,  223.57
  94.27,  216.13,  348.47
  99.23,  348.00,  102.08
  95.69,  344.53,  226.98
  92.16,  341.06,  351.88
  97.12,  472.93,  105.48
  93.58,  469.47,  230.38
  90.05,  466.00,  355.29
 226.27,  225.07,  102.26
 222.73,  221.60,  227.16
 219.20,  218.14,  352.06
 224.16,  350.01,  105.67
 220.62,  346.54,  230.57
 217.09,  343.07,  355.47
 222.05,  474.94,  109.07
 218.52,  471.48,  233.97
 214.98,  468.01,  358.88
 351.20,  227.08,  105.85
 347.66,  223.61,  230.75
 344.13,  220.15,  355.65
 349.09,  352.02,  109.26
 345.56,  348.55,  234.16
 342.02,  345.08,  359.06
 346.98,  476.95,  112.66
 343.45,  473.49,  237.56
 339.91,  470.02,  362.47
  99.99,  223.96,  223.36
  97.40,  221.54,  348.31
  94.80,  219.12,  473.26
 102.66,  348.90,  225.84
 100.07,  346.48,  350.79
  97.47,  344.07,  475.74
 105.33,  473.85,  228.31
 102.74,  471.43,  353.26
 100.14,  469.01,  478.21
 224.94,  221.24,  225.91
 222.34,  218.82,  350.86
 219.74,  216.40,  475.81
 227.61,  346.18,  228.38
 225.01,  343.76,  353.33
 222.41,  341.34,  478.28
 230.28,  471.13,  230.85
 227.68,  468.71,  355.80
 225.08,  466.29,  480.75
 349.88,  218.52,  228.45
 347.28,  216.10,  353.40
 344.69,  213.68,  478.35
 352.55,  343.46,  230.92
 349.95,  341.04,  355.87
 347.36,  338.62,  480.82
 355.22,  468.41,  233.40
 352.62,  465.99,  358.35
 350.03,  463.57,  483.30
 101.62,  226.99,  351.03
 100.57,  224.34,  475.99
  99.52,  221.70,  600.96
 101.61,  351.96,  353.67
 100.55,  349.32,  478.63
  99.50,  346.67,  603.60
 101.59,  476.93,  356.31
 100.54,  474.29,  481.28
  99.48,  471.65,  606.24
 226.62,  226.98,  352.08
 225.57,  224.34,  477.05
 224.51,  221.70,  602.01
 226.60,  351.95,  354.72
 225.55,  349.31,  479.69
 224.50,  346.67,  604.66
 226.58,  476.93,  357.36
 225.53,  474.28,  482.33
 224.48,  471.64,  607.30
 351.62,  226.98,  353.13
 350.56,  224.34,  478.10
 349.51,  221.69,  603.07
 351.60,  351.95,  355.77
 350.54,  349.31,  480.74
 349.49,  346.67,  605.71
 351.58,  476.92,  358.42
 350.53,  474.28,  483.38
 349.47,  471.64,  608.35
 100.86,  224.04,  475.54
 101.47,  223.01,  600.53
 102.08,  221.98,  725.53
 100.83,  349.04,  476.57
 101.44,  348.01,  601.56
 102.05,  346.98,  726.56
 100.80,  474.03,  477.60
 101.41,  473.00,  602.59
 102.02,  471.97,  727.59
 225.86,  224.07,  474.93
 226.47,  223.04,  599.92
 227.08,  222.01,  724.92
 225.83,  349.07,  475.96
 226.44,  348.04,  600.95
 227.05,  347.01,  725.95
 225.80,  474.07,  476.99
 226.41,  473.04,  601.99
 227.02,  472.01,  726.98
 350.86,  224.11,  474.32
 351.47,  223.08,  599.32
 352.08,  222.05,  724.31
 350.83,  349.10,  475.35
 351.44,  348.07,  600.35
 352.05,  347.04,  725.34
 350.80,  474.10,  476.38
 351.41,  473.07,  601.38
 352.02,  472.04,  726.37
 101.66,  225.78,  599.80
 103.94,  222.73,  724.74
 106.22,  219.68,  849.69
 102.85,  350.73,  602.83
 105.13,  347.69,  727.77
 107.41,  344.64,  852.71
 104.03,  475.69,  605.86
 106.31,  472.64,  730.80
 108.59,  469.59,  855.74
 226.64,  224.65,  597.49
 228.92,  221.60,  722.44
 231.19,  218.55,  847.38
 227.82,  349.60,  600.52
 230.10,  346.56,  725.47
 232.38,  343.51,  850.41
 229.01,  474.56,  603.55
 231.29,  471.51,  728.49
 233.57,  468.46,  853.44
 351.61,  223.52,  595.19
 353.89,  220.47,  720.13
 356.17,  217.42,  845.07
 352.80,  348.47,  598.22
 355.07,  345.42,  723.16
 357.35,  342.38,  848.10
 353.98,  473.43,  601.24
 356.26,  470.38,  726.19
 358.54,  467.33,  851.13
 101.68,  350.29,  101.30
 104.17,  350.15,  226.28
 106.66,  350.02,  351.25
 101.96,  475.29,  101.43
 104.45,  475.15,  226.41
 106.94,  475.02,  351.38
 102.24,  600.29,  101.56
 104.73,  600.15,  226.53
 107.22,  600.02,  351.51
 226.65,  350.01,   98.81
 229.14,  349.88,  223.79
 231.63,  349.74,  348.76
 226.94,  475.01,   98.94
 229.43,  474.88,  223.91
 231.91,  474.74,  348.89
 227.22,  600.01,   99.07
 229.71,  599.87,  224.04
 232.20,  599.74,  349.02
 351.63,  349.73,   96.32
 354.12,  349.60,  221.30
 356.61,  349.46,  346.27
 351.91,  474.73,   96.45
 354.40,  474.60,  221.42
 356.89,  474.46,  346.40
 352.19,  599.73,   96.58
 354.68,  599.60,  221.55
 357.17,  599.46,  346.53
  99.63,  348.25,  224.67
  95.91,  348.14,  349.62
  92.19,  348.02,  474.56
  97.26,  473.23,  224.72
  93.54,  473.11,  349.66
  89.82,  473.00,  474.61
  94.88,  598.21,  224.76
  91.16,  598.09,  349.70
  87.44,  597.98,  474.65
 224.55,  350.62,  228.40
 220.83,  350.51,  353.34
 217.11,  350.40,  478.28
 222.18,  475.60,  228.44
 218.46,  475.49,  353.38
 214.74,  475.37,  478.33
 219.81,  600.58,  228.48
 216.09,  600.46,  353.43
 212.37,  600.35,  478.37
 349.48,  352.99,  232.12
 345.76,  352.88,  357.06
 342.04,  352.77,  482.01
 347.10,  477.97,  232.16
 343.38,  477.86,  357.10
 339.66,  477.74,  482.05
 344.73,  602.95,  232.20
 341.01,  602.84,  357.15
 337.29,  602.72,  482.09
 101.22,  348.41,  351.11
 103.72,  346.21,  476.07
 106.23,  344.01,  601.02
 102.31,  473.38,  353.29
 104.82,  471.18,  478.25
 107.32,  468.98,  603.20
 103.40,  598.36,  355.47
 105.91,  596.16,  480.42
 108.42,  593.96,  605.38
 226.19,  347.36,  348.59
 228.69,  345.16,  473.54
 231.20,  342.96,  598.50
 227.28,  472.34,  350.76
 229.79,  470.14,  475.72
 232.29,  467.93,  600.68
 228.37,  597.31,  352.94
 230.88,  595.11,  477.90
 233.39,  592.91,  602.85
 351.16,  346.31,  346.06
 353.66,  344.11,  471.02
 356.17,  341.91,  595.97
 352.25,  471.29,  348.24
 354.76,  469.09,  473.19
 357.26,  466.89,  598.15
 353.34,  596.26,  350.42
 355.85,  594.06,  475.37
 358.36,  591.86,  600.33
 101.69,  348.97,  474.98
 104.16,  349.44,  599.95
 106.64,  349.90,  724.93
 104.62,  473.94,  474.45
 107.10,  474.40,  599.43
 109.57,  474.87,  724.40
 107.55,  598.90,  473.93
 110.03,  599.37,  598.91
 112.50,  599.83,  723.88
 226.63,  346.03,  472.51
 229.11,  346.50,  597.49
 231.58,  346.96,  722.46
 229.56,  471.00,  471.99
 232.04,  471.46,  596.97
 234.51,  471.93,  721.94
 232.49,  595.96,  471.47
 234.97,  596.43,  596.44
 237.45,  596.89,  721.42
 351.57,  343.09,  470.05
 354.05,  343.55,  595.02
 356.52,  344.02,  720.00
 354.50,  468.05,  469.53
 356.98,  468.52,  594.50
 359.45,  468.98,  719.48
 357.43,  593.02,  469.00
 359.91,  593.48,  593.98
 362.39,  593.95,  718.95
 100.64,  351.88,  599.60
  97.82,  351.08,  724.56
  95.00,  350.28,  849.53
  98.95,  476.87,  600.36
  96.13,  476.07,  725.32
  93.31,  475.27,  850.29
  97.26,  601.85,  601.12
  94.44,  601.05,  726.09
  91.62,  600.25,  851.05
 225.60,  353.55,  602.43
 222.78,  352.76,  727.39
 219.96,  351.96,  852.36
 223.91,  478.54,  603.19
 221.09,  477.74,  728.15
 218.27,  476.94,  853.12
 222.22,  603.53,  603.95
 219.40,  602.73,  728.92
 216.58,  601.93,  853.88
 350.56,  355.23,  605.26
 347.74,  354.43,  730.22
 344.92,  353.63,  855.19
 348.86,  480.21,  606.02
 346.04,  479.42,  730.99
 343.22,  478.62,  855.95
 347.17,  605.20,  606.78
 344.35,  604.40,  731.75
 341.53,  603.60,  856.71
  99.03,  475.12,   98.86
  97.51,  475.49,  223.85
  95.99,  475.86,  348.84
 100.75,  600.10,   98.50
  99.24,  600.48,  223.49
  97.72,  600.85,  348.48
 102.48,  725.09,   98.15
 100.96,  725.46,  223.14
  99.44,  725.84,  348.13
 224.01,  473.39,  100.38
 222.49,  473.77,  225.37
 220.97,  474.14,  350.36
 225.73,  598.38,  100.03
 224.22,  598.76,  225.02
 222.70,  599.13,  350.01
 227.46,  723.37,   99.68
 225.94,  723.74,  224.67
 224.42,  724.12,  349.66
 348.99,  471.67,  101.90
 347.47,  472.05,  226.89
 345.95,  472.42,  351.88
 350.71,  596.66,  101.55
 349.19,  597.03,  226.54
 347.68,  597.41,  351.53
 352.44,  721.65,  101.20
 350.92,  722.02,  226.19
 349.40,  722.39,  351.18
  99.67,  473.68,  224.72
  98.83,  477.13,  349.67
  97.99,  480.57,  474.62
  96.91,  598.60,  221.25
  96.07,  602.05,  346.20
  95.23,  605.49,  471.15
  94.14,  723.52,  217.79
  93.31,  726.97,  342.74
  92.47,  730.42,  467.69
 224.63,  476.46,  225.48
 223.80,  479.91,  350.43
 222.96,  483.36,  475.38
 221.87,  601.38,  222.02
 221.03,  604.83,  346.97
 220.20,  608.28,  471.91
 219.11,  726.31,  218.55
 218.27,  729.75,  343.50
 217.44,  733.20,  468.45
 349.60,  479.25,  226.24
 348.76,  482.69,  351.19
 347.93,  486.14,  476.14
 346.84,  604.17,  222.78
 346.00,  607.62,  347.73
 345.16,  611.06,  472.68
 344.08,  729.09,  219.31
 343.24,  732.54,  344.26
 342.40,  735.98,  469.21
 100.38,  473.10,  348.57
  98.17,  476.57,  473.51
  95.95,  480.04,  598.44
 101.57,  598.05,  345.13
  99.35,  601.52,  470.06
  97.13,  604.98,  594.99
 102.75,  723.00,  341.68
 100.54,  726.46,  466.62
  98.32,  729.93,  591.55
 225.36,  471.98,  350.82
 223.14,  475.45,  475.76
 220.92,  478.91,  600.69
 226.54,  596.93,  347.38
 224.33,  600.39,  472.31
 222.11,  603.86,  597.24
 227.73,  721.87,  343.93
 225.51,  725.34,  468.86
 223.29,  728.81,  593.80
 350.33,  470.86,  353.07
 348.11,  474.32,  478.00
 345.90,  477.79,  602.94
 351.52,  595.80,  349.63
 349.30,  599.27,  474.56
 347.08,  602.74,  599.49
 352.70,  720.75,  346.18
 350.48,  724.22,  471.11
 348.27,  727.68,  596.05
  98.56,  474.27,  475.23
  94.89,  476.96,  600.15
  91.22,  479.66,  725.07
  96.74,  599.22,  472.48
  93.07,  601.92,  597.40
  89.39,  604.62,  722.31
  94.92,  724.18,  469.73
  91.24,  726.88,  594.65
  87.57,  729.57,  719.56
 223.50,  476.17,  478.87
 219.82,  478.87,  603.78
 216.15,  481.56,  728.70
 221.67,  601.12,  476.11
 218.00,  603.82,  601.03
 214.33,  606.52,  725.95
 219.85,  726.08,  473.36
 216.18,  728.78,  598.28
 212.50,  731.48,  723.19
 348.43,  478.07,  482.50
 344.76,  480.77,  607.41
 341.08,  483.47,  732.33
 346.61,  603.03,  479.75
 342.93,  605.72,  604.66
 339.26,  608.42,  729.58
 344.78,  727.98,  476.99
 341.11,  730.68,  601.91
 337.44,  733.38,  726.83
  99.08,  476.18,  601.49
  99.47,  473.28,  726.46
  99.86,  470.37,  851.42
 100.70,  601.14,  604.40
 101.09,  598.23,  729.36
 101.48,  595.32,  854.33
 102.32,  726.10,  607.30
 102.71,  723.19,  732.27
 103.10,  720.28,  857.23
 224.07,  474.57,  601.07
 224.46,  471.66,  726.03
 224.85,  468.75,  851.00
 225.69,  599.53,  603.97
 226.08,  596.62,  728.93
 226.47,  593.71,  853.90
 227.31,  724.48,  606.87
 227.70,  721.57,  731.84
 228.09,  718.66,  856.80
 349.06,  472.96,  600.64
 349.45,  470.05,  725.60
 349.84,  467.14,  850.57
 350.68,  597.92,  603.54
 351.07,  595.01,  728.51
 351.46,  592.10,  853.47
 352.30,  722.87,  606.45
 352.69,  719.96,  731.41
 353.08,  717.05,  856.38
  99.20,  598.64,   98.88
  99.05,  596.60,  223.86
  98.91,  594.57,  348.85
  97.62,  723.61,  100.91
  97.48,  721.58,  225.89
  97.34,  719.55,  350.88
  96.05,  848.58,  102.94
  95.91,  846.55,  227.93
  95.77,  844.52,  352.91
 224.19,  600.21,   99.05
 224.05,  598.17,  224.03
 223.90,  596.14,  349.02
 222.61,  725.18,  101.08
 222.47,  723.15,  226.06
 222.33,  721.12,  351.05
 221.04,  850.15,  103.11
 220.90,  848.12,  228.09
 220.76,  846.09,  353.08
 349.18,  601.78,   99.22
 349.04,  599.74,  224.20
 348.89,  597.71,  349.18
 347.60,  726.75,  101.25
 347.46,  724.72,  226.23
 347.32,  722.69,  351.21
 346.03,  851.72,  103.28
 345.89,  849.69,  228.26
 345.75,  847.66,  353.24
  99.02,  601.65,  225.64
  96.43,  600.42,  350.61
  93.85,  599.19,  475.58
  97.32,  726.63,  226.84
  94.74,  725.40,  351.80
  92.15,  724.17,  476.77
  95.63,  851.61,  228.03
  93.04,  850.38,  353.00
  90.46,  849.16,  477.96
 223.98,  603.32,  228.25
 221.39,  602.09,  353.21
 218.81,  600.86,  478.18
 222.28,  728.30,  229.44
 219.70,  727.07,  354.41
 217.11,  725.85,  479.37
 220.59,  853.28,  230.63
 218.00,  852.06,  355.60
 215.42,  850.83,  480.56
 348.94,  604.99,  230.85
 346.36,  603.76,  355.81
 343.77,  602.53,  480.78
 347.25,  729.97,  232.04
 344.66,  728.74,  357.01
 342.07,  727.52,  481.97
 345.55,  854.95,  233.23
 342.96,  853.73,  358.20
 340.38,  852.50,  483.17
 101.36,  599.35,  350.18
  97.83,  596.53,  475.09
  94.30,  593.70,  600.01
 101.56,  724.32,  353.01
  98.03,  721.49,  477.92
  94.50,  718.67,  602.84
 101.76,  849.28,  355.84
  98.23,  846.46,  480.75
  94.70,  843.64,  605.67
 226.31,  599.07,  353.70
 222.78,  596.25,  478.62
 219.25,  593.42,  603.54
 226.51,  724.04,  356.53
 222.98,  721.22,  481.45
 219.45,  718.39,  606.37
 226.71,  849.01,  359.36
 223.18,  846.18,  484.28
 219.65,  843.36,  609.20
 351.26,  598.79,  357.22
 347.73,  595.97,  482.14
 344.20,  593.15,  607.06
 351.46,  723.76,  360.05
 347.93,  720.94,  484.97
 344.40,  718.11,  609.89
 351.66,  848.73,  362.88
 348.13,  845.90,  487.80
 344.60,  843.08,  612.72
  99.41,  600.59,  473.01
  98.60,  598.51,  597.99
  97.78,  596.43,  722.97
  97.45,  725.56,  475.07
  96.64,  723.48,  600.05
  95.83,  721.40,  725.03
  95.50,  850.53,  477.14
  94.69,  848.45,  602.12
  93.88,  846.36,  727.10
 224.39,  602.53,  473.85
 223.58,  600.45,  598.83
 222.77,  598.37,  723.81
 222.44,  727.50,  475.92
 221.62,  725.42,  600.90
 220.81,  723.34,  725.88
 220.48,  852.47,  477.99
 219.67,  850.39,  602.97
 218.86,  848.30,  727.95
 349.37,  604.47,  474.69
 348.56,  602.39,  599.67
 347.75,  600.31,  724.65
 347.42,  729.44,  476.76
 346.61,  727.36,  601.74
 345.80,  725.28,  726.72
 345.47,  854.41,  478.83
 344.65,  852.32,  603.81
 343.84,  850.24,  728.79
 100.36,  601.54,  600.43
  98.22,  600.26,  725.40
  96.08,  598.98,  850.38
  97.23,  726.50,  601.65
  95.10,  725.22,  726.63
  92.96,  723.93,  851.61
  94.11,  851.45,  602.88
  91.98,  850.17,  727.86
  89.84,  848.89,  852.83
 225.30,  604.64,  602.60
 223.16,  603.36,  727.57
 221.03,  602.08,  852.55
 222.18,  729.60,  603.82
 220.04,  728.32,  728.80
 217.90,  727.03,  853.77
 219.06,  854.55,  605.05
 216.92,  853.27,  730.02
 214.78,  851.99,  855.00
 350.24,  607.74,  604.76
 348.11,  606.46,  729.74
 345.97,  605.18,  854.71
 347.12,  732.70,  605.99
 344.98,  731.41,  730.96
 342.85,  730.13,  855.94
 344.00,  857.65,  607.22
 341.86,  856.37,  732.19
 339.73,  855.09,  857.17
 226.77,   99.87,   98.24
 224.05,   97.14,  223.18
 221.33,   94.42,  348.12
 225.58,  224.83,  100.94
 222.86,  222.11,  225.88
 220.13,  219.39,  350.82
 224.38,  349.80,  103.64
 221.66,  347.07,  228.58
 218.94,  344.35,  353.52
 351.74,  101.00,  100.98
 349.01,   98.28,  225.92
 346.29,   95.56,  350.87
 350.54,  225.97,  103.68
 347.82,  223.25,  228.62
 345.10,  220.52,  353.56
 349.35,  350.93,  106.38
 346.63,  348.21,  231.32
 343.90,  345.49,  356.26
 476.70,  102.14,  103.73
 473.98,   99.42,  228.67
 471.26,   96.69,  353.61
 475.51,  227.10,  106.43
 472.78,  224.38,  231.37
 470.06,  221.66,  356.31
 474.31,  352.07,  109.13
 471.59,  349.35,  234.07
 468.87,  346.62,  359.01
 225.38,   98.73,  223.29
 222.08,   98.95,  348.25
 218.77,   99.17,  473.21
 222.64,  223.70,  223.00
 219.33,  223.92,  347.96
 216.03,  224.14,  472.91
 219.89,  348.67,  222.71
 216.59,  348.89,  347.67
 213.29,  349.11,  472.62
 350.31,  101.48,  226.59
 347.00,  101.70,  351.55
 343.70,  101.92,  476.50
 347.56,  226.45,  226.30
 344.26,  226.67,  351.26
 340.96,  226.89,  476.21
 344.82,  351.42,  226.01
 341.52,  351.64,  350.96
 338.21,  351.86,  475.92
 475.23,  104.23,  229.89
 471.93,  104.45,  354.85
 468.63,  104.67,  479.80
 472.49,  229.20,  229.60
 469.19,  229.42,  354.55
 465.88,  229.64,  479.51
 469.75,  354.17,  229.31
 466.44,  354.39,  354.26
 463.14,  354.61,  479.22
 226.27,  101.45,  348.00
 228.85,  100.21,  472.97
 231.42,   98.96,  597.94
 229.94,  226.39,  349.17
 232.52,  225.15,  474.14
 235.09,  223.90,  599.11
 233.61,  351.33,  350.34
 236.19,  350.09,  475.31
 238.76,  348.84,  600.28
 351.19,   97.81,  345.39
 353.76,   96.56,  470.36
 356.34,   95.32,  595.32
 354.86,  222.75,  346.56
 357.44,  221.50,  471.53
 360.01,  220.26,  596.49
 358.53,  347.69,  347.73
 361.11,  346.44,  472.70
 363.68,  345.20,  597.67
 476.11,   94.16,  342.78
 478.68,   92.92,  467.75
 481.26,   91.67,  592.71
 479.78,  219.10,  343.95
 482.35,  217.86,  468.92
 484.93,  216.61,  593.88
 483.45,  344.04,  345.12
 486.02,  342.80,  470.09
 488.60,  341.55,  595.05
 223.79,  101.42,  474.02
 222.88,  104.58,  598.98
 221.98,  107.75,  723.93
 225.84,  226.36,  470.87
 224.93,  229.52,  595.83
 224.02,  232.69,  720.78
 227.88,  351.30,  467.72
 226.98,  354.47,  592.68
 226.07,  357.63,  717.63
 348.77,   99.39,  474.98
 347.86,  102.56,  599.93
 346.96,  105.72,  724.89
 350.82,  224.34,  471.83
 349.91,  227.50,  596.79
 349.00,  230.67,  721.74
 352.86,  349.28,  468.68
 351.96,  352.45,  593.64
 351.05,  355.61,  718.59
 473.75,   97.37,  475.94
 472.84,  100.54,  600.89
 471.94,  103.70,  725.85
 475.80,  222.32,  472.79
 474.89,  225.48,  597.74
 473.98,  228.65,  722.70
 477.84,  347.26,  469.64
 476.94,  350.42,  594.59
 476.03,  353.59,  719.55
 224.69,   99.35,  600.93
 224.83,   97.15,  725.91
 224.97,   94.96,  850.89
 228.17,  224.28,  603.13
 228.31,  222.09,  728.11
 228.46,  219.89,  853.09
 231.65,  349.22,  605.32
 231.80,  347.02,  730.30
 231.94,  344.82,  855.28
 349.64,   95.87,  600.73
 349.78,   93.68,  725.71
 349.93,   91.48,  850.69
 353.12,  220.81,  602.92
 353.26,  218.61,  727.90
 353.41,  216.41,  852.89
 356.60,  345.74,  605.12
 356.75,  343.54,  730.10
 356.89,  341.34,  855.08
 474.59,   92.40,  600.53
 474.73,   90.20,  725.51
 474.88,   88.00,  850.49
 478.07,  217.33,  602.72
 478.22,  215.13,  727.70
 478.36,  212.93,  852.68
 481.56,  342.26,  604.92
 481.70,  340.06,  729.90
 481.84,  337.86,  854.88
 224.85,  223.68,  100.31
 227.32,  222.23,  225.27
 229.78,  220.79,  350.24
 223.88,  348.66,  101.77
 226.35,  347.22,  226.73
 228.82,  345.78,  351.70
 222.92,  473.65,  103.23
 225.38,  472.21,  228.20
 227.85,  470.77,  353.16
 349.82,  224.67,   97.85
 352.29,  223.23,  222.82
 354.76,  221.79,  347.79
 348.86,  349.66,   99.31
 351.32,  348.22,  224.28
 353.79,  346.78,  349.25
 347.89,  474.65,  100.77
 350.36,  473.21,  225.74
 352.82,  471.76,  350.71
 474.80,  225.67,   95.40
 477.26,  224.23,  220.36
 479.73,  222.78,  345.33
 473.83,  350.65,   96.86
 476.29,  349.21,  221.83
 478.76,  347.77,  346.79
 472.86,  475.64,   98.32
 475.33,  474.20,  223.29
 477.79,  472.76,  348.25
 225.97,  223.10,  224.04
 224.84,  223.85,  349.03
 223.70,  224.61,  474.03
 228.64,  348.07,  223.31
 227.51,  348.82,  348.31
 226.37,  349.57,  473.30
 231.31,  473.04,  222.58
 230.18,  473.79,  347.58
 229.04,  474.54,  472.57
 350.94,  220.44,  225.19
 349.80,  221.19,  350.19
 348.67,  221.94,  475.18
 353.61,  345.41,  224.46
 352.47,  346.16,  349.46
 351.34,  346.91,  474.45
 356.28,  470.37,  223.73
 355.14,  471.13,  348.73
 354.01,  471.88,  473.72
 475.91,  217.77,  226.34
 474.77,  218.53,  351.34
 473.63,  219.28,  476.33
 478.57,  342.74,  225.61
 477.44,  343.50,  350.61
 476.30,  344.25,  475.60
 481.24,  467.71,  224.89
 480.11,  468.47,  349.88
 478.97,  469.22,  474.87
 225.94,  223.42,  349.73
 226.26,  224.91,  474.72
 226.59,  226.39,  599.71
 226.70,  348.41,  348.25
 227.02,  349.90,  473.24
 227.35,  351.38,  598.23
 227.45,  473.40,  346.76
 227.78,  474.88,  471.75
 228.10,  476.37,  596.74
 350.94,  222.66,  349.42
 351.26,  224.15,  474.41
 351.59,  225.63,  599.40
 351.69,  347.65,  347.93
 352.02,  349.13,  472.92
 352.34,  350.62,  597.91
 352.45,  472.64,  346.44
 352.77,  474.12,  471.43
 353.10,  475.61,  596.43
 475.93,  221.90,  349.10
 476.26,  223.39,  474.09
 476.58,  224.87,  599.08
 476.69,  346.89,  347.61
 477.01,  348.37,  472.61
 477.34,  349.86,  597.60
 477.45,  471.88,  346.13
 477.77,  473.36,  471.12
 478.10,  474.85,  596.11
 226.87,  225.28,  474.34
 230.22,  227.47,  599.28
 233.57,  229.66,  724.22
 228.88,  350.25,  472.10
 232.22,  352.43,  597.04
 235.57,  354.62,  721.97
 230.88,  475.21,  469.86
 234.23,  477.40,  594.79
 237.58,  479.59,  719.73
 351.81,  223.22,  471.03
 355.16,  225.40,  595.97
 358.51,  227.59,  720.90
 353.82,  348.18,  468.79
 357.16,  350.37,  593.73
 360.51,  352.56,  718.66
 355.82,  473.14,  466.55
 359.17,  475.33,  591.48
 362.52,  477.52,  716.42
 476.75,  221.15,  467.72
 480.10,  223.34,  592.66
 483.44,  225.53,  717.59
 478.75,  346.11,  465.48
 482.10,  348.30,  590.41
 485.45,  350.49,  715.35
 480.76,  471.08,  463.23
 484.11,  473.27,  588.17
 487.46,  475.46,  713.11
 223.63,  224.81,  599.30
 223.29,  228.19,  724.26
 222.96,  231.58,  849.21
 225.01,  349.76,  595.92
 224.68,  353.14,  720.88
 224.34,  356.52,  845.83
 226.40,  474.70,  592.54
 226.06,  478.09,  717.50
 225.72,  481.47,  842.45
 348.62,  223.44,  599.68
 348.29,  226.82,  724.63
 347.95,  230.20,  849.58
 350.01,  348.38,  596.30
 349.67,  351.77,  721.25
 349.33,  355.15,  846.20
 351.39,  473.33,  592.92
 351.05,  476.71,  717.87
 350.72,  480.10,  842.82
 473.61,  222.06,  600.05
 473.28,  225.45,  725.00
 472.94,  228.83,  849.96
 475.00,  347.01,  596.67
 474.66,  350.39,  721.62
 474.32,  353.78,  846.58
 476.38,  471.96,  593.29
 476.04,  475.34,  718.24
 475.71,  478.72,  843.20
 226.45,  350.68,   98.87
 224.22,  352.90,  223.83
 222.00,  355.11,  348.79
 226.43,  475.67,   96.66
 224.21,  477.88,  221.62
 221.98,  480.09,  346.58
 226.42,  600.65,   94.44
 224.19,  602.86,  219.41
 221.96,  605.07,  344.37
 351.43,  350.74,  101.10
 349.20,  352.95,  226.06
 346.98,  355.16,  351.02
 351.41,  475.72,   98.88
 349.19,  477.93,  223.84
 346.96,  480.14,  348.80
 351.40,  600.70,   96.67
 349.17,  602.91,  221.63
 346.94,  605.12,  346.59
 476.41,  350.80,  103.32
 474.18,  353.01,  228.28
 471.96,  355.22,  353.24
 476.39,  475.78,  101.11
 474.17,  477.99,  226.07
 471.94,  480.20,  351.03
 476.38,  600.76,   98.90
 474.15,  602.97,  223.86
 471.92,  605.18,  348.82
 223.28,  349.33,  225.12
 224.87,  350.72,  350.10
 226.46,  352.11,  475.08
 223.47,  474.32,  223.73
 225.06,  475.71,  348.71
 226.65,  477.10,  473.69
 223.66,  599.31,  222.33
 225.25,  600.70,  347.32
 226.83,  602.09,  472.30
 348.27,  349.12,  223.53
 349.86,  350.51,  348.52
 351.45,  351.90,  473.50
 348.46,  474.11,  222.14
 350.05,  475.50,  347.12
 351.64,  476.90,  472.10
 348.65,  599.11,  220.75
 350.24,  600.50,  345.73
 351.82,  601.89,  470.71
 473.26,  348.92,  221.95
 474.85,  350.31,  346.93
 476.44,  351.70,  471.91
 473.45,  473.91,  220.55
 475.04,  475.30,  345.54
 476.63,  476.69,  470.52
 473.64,  598.90,  219.16
 475.23,  600.29,  344.14
 476.81,  601.68,  469.13
 223.97,  350.04,  350.82
 224.70,  348.63,  475.81
 225.43,  347.22,  600.80
 222.77,  475.03,  352.24
 223.50,  473.62,  477.23
 224.22,  472.20,  602.22
 221.56,  600.01,  353.66
 222.29,  598.60,  478.65
 223.02,  597.19,  603.64
 348.96,  351.25,  350.11
 349.69,  349.84,  475.10
 350.42,  348.43,  600.09
 347.76,  476.24,  351.53
 348.49,  474.83,  476.51
 349.22,  473.42,  601.50
 346.55,  601.23,  352.94
 347.28,  599.81,  477.93
 348.01,  598.40,  602.92
 473.96,  352.47,  349.39
 474.68,  351.06,  474.38
 475.41,  349.64,  599.37
 472.75,  477.45,  350.81
 473.48,  476.04,  475.80
 474.21,  474.63,  600.79
 471.55,  602.44,  352.23
 472.27,  601.03,  477.22
 473.00,  599.62,  602.21
 223.14,  349.52,  476.06
 220.11,  345.96,  600.97
 217.09,  342.39,  725.88
 225.39,  474.45,  479.68
 222.37,  470.88,  604.59
 219.34,  467.32,  729.51
 227.64,  599.38,  483.30
 224.62,  595.81,  608.21
 221.60,  592.24,  733.13
 348.08,  347.18,  479.02
 345.06,  343.62,  603.93
 342.03,  340.05,  728.84
 350.33,  472.11,  482.64
 347.31,  468.54,  607.55
 344.29,  464.98,  732.46
 352.59,  597.04,  486.26
 349.56,  593.47,  611.17
 346.54,  589.90,  736.08
 473.02,  344.84,  481.97
 470.00,  341.28,  606.89
 466.98,  337.71,  731.80
 475.28,  469.77,  485.59
 472.25,  466.21,  610.51
 469.23,  462.64,  735.42
 477.53,  594.70,  489.22
 474.51,  591.13,  614.13
 471.48,  587.57,  739.04
 224.48,  351.07,  601.65
 226.84,  350.68,  726.63
 229.20,  350.29,  851.61
 223.79,  476.07,  602.06
 226.15,  475.68,  727.03
 228.50,  475.29,  852.01
 223.10,  601.07,  602.46
 225.45,  600.68,  727.44
 227.81,  600.29,  852.41
 349.46,  351.77,  599.30
 351.82,  351.38,  724.28
 354.17,  350.99,  849.25
 348.77,  476.77,  599.70
 351.12,  476.38,  724.68
 353.48,  475.99,  849.66
 348.07,  601.77,  600.11
 350.43,  601.38,  725.08
 352.79,  600.99,  850.06
 474.43,  352.47,  596.95
 476.79,  352.08,  721.92
 479.15,  351.69,  846.90
 473.74,  477.47,  597.35
 476.10,  477.08,  722.33
 478.45,  476.69,  847.30
 473.05,  602.47,  597.75
 475.41,  602.08,  722.73
 477.76,  601.69,  847.71
 225.10,  476.57,   98.23
 221.91,  479.86,  223.15
 218.73,  483.15,  348.06
 223.67,  601.52,   94.90
 220.49,  604.81,  219.82
 217.30,  608.10,  344.74
 222.25,  726.47,   91.58
 219.06,  729.76,  216.50
 215.87,  733.04,  341.41
 350.05,  478.08,  101.38
 346.86,  481.37,  226.30
 343.68,  484.66,  351.21
 348.63,  603.03,   98.05
 345.44,  606.32,  222.97
 342.25,  609.61,  347.89
 347.20,  727.98,   94.73
 344.01,  731.27,  219.64
 340.82,  734.55,  344.56
 475.00,  479.59,  104.53
 471.82,  482.88,  229.44
 468.63,  486.17,  354.36
 473.58,  604.54,  101.20
 470.39,  607.83,  226.12
 467.20,  611.12,  351.04
 472.15,  729.49,   97.88
 468.96,  732.78,  222.79
 465.77,  736.07,  347.71
 226.39,  474.77,  223.35
 224.58,  471.10,  348.28
 222.77,  467.42,  473.22
 227.77,  599.71,  227.05
 225.96,  596.04,  351.98
 224.15,  592.36,  476.91
 229.14,  724.65,  230.74
 227.33,  720.97,  355.68
 225.52,  717.30,  480.61
 351.37,  473.34,  225.12
 349.56,  469.67,  350.05
 347.75,  465.99,  474.98
 352.75,  598.28,  228.82
 350.94,  594.60,  353.75
 349.12,  590.93,  478.68
 354.12,  723.22,  232.51
 352.31,  719.54,  357.45
 350.50,  715.87,  482.38
 476.35,  471.91,  226.89
 474.54,  468.24,  351.82
 472.73,  464.56,  476.75
 477.72,  596.85,  230.58
 475.91,  593.17,  355.52
 474.10,  589.50,  480.45
 479.10,  721.79,  234.28
 477.29,  718.11,  359.21
 475.48,  714.44,  484.15
 225.02,  473.47,  348.79
 227.45,  471.65,  473.76
 229.88,  469.83,  598.72
 225.10,  598.45,  350.61
 227.53,  596.64,  475.57
 229.96,  594.82,  600.54
 225.17,  723.44,  352.43
 227.60,  721.62,  477.39
 230.03,  719.80,  602.35
 350.00,  473.43,  346.36
 352.43,  471.61,  471.32
 354.86,  469.79,  596.29
 350.07,  598.41,  348.18
 352.50,  596.59,  473.14
 354.93,  594.78,  598.11
 350.15,  723.40,  350.00
 352.58,  721.58,  474.96
 355.01,  719.76,  599.92
 474.97,  473.38,  343.93
 477.40,  471.57,  468.89
 479.83,  469.75,  593.86
 475.05,  598.37,  345.75
 477.48,  596.55,  470.71
 479.91,  594.73,  595.68
 475.13,  723.36,  347.57
 477.56,  721.54,  472.53
 479.99,  719.72,  597.49
 225.37,  476.69,  474.37
 228.54,  476.88,  599.33
 231.71,  477.06,  724.29
 228.84,  601.65,  474.10
 232.01,  601.83,  599.06
 235.18,  602.01,  724.02
 232.31,  726.60,  473.83
 235.48,  726.78,  598.79
 238.65,  726.96,  723.75
 350.29,  473.22,  471.21
 353.45,  473.40,  596.17
 356.62,  473.58,  721.13
 353.76,  598.17,  470.94
 356.92,  598.35,  595.90
 360.09,  598.53,  720.86
 357.23,  723.12,  470.67
 360.39,  723.30,  595.63
 363.56,  723.48,  720.59
 475.20,  469.74,  468.05
 478.36,  469.92,  593.01
 481.53,  470.11,  717.97
 478.67,  594.69,  467.78
 481.83,  594.88,  592.74
 485.00,  595.06,  717.70
 482.14,  719.65,  467.51
 485.30,  719.83,  592.47
 488.47,  720.01,  717.43
 223.18,  476.12,  601.41
 224.39,  474.30,  726.39
 225.60,  472.48,  851.37
 221.40,  601.09,  603.24
 222.61,  599.27,  728.23
 223.82,  597.46,  853.21
 219.62,  726.06,  605.08
 220.83,  724.25,  730.06
 222.03,  722.43,  855.04
 348.16,  477.91,  600.23
 349.37,  476.10,  725.21
 350.58,  474.28,  850.19
 346.38,  602.89,  602.06
 347.59,  601.07,  727.04
 348.80,  599.25,  852.02
 344.60,  727.86,  603.90
 345.81,  726.05,  728.88
 347.02,  724.23,  853.86
 473.14,  479.71,  599.05
 474.35,  477.90,  724.03
 475.56,  476.08,  849.01
 471.36,  604.69,  600.88
 472.57,  602.87,  725.86
 473.78,  601.05,  850.84
 469.58,  729.66,  602.71
 470.79,  727.84,  727.70
 472.00,  726.03,  852.68
 226.99,  599.18,   98.77
 225.12,  596.64,  223.73
 223.24,  594.10,  348.69
 223.78,  724.12,  101.26
 221.90,  721.58,  226.22
 220.03,  719.04,  351.18
 220.56,  849.05,  103.75
 218.68,  846.51,  228.71
 216.81,  843.97,  353.67
 351.94,  602.36,  100.71
 350.06,  599.82,  225.67
 348.19,  597.28,  350.63
 348.72,  727.29,  103.20
 346.84,  724.75,  228.16
 344.97,  722.21,  353.12
 345.50,  852.23,  105.69
 343.63,  849.69,  230.65
 341.75,  847.15,  355.61
 476.88,  605.54,  102.65
 475.01,  603.00,  227.61
 473.13,  600.46,  352.57
 473.66,  730.47,  105.14
 471.79,  727.93,  230.10
 469.91,  725.39,  355.06
 470.45,  855.41,  107.63
 468.57,  852.87,  232.59
 466.70,  850.33,  357.55
 225.77,  598.16,  223.81
 222.29,  597.09,  348.76
 218.80,  596.02,  473.70
 228.07,  723.13,  224.95
 224.59,  722.06,  349.89
 221.11,  720.99,  474.84
 230.38,  848.11,  226.08
 226.89,  847.04,  351.03
 223.41,  845.96,  475.98
 350.70,  595.83,  227.27
 347.22,  594.75,  352.22
 343.73,  593.68,  477.17
 353.00,  720.80,  228.41
 349.52,  719.73,  353.36
 346.04,  718.66,  478.30
 355.31,  845.77,  229.55
 351.82,  844.70,  354.49
 348.34,  843.63,  479.44
 475.63,  593.49,  230.74
 472.15,  592.42,  355.68
 468.66,  591.35,  480.63
 477.93,  718.46,  231.87
 474.45,  717.39,  356.82
 470.97,  716.32,  481.77
 480.24,  843.44,  233.01
 476.75,  842.37,  357.96
 473.27,  841.29,  482.90
 223.12,  599.93,  350.72
 222.51,  602.85,  475.69
 221.91,  605.77,  600.65
 225.96,  724.86,  347.82
 225.35,  727.78,  472.78
 224.75,  730.70,  597.75
 228.80,  849.80,  344.91
 228.19,  852.72,  469.88
 227.59,  855.64,  594.84
 348.09,  597.10,  351.39
 347.48,  600.02,  476.36
 346.87,  602.94,  601.32
 350.93,  722.04,  348.49
 350.32,  724.96,  473.45
 349.71,  727.88,  598.42
 353.77,  846.97,  345.59
 353.16,  849.89,  470.55
 352.55,  852.81,  595.52
 473.05,  594.28,  352.07
 472.45,  597.20,  477.03
 471.84,  600.12,  602.00
 475.89,  719.21,  349.16
 475.29,  722.13,  474.13
 474.68,  725.05,  599.09
 478.73,  844.15,  346.26
 478.13,  847.07,  471.22
 477.52,  849.98,  596.19
 225.01,  600.62,  476.14
 227.51,  599.27,  601.11
 230.01,  597.92,  726.08
 225.37,  725.61,  477.49
 227.87,  724.26,  602.45
 230.37,  722.91,  727.42
 225.73,  850.60,  478.83
 228.23,  849.25,  603.80
 230.73,  847.90,  728.77
 349.99,  600.29,  473.64
 352.49,  598.94,  598.61
 354.99,  597.58,  723.58
 350.35,  725.28,  474.98
 352.85,  723.93,  599.95
 355.35,  722.58,  724.92
 350.71,  850.27,  476.33
 353.20,  848.92,  601.30
 355.70,  847.57,  726.26
 474.96,  599.96,  471.14
 477.46,  598.60,  596.11
 479.96,  597.25,  721.07
 475.32,  724.95,  472.48
 477.82,  723.60,  597.45
 480.32,  722.25,  722.42
 475.68,  849.94,  473.83
 478.18,  848.59,  598.79
 480.68,  847.24,  723.76
 226.01,  601.79,  600.19
 224.45,  603.96,  725.16
 222.89,  606.13,  850.14
 225.72,  726.77,  598.02
 224.16,  728.94,  722.99
 222.60,  731.11,  847.96
 225.43,  851.75,  595.85
 223.87,  853.92,  720.82
 222.31,  856.09,  845.79
 351.00,  602.10,  601.75
 349.44,  604.27,  726.72
 347.88,  606.44,  851.69
 350.71,  727.09,  599.57
 349.15,  729.26,  724.54
 347.59,  731.42,  849.52
 350.42,  852.07,  597.40
 348.86,  854.24,  722.37
 347.30,  856.41,  847.34
 475.99,  602.42,  603.30
 474.43,  604.59,  728.27
 472.87,  606.76,  853.24
 475.70,  727.40,  601.13
 474.14,  729.57,  726.10
 472.58,  731.74,  851.07
 475.41,  852.38,  598.95
 473.85,  854.55,  723.93
 472.29,  856.72,  848.90
 348.30,  100.39,   99.71
 350.29,  102.14,  224.68
 352.28,  103.89,  349.65
 348.98,  225.38,   97.95
 350.97,  227.13,  222.92
 352.96,  228.87,  347.89
 349.67,  350.37,   96.19
 351.66,  352.11,  221.16
 353.65,  353.86,  346.14
 473.28,   99.68,   97.73
 475.27,  101.43,  222.70
 477.26,  103.17,  347.67
 473.96,  224.67,   95.97
 475.96,  226.41,  220.94
 477.95,  228.16,  345.91
 474.65,  349.65,   94.21
 476.64,  351.40,  219.18
 478.63,  353.15,  344.16
 598.26,   98.97,   95.75
 600.25,  100.71,  220.72
 602.24,  102.46,  345.69
 598.95,  223.95,   93.99
 600.94,  225.70,  218.96
 602.93,  227.45,  343.93
 599.63,  348.94,   92.23
 601.62,  350.69,  217.20
 603.61,  352.43,  342.17
 349.48,  100.18,  223.14
 353.01,  101.81,  348.08
 356.54,  103.43,  473.02
 352.55,  225.13,  221.43
 356.08,  226.76,  346.37
 359.62,  228.38,  471.31
 355.63,  350.08,  219.72
 359.16,  351.71,  344.66
 362.69,  353.33,  469.60
 474.39,   97.06,  219.65
 477.92,   98.68,  344.59
 481.45,  100.31,  469.53
 477.46,  222.01,  217.94
 481.00,  223.63,  342.88
 484.53,  225.26,  467.82
 480.54,  346.96,  216.23
 484.07,  348.59,  341.17
 487.60,  350.21,  466.11
 599.30,   93.94,  216.16
 602.83,   95.56,  341.10
 606.37,   97.19,  466.04
 602.38,  218.89,  214.45
 605.91,  220.51,  339.39
 609.44,  222.14,  464.33
 605.45,  343.84,  212.74
 608.98,  345.46,  337.68
 612.52,  347.09,  462.62
 348.40,  101.53,  350.79
 350.40,  104.91,  475.73
 352.40,  108.29,  600.67
 348.77,  226.48,  347.41
 350.78,  229.86,  472.34
 352.78,  233.25,  597.28
 349.15,  351.43,  344.02
 351.16,  354.82,  468.95
 353.16,  358.20,  593.89
 473.38,  101.09,  348.80
 475.38,  104.48,  473.74
 477.39,  107.86,  598.68
 473.76,  226.05,  345.41
 475.76,  229.43,  470.35
 477.76,  232.81,  595.29
 474.14,  351.00,  342.02
 476.14,  354.38,  466.96
 478.14,  357.77,  591.90
 598.36,  100.66,  346.81
 600.37,  104.04,  471.75
 602.37,  107.43,  596.69
 598.74,  225.61,  343.42
 600.74,  229.00,  468.36
 602.75,  232.38,  593.30
 599.12,  350.57,  340.03
 601.12,  353.95,  464.97
 603.13,  357.33,  589.91
 349.98,  101.13,  474.56
 352.57,  103.90,  599.50
 355.16,  106.68,  724.44
 353.34,  226.05,  471.71
 355.92,  228.82,  596.66
 358.51,  231.60,  721.60
 356.69,  350.97,  468.87
 359.28,  353.75,  593.81
 361.87,  356.52,  718.75
 474.91,   97.71,  472.05
 477.50,  100.49,  596.99
 480.08,  103.27,  721.93
 478.27,  222.64,  469.20
 480.85,  225.41,  594.14
 483.44,  228.19,  719.09
 481.62,  347.56,  466.36
 484.21,  350.34,  591.30
 486.79,  353.11,  716.24
 599.84,   94.30,  469.54
 602.43,   97.08,  594.48
 605.01,   99.85,  719.42
 603.19,  219.22,  466.69
 605.78,  222.00,  591.63
 608.37,  224.78,  716.58
 606.55,  344.15,  463.85
 609.14,  346.92,  588.79
 611.72,  349.70,  713.73
 348.55,   99.75,  598.54
 347.14,   96.39,  723.48
 345.73,   93.03,  848.43
 347.16,  224.70,  601.88
 345.75,  221.34,  726.83
 344.35,  217.97,  851.78
 345.78,  349.64,  605.23
 344.37,  346.28,  730.17
 342.96,  342.92,  855.12
 473.53,  101.09,  599.98
 472.12,   97.73,  724.93
 470.72,   94.37,  849.87
 472.15,  226.04,  603.33
 470.74,  222.68,  728.27
 469.33,  219.32,  853.22
 470.76,  350.99,  606.67
 469.35,  347.63,  731.62
 467.95,  344.27,  856.56
 598.51,  102.44,  601.42
 597.11,   99.08,  726.37
 595.70,   95.72,  851.32
 597.13,  227.39,  604.77
 595.72,  224.03,  729.72
 594.32,  220.67,  854.66
 595.75,  352.34,  608.11
 594.34,  348.97,  733.06
 592.93,  345.61,  858.01
 349.91,  226.81,   98.80
 348.00,  226.85,  223.78
 346.09,  226.89,  348.77
 353.44,  351.76,   98.82
 351.52,  351.80,  223.80
 349.61,  351.84,  348.79
 356.96,  476.71,   98.83
 355.05,  476.75,  223.82
 353.14,  476.79,  348.80
 474.85,  223.29,  100.71
 472.94,  223.32,  225.70
 471.02,  223.36,  350.68
 478.37,  348.24,  100.73
 476.46,  348.27,  225.71
 474.55,  348.31,  350.70
 481.90,  473.19,  100.74
 479.98,  473.22,  225.73
 478.07,  473.26,  350.71
 599.78,  219.76,  102.62
 597.87,  219.80,  227.61
 595.96,  219.84,  352.59
 603.31,  344.71,  102.64
 601.40,  344.75,  227.62
 599.48,  344.79,  352.61
 606.83,  469.66,  102.65
 604.92,  469.70,  227.64
 603.01,  469.74,  352.63
 350.28,  225.46,  225.30
 353.01,  226.54,  350.27
 355.75,  227.62,  475.23
 349.06,  350.45,  224.25
 351.79,  351.53,  349.21
 354.52,  352.61,  474.18
 347.83,  475.44,  223.19
 350.56,  476.52,  348.16
 353.29,  477.60,  473.12
 475.25,  226.67,  222.56
 477.98,  227.75,  347.52
 480.71,  228.83,  472.49
 474.02,  351.65,  221.51
 476.75,  352.74,  346.47
 479.48,  353.82,  471.44
 472.79,  476.64,  220.45
 475.52,  477.72,  345.42
 478.26,  478.80,  470.38
 600.21,  227.87,  219.82
 602.94,  228.95,  344.78
 605.67,  230.03,  469.75
 598.98,  352.86,  218.76
 601.72,  353.94,  343.73
 604.45,  355.02,  468.70
 597.76,  477.85,  217.71
 600.49,  478.93,  342.68
 603.22,  480.01,  467.64
 350.19,  223.88,  349.52
 347.21,  220.59,  474.44
 344.22,  217.30,  599.36
 349.10,  348.83,  352.79
 346.12,  345.54,  477.71
 343.13,  342.25,  602.63
 348.01,  473.78,  356.05
 345.02,  470.49,  480.97
 342.04,  467.20,  605.89
 475.15,  224.89,  352.53
 472.17,  221.60,  477.45
 469.18,  218.31,  602.38
 474.06,  349.84,  355.80
 471.07,  346.55,  480.72
 468.09,  343.26,  605.64
 472.97,  474.79,  359.06
 469.98,  471.50,  483.99
 467.00,  468.21,  608.91
 600.11,  225.90,  355.55
 597.13,  222.61,  480.47
 594.14,  219.32,  605.39
 599.02,  350.85,  358.81
 596.03,  347.56,  483.73
 593.05,  344.27,  608.65
 597.93,  475.81,  362.08
 594.94,  472.52,  487.00
 591.96,  469.23,  611.92
 348.66,  224.41,  476.94
 348.40,  221.58,  601.91
 348.14,  218.74,  726.88
 346.56,  349.36,  479.77
 346.30,  346.53,  604.74
 346.03,  343.69,  729.71
 344.45,  474.31,  482.60
 344.19,  471.48,  607.57
 343.93,  468.64,  732.54
 473.65,  226.51,  477.25
 473.38,  223.67,  602.22
 473.12,  220.84,  727.19
 471.54,  351.46,  480.08
 471.28,  348.62,  605.05
 471.02,  345.79,  730.02
 469.43,  476.41,  482.91
 469.17,  473.58,  607.88
 468.91,  470.74,  732.85
 598.63,  228.61,  477.56
 598.37,  225.77,  602.53
 598.10,  222.94,  727.50
 596.52,  353.56,  480.39
 596.26,  350.72,  605.36
 596.00,  347.89,  730.33
 594.42,  478.51,  483.22
 594.15,  475.67,  608.19
 593.89,  472.84,  733.16
 349.96,  225.48,  599.08
 349.27,  223.91,  724.07
 348.58,  222.33,  849.06
 351.14,  350.47,  600.66
 350.45,  348.89,  725.65
 349.76,  347.32,  850.64
 352.31,  475.45,  602.24
 351.63,  473.88,  727.23
 350.94,  472.30,  852.22
 474.95,  224.30,  599.75
 474.26,  222.72,  724.74
 473.58,  221.15,  849.73
 476.13,  349.28,  601.33
 475.44,  347.71,  726.32
 474.75,  346.13,  851.31
 477.31,  474.26,  602.91
 476.62,  472.69,  727.90
 475.93,  471.12,  852.89
 599.94,  223.11,  600.43
 599.26,  221.54,  725.42
 598.57,  219.96,  850.40
 601.12,  348.09,  602.01
 600.43,  346.52,  727.00
 599.75,  344.95,  851.98
 602.30,  473.08,  603.59
 601.61,  471.51,  728.58
 600.92,  469.93,  853.56
 350.35,  348.45,  101.86
 352.04,  349.16,  226.85
 353.74,  349.87,  351.83
 350.54,  473.45,  101.15
 352.24,  474.16,  226.14
 353.94,  474.87,  351.12
 350.74,  598.45,  100.44
 352.44,  599.16,  225.42
 354.14,  599.87,  350.41
 475.33,  348.25,  100.16
 477.03,  348.95,  225.15
 478.73,  349.66,  350.14
 475.53,  473.24,   99.45
 477.23,  473.95,  224.44
 478.93,  474.66,  349.43
 475.73,  598.24,   98.74
 477.43,  598.95,  223.73
 479.13,  599.66,  348.71
 600.32,  348.04,   98.47
 602.02,  348.75,  223.45
 603.72,  349.46,  348.44
 600.52,  473.04,   97.76
 602.22,  473.75,  222.74
 603.92,  474.45,  347.73
 600.72,  598.03,   97.04
 602.42,  598.74,  222.03
 604.11,  599.45,  347.02
 351.01,  351.34,  225.00
 351.82,  349.93,  349.99
 352.63,  348.52,  474.98
 349.51,  476.32,  226.42
 350.32,  474.91,  351.41
 351.13,  473.51,  476.40
 348.01,  601.31,  227.84
 348.82,  599.90,  352.83
 349.64,  598.49,  477.82
 475.99,  352.85,  224.21
 476.80,  351.44,  349.20
 477.62,  350.03,  474.19
 474.50,  477.83,  225.63
 475.31,  476.42,  350.62
 476.12,  475.01,  475.61
 473.00,  602.81,  227.05
 473.81,  601.40,  352.04
 474.62,  599.99,  477.02
 600.98,  354.35,  223.41
 601.79,  352.94,  348.40
 602.60,  351.53,  473.39
 599.49,  479.33,  224.83
 600.30,  477.93,  349.82
 601.11,  476.52,  474.81
 597.99,  604.32,  226.25
 598.80,  602.91,  351.24
 599.61,  601.50,  476.23
 351.31,  348.43,  351.55
 353.73,  349.55,  476.52
 356.15,  350.68,  601.49
 354.94,  473.37,  350.36
 357.36,  474.50,  475.33
 359.78,  475.62,  600.30
 358.57,  598.31,  349.16
 360.99,  599.44,  474.14
 363.41,  600.56,  599.11
 476.23,  344.78,  349.17
 478.65,  345.90,  474.14
 481.07,  347.03,  599.11
 479.86,  469.72,  347.97
 482.28,  470.84,  472.94
 484.70,  471.97,  597.92
 483.49,  594.66,  346.78
 485.91,  595.79,  471.75
 488.33,  596.91,  596.72
 601.16,  341.13,  346.78
 603.58,  342.25,  471.75
 606.00,  343.37,  596.72
 604.79,  466.07,  345.59
 607.21,  467.19,  470.56
 609.63,  468.32,  595.53
 608.42,  591.01,  344.39
 610.84,  592.13,  469.36
 613.26,  593.26,  594.34
 350.66,  349.96,  476.19
 350.98,  350.70,  601.19
 351.31,  351.43,  726.19
 349.56,  474.95,  475.46
 349.89,  475.69,  600.46
 350.22,  476.42,  725.45
 348.46,  599.95,  474.73
 348.79,  600.68,  599.72
 349.12,  601.42,  724.72
 475.65,  351.06,  475.86
 475.98,  351.79,  600.85
 476.31,  352.53,  725.85
 474.55,  476.05,  475.13
 474.88,  476.79,  600.12
 475.21,  477.52,  725.12
 473.46,  601.04,  474.39
 473.79,  601.78,  599.39
 474.11,  602.51,  724.39
 600.65,  352.15,  475.52
 600.97,  352.89,  600.52
 601.30,  353.62,  725.52
 599.55,  477.15,  474.79
 599.88,  477.88,  599.79
 600.21,  478.62,  724.79
 598.45,  602.14,  474.06
 598.78,  602.87,  599.06
 599.11,  603.61,  724.05
 349.02,  351.25,  601.08
 351.53,  350.23,  726.05
 354.05,  349.22,  851.02
 351.47,  476.22,  602.04
 353.98,  475.21,  727.01
 356.50,  474.19,  851.98
 353.92,  601.19,  603.01
 356.43,  600.18,  727.98
 358.95,  599.17,  852.95
 473.97,  348.82,  598.55
 476.48,  347.80,  723.52
 479.00,  346.79,  848.49
 476.42,  473.79,  599.51
 478.93,  472.77,  724.48
 481.45,  471.76,  849.45
 478.87,  598.76,  600.47
 481.39,  597.75,  725.44
 483.90,  596.73,  850.41
 598.92,  346.38,  596.01
 601.43,  345.37,  720.98
 603.95,  344.36,  845.95
 601.37,  471.36,  596.98
 603.88,  470.34,  721.95
 606.40,  469.33,  846.92
 603.82,  596.33,  597.94
 606.34,  595.32,  722.91
 608.85,  594.30,  847.88
 349.52,  476.73,   99.20
 347.07,  474.29,  224.16
 344.63,  471.85,  349.11
 346.53,  601.68,  101.59
 344.09,  599.23,  226.54
 341.65,  596.79,  351.49
 343.55,  726.62,  103.97
 341.11,  724.17,  228.92
 338.66,  721.73,  353.88
 474.46,  479.67,  101.70
 472.01,  477.23,  226.66
 469.57,  474.78,  351.61
 471.47,  604.61,  104.09
 469.03,  602.17,  229.04
 466.59,  599.73,  353.99
 468.49,  729.55,  106.47
 466.05,  727.11,  231.43
 463.60,  724.67,  356.38
 599.40,  482.61,  104.21
 596.95,  480.16,  229.16
 594.51,  477.72,  354.11
 596.41,  607.55,  106.59
 593.97,  605.11,  231.54
 591.53,  602.66,  356.50
 593.43,  732.49,  108.98
 590.99,  730.05,  233.93
 588.54,  727.60,  358.88
 350.17,  476.79,  223.56
 348.75,  474.55,  348.53
 347.33,  472.32,  473.50
 346.91,  601.73,  225.76
 345.49,  599.49,  350.73
 344.07,  597.25,  475.70
 343.65,  726.67,  227.96
 342.23,  724.43,  352.93
 340.80,  722.19,  477.90
 475.12,  480.03,  225.04
 473.70,  477.79,  350.01
 472.28,  475.55,  474.98
 471.86,  604.97,  227.24
 470.44,  602.73,  352.21
 469.02,  600.49,  477.18
 468.60,  729.90,  229.44
 467.18,  727.67,  354.41
 465.75,  725.43,  479.38
 600.07,  483.26,  226.52
 598.65,  481.03,  351.49
 597.23,  478.79,  476.46
 596.81,  608.20,  228.72
 595.39,  605.96,  353.69
 593.96,  603.73,  478.66
 593.55,  733.14,  230.92
 592.13,  730.90,  355.89
 590.70,  728.66,  480.86
 348.76,  474.96,  348.83
 352.17,  477.06,  473.77
 355.57,  479.16,  598.70
 350.96,  599.92,  346.67
 354.36,  602.02,  471.61
 357.76,  604.12,  596.54
 353.15,  724.88,  344.51
 356.55,  726.98,  469.45
 359.96,  729.08,  594.38
 473.70,  472.71,  345.46
 477.10,  474.81,  470.40
 480.51,  476.91,  595.34
 475.89,  597.67,  343.30
 479.30,  599.77,  468.24
 482.70,  601.87,  593.18
 478.08,  722.63,  341.14
 481.49,  724.73,  466.08
 484.89,  726.83,  591.02
 598.63,  470.46,  342.10
 602.04,  472.56,  467.03
 605.44,  474.66,  591.97
 600.83,  595.42,  339.94
 604.23,  597.52,  464.87
 607.63,  599.62,  589.81
 603.02,  720.38,  337.78
 606.42,  722.48,  462.71
 609.83,  724.58,  587.65
 348.51,  476.64,  473.17
 346.16,  478.83,  598.13
 343.82,  481.02,  723.09
 346.75,  601.61,  470.95
 344.41,  603.80,  595.91
 342.06,  605.99,  720.86
 345.00,  726.58,  468.72
 342.65,  728.76,  593.68
 340.31,  730.95,  718.64
 473.48,  478.43,  475.48
 471.13,  480.62,  600.44
 468.78,  482.81,  725.40
 471.72,  603.40,  473.26
 469.38,  605.59,  598.22
 467.03,  607.78,  723.18
 469.97,  728.37,  471.04
 467.62,  730.56,  596.00
 465.27,  732.75,  720.96
 598.44,  480.23,  477.80
 596.10,  482.42,  602.76
 593.75,  484.61,  727.72
 596.69,  605.20,  475.58
 594.34,  607.39,  600.53
 592.00,  609.58,  725.49
 594.93,  730.17,  473.35
 592.59,  732.36,  598.31
 590.24,  734.55,  723.27
 350.18,  473.16,  601.71
 353.28,  476.25,  726.64
 356.37,  479.34,  851.56
 351.46,  598.12,  598.59
 354.56,  601.21,  723.51
 357.65,  604.29,  848.44
 352.75,  723.07,  595.47
 355.84,  726.16,  720.39
 358.94,  729.25,  845.32
 475.14,  471.80,  598.65
 478.23,  474.89,  723.58
 481.32,  477.98,  848.50
 476.42,  596.76,  595.53
 479.51,  599.85,  720.45
 482.61,  602.93,  845.38
 477.70,  721.71,  592.41
 480.80,  724.80,  717.33
 483.89,  727.89,  842.26
 600.09,  470.44,  595.59
 603.19,  473.53,  720.51
 606.28,  476.62,  845.44
 601.37,  595.40,  592.47
 604.47,  598.49,  717.39
 607.56,  601.58,  842.32
 602.66,  720.35,  589.35
 605.75,  723.44,  714.27
 608.85,  726.53,  839.19
 351.86,  600.48,   98.24
 355.01,  602.53,  223.19
 358.17,  604.58,  348.13
 351.29,  725.46,   96.20
 354.44,  727.51,  221.15
 357.60,  729.56,  346.09
 350.72,  850.44,   94.17
 353.88,  852.49,  219.11
 357.03,  854.55,  344.05
 476.82,  600.99,   95.08
 479.97,  603.05,  220.02
 483.13,  605.10,  344.96
 476.25,  725.98,   93.04
 479.40,  728.03,  217.98
 482.56,  730.08,  342.93
 475.68,  850.96,   91.00
 478.84,  853.01,  215.94
 481.99,  855.06,  340.89
 601.77,  601.51,   91.91
 604.93,  603.56,  216.86
 608.09,  605.61,  341.80
 601.21,  726.49,   89.87
 604.36,  728.54,  214.82
 607.52,  730.60,  339.76
 600.64,  851.47,   87.84
 603.79,  853.53,  212.78
 606.95,  855.58,  337.72
 351.81,  599.61,  226.02
 354.70,  601.31,  350.98
 357.59,  603.01,  475.93
 354.95,  724.56,  224.25
 357.84,  726.26,  349.21
 360.73,  727.96,  474.16
 358.09,  849.51,  222.48
 360.98,  851.21,  347.43
 363.87,  852.91,  472.39
 476.74,  596.43,  223.17
 479.63,  598.13,  348.13
 482.52,  599.83,  473.08
 479.88,  721.38,  221.40
 482.77,  723.08,  346.36
 485.66,  724.78,  471.31
 483.01,  846.33,  219.63
 485.91,  848.03,  344.59
 488.80,  849.73,  469.54
 601.66,  593.25,  220.33
 604.56,  594.95,  345.28
 607.45,  596.65,  470.24
 604.80,  718.20,  218.55
 607.69,  719.90,  343.51
 610.59,  721.60,  468.46
 607.94,  843.15,  216.78
 610.83,  844.85,  341.74
 613.73,  846.55,  466.69
 349.80,  601.67,  348.70
 346.37,  599.41,  473.63
 342.94,  597.15,  598.57
 348.40,  726.64,  350.92
 344.97,  724.38,  475.86
 341.53,  722.12,  600.79
 347.00,  851.61,  353.14
 343.56,  849.35,  478.08
 340.13,  847.09,  603.01
 474.75,  603.01,  352.16
 471.32,  600.75,  477.09
 467.88,  598.49,  602.02
 473.35,  727.98,  354.38
 469.91,  725.72,  479.31
 466.48,  723.46,  604.24
 471.94,  852.95,  356.60
 468.51,  850.69,  481.53
 465.08,  848.44,  606.47
 599.69,  604.35,  355.62
 596.26,  602.09,  480.55
 592.83,  599.83,  605.48
 598.29,  729.32,  357.84
 594.86,  727.06,  482.77
 591.42,  724.80,  607.70
 596.89,  854.29,  360.06
 593.45,  852.03,  484.99
 590.02,  849.78,  609.92
 349.22,  600.28,  474.57
 352.87,  599.81,  599.52
 356.53,  599.33,  724.46
 347.38,  725.27,  475.10
 351.04,  724.79,  600.04
 354.70,  724.32,  724.99
 345.55,  850.25,  475.63
 349.21,  849.78,  600.57
 352.86,  849.31,  725.52
 474.15,  602.13,  470.92
 477.81,  601.66,  595.87
 481.46,  601.18,  720.81
 472.31,  727.12,  471.45
 475.97,  726.64,  596.39
 479.63,  726.17,  721.34
 470.48,  852.10,  471.98
 474.14,  851.63,  596.92
 477.80,  851.15,  721.87
 599.08,  603.98,  467.27
 602.74,  603.51,  592.22
 606.40,  603.03,  717.16
 597.25,  728.96,  467.80
 600.91,  728.49,  592.74
 604.56,  728.02,  717.69
 595.41,  853.95,  468.33
 599.07,  853.48,  593.27
 602.73,  853.00,  718.22
 348.38,  598.08,  600.13
 347.54,  595.67,  725.11
 346.69,  593.26,  850.08
 346.27,  723.04,  602.53
 345.43,  720.63,  727.50
 344.59,  718.22,  852.48
 344.16,  848.00,  604.92
 343.32,  845.59,  729.90
 342.48,  843.18,  854.87
 473.36,  600.17,  601.01
 472.51,  597.76,  725.99
 471.67,  595.35,  850.96
 471.25,  725.13,  603.41
 470.41,  722.72,  728.39
 469.57,  720.31,  853.36
 469.14,  850.09,  605.81
 468.30,  847.68,  730.78
 467.46,  845.27,  855.76
 598.34,  602.26,  601.90
 597.49,  599.85,  726.87
 596.65,  597.44,  851.85
 596.23,  727.22,  604.29
 595.39,  724.81,  729.27
 594.54,  722.40,  854.24
 594.12,  852.18,  606.69
 593.28,  849.77,  731.66
 592.44,  847.36,  856.64
 474.73,  100.89,   99.87
 478.26,  101.73,  224.82
 481.78,  102.57,  349.77
 471.73,  225.85,   99.12
 475.25,  226.69,  224.07
 478.78,  227.53,  349.01
 468.72,  350.81,   98.36
 472.25,  351.65,  223.31
 475.77,  352.49,  348.26
 599.64,  103.87,   96.33
 603.17,  104.71,  221.28
 606.70,  105.55,  346.22
 596.64,  228.83,   95.57
 600.17,  229.67,  220.52
 603.69,  230.51,  345.47
 593.64,  353.79,   94.82
 597.16,  354.63,  219.76
 600.69,  355.47,  344.71
 724.56,  106.85,   92.78
 728.08,  107.69,  217.73
 731.61,  108.53,  342.68
 721.55,  231.81,   92.03
 725.08,  232.65,  216.97
 728.61,  233.49,  341.92
 718.55,  356.77,   91.27
 722.08,  357.61,  216.22
 725.60,  358.45,  341.17
 475.17,   99.22,  224.62
 474.61,  100.42,  349.61
 474.04,  101.61,  474.61
 472.69,  224.19,  223.42
 472.13,  225.38,  348.41
 471.56,  226.58,  473.40
 470.22,  349.16,  222.21
 469.65,  350.35,  347.21
 469.09,  351.55,  472.20
 600.14,  101.71,  225.16
 599.58,  102.90,  350.15
 599.01,  104.09,  475.15
 597.67,  226.67,  223.96
 597.10,  227.87,  348.95
 596.54,  229.06,  473.94
 595.19,  351.64,  222.75
 594.63,  352.84,  347.75
 594.06,  354.03,  472.74
 725.12,  104.19,  225.70
 724.55,  105.38,  350.70
 723.99,  106.57,  475.69
 722.64,  229.16,  224.50
 722.08,  230.35,  349.49
 721.51,  231.54,  474.49
 720.16,  354.13,  223.30
 719.60,  355.32,  348.29
 719.03,  356.51,  473.28
 476.77,  101.63,  348.02
 479.84,  104.92,  472.94
 482.91,  108.22,  597.86
 476.58,  226.58,  344.73
 479.65,  229.88,  469.65
 482.73,  233.18,  594.57
 476.40,  351.54,  341.44
 479.47,  354.84,  466.35
 482.54,  358.13,  591.27
 601.73,  101.73,  344.95
 604.80,  105.03,  469.86
 607.87,  108.32,  594.78
 601.54,  226.69,  341.65
 604.62,  229.98,  466.57
 607.69,  233.28,  591.49
 601.36,  351.65,  338.36
 604.43,  354.94,  463.28
 607.50,  358.24,  588.20
 726.69,  101.84,  341.87
 729.76,  105.13,  466.79
 732.84,  108.43,  591.71
 726.51,  226.79,  338.58
 729.58,  230.09,  463.50
 732.65,  233.39,  588.41
 726.32,  351.75,  335.28
 729.39,  355.05,  460.20
 732.47,  358.34,  585.12
 475.63,  101.50,  475.62
 473.67,  102.93,  600.60
 471.72,  104.35,  725.57
 476.17,  226.49,  474.20
 474.22,  227.92,  599.18
 472.27,  229.34,  724.15
 476.72,  351.48,  472.78
 474.76,  352.91,  597.76
 472.81,  354.34,  722.74
 600.61,  100.98,  477.58
 598.66,  102.41,  602.55
 596.71,  103.83,  727.53
 601.16,  225.97,  476.16
 599.20,  227.40,  601.14
 597.25,  228.82,  726.11
 601.70,  350.96,  474.74
 599.75,  352.39,  599.72
 597.79,  353.81,  724.69
 725.59,  100.46,  479.54
 723.64,  101.88,  604.51
 721.69,  103.31,  729.49
 726.14,  225.45,  478.12
 724.19,  226.87,  603.09
 722.23,  228.30,  728.07
 726.68,  350.44,  476.70
 724.73,  351.87,  601.68
 722.78,  353.29,  726.65
 475.81,   99.34,  601.31
 474.31,  100.78,  726.30
 472.82,  102.21,  851.28
 477.59,  224.32,  599.90
 476.10,  225.75,  724.88
 474.60,  227.19,  849.87
 479.37,  349.30,  598.49
 477.88,  350.73,  723.47
 476.39,  352.17,  848.46
 600.78,   97.58,  602.83
 599.29,   99.01,  727.81
 597.80,  100.44,  852.79
 602.57,  222.56,  601.41
 601.07,  223.99,  726.40
 599.58,  225.42,  851.38
 604.35,  347.54,  600.00
 602.86,  348.97,  724.99
 601.37,  350.40,  849.97
 725.76,   95.81,  604.34
 724.27,   97.24,  729.32
 722.78,   98.68,  854.30
 727.55,  220.79,  602.93
 726.05,  222.22,  727.91
 724.56,  223.66,  852.89
 729.33,  345.77,  601.52
 727.84,  347.20,  726.50
 726.34,  348.63,  851.48
 474.96,  224.44,  100.56
 476.32,  226.52,  225.53
 477.67,  228.59,  350.51
 477.66,  349.39,   98.45
 479.01,  351.47,  223.43
 480.37,  353.55,  348.40
 480.35,  474.35,   96.35
 481.71,  476.42,  221.32
 483.06,  478.50,  346.30
 599.93,  221.72,   99.25
 601.28,  223.80,  224.23
 602.64,  225.88,  349.20
 602.62,  346.68,   97.14
 603.98,  348.75,  222.12
 605.33,  350.83,  347.10
 605.32,  471.63,   95.04
 606.67,  473.71,  220.01
 608.02,  475.78,  344.99
 724.89,  219.01,   97.94
 726.25,  221.08,  222.92
 727.60,  223.16,  347.89
 727.59,  343.96,   95.84
 728.94,  346.04,  220.81
 730.29,  348.11,  345.79
 730.28,  468.91,   93.73
 731.63,  470.99,  218.71
 732.99,  473.07,  343.68
 475.77,  224.30,  225.39
 474.62,  226.09,  350.37
 473.46,  227.88,  475.35
 473.27,  349.26,  223.58
 472.11,  351.05,  348.56
 470.95,  352.84,  473.54
 470.76,  474.22,  221.77
 469.61,  476.01,  346.75
 468.45,  477.80,  471.73
 600.74,  226.82,  226.51
 599.58,  228.61,  351.49
 598.43,  230.40,  476.47
 598.24,  351.78,  224.70
 597.08,  353.57,  349.68
 595.92,  355.36,  474.66
 595.73,  476.75,  222.89
 594.58,  478.53,  347.87
 593.42,  480.32,  472.85
 725.71,  229.34,  227.63
 724.55,  231.13,  352.61
 723.40,  232.92,  477.59
 723.21,  354.30,  225.82
 722.05,  356.09,  350.80
 720.89,  357.88,  475.78
 720.70,  479.27,  224.01
 719.54,  481.05,  348.99
 718.39,  482.84,  473.97
 475.45,  224.85,  351.63
 476.94,  221.26,  476.57
 478.43,  217.68,  601.51
 475.71,  349.80,  355.22
 477.20,  346.21,  480.16
 478.68,  342.63,  605.09
 475.96,  474.75,  358.80
 477.45,  471.16,  483.74
 478.94,  467.57,  608.68
 600.44,  224.64,  350.14
 601.93,  221.05,  475.08
 603.42,  217.46,  600.02
 600.70,  349.59,  353.72
 602.19,  346.00,  478.66
 603.67,  342.41,  603.60
 600.95,  474.53,  357.30
 602.44,  470.95,  482.24
 603.93,  467.36,  607.18
 725.43,  224.42,  348.64
 726.92,  220.84,  473.58
 728.41,  217.25,  598.52
 725.69,  349.37,  352.23
 727.18,  345.79,  477.16
 728.67,  342.20,  602.10
 725.95,  474.32,  355.81
 727.43,  470.73,  480.75
 728.92,  467.15,  605.69
 474.66,  224.58,  474.83
 476.10,  224.47,  599.82
 477.53,  224.37,  724.81
 476.75,  349.56,  474.91
 478.18,  349.45,  599.90
 479.61,  349.35,  724.89
 478.83,  474.54,  474.99
 480.26,  474.44,  599.98
 481.70,  474.33,  724.97
 599.64,  222.49,  473.39
 601.07,  222.39,  598.39
 602.51,  222.28,  723.38
 601.72,  347.48,  473.47
 603.15,  347.37,  598.47
 604.59,  347.27,  723.46
 603.80,  472.46,  473.55
 605.24,  472.35,  598.54
 606.67,  472.25,  723.54
 724.61,  220.41,  471.96
 726.05,  220.31,  596.95
 727.48,  220.20,  721.94
 726.70,  345.39,  472.04
 728.13,  345.29,  597.03
 729.56,  345.18,  722.02
 728.78,  470.38,  472.12
 730.21,  470.27,  597.11
 731.65,  470.17,  722.10
 475.29,  223.37,  599.47
 476.94,  224.11,  724.45
 478.59,  224.84,  849.44
 471.62,  348.32,  598.78
 473.27,  349.05,  723.77
 474.92,  349.79,  848.75
 467.94,  473.26,  598.09
 469.59,  474.00,  723.08
 471.25,  474.73,  848.07
 600.22,  227.04,  597.79
 601.88,  227.77,  722.78
 603.53,  228.51,  847.77
 596.55,  351.98,  597.11
 598.20,  352.72,  722.10
 599.85,  353.45,  847.08
 592.88,  476.92,  596.42
 594.53,  477.66,  721.41
 596.18,  478.39,  846.40
 725.16,  230.70,  596.12
 726.81,  231.43,  721.11
 728.46,  232.17,  846.10
 721.49,  355.64,  595.44
 723.14,  356.38,  720.42
 724.79,  357.11,  845.41
 717.81,  480.59,  594.75
 719.46,  481.32,  719.74
 721.12,  482.06,  844.72
 475.61,  349.48,  101.58
 474.64,  352.21,  226.55
 473.68,  354.94,  351.51
 475.57,  474.45,   98.85
 474.60,  477.18,  223.81
 473.63,  479.91,  348.78
 475.52,  599.42,   96.12
 474.56,  602.15,  221.08
 473.59,  604.88,  346.05
 600.61,  349.55,  102.54
 599.64,  352.27,  227.51
 598.67,  355.00,  352.48
 600.56,  474.52,   99.81
 599.60,  477.25,  224.78
 598.63,  479.97,  349.75
 600.52,  599.49,   97.08
 599.55,  602.22,  222.05
 598.59,  604.94,  347.02
 725.60,  349.61,  103.51
 724.64,  352.34,  228.48
 723.67,  355.07,  353.44
 725.56,  474.58,  100.78
 724.59,  477.31,  225.75
 723.63,  480.04,  350.71
 725.51,  599.55,   98.05
 724.55,  602.28,  223.01
 723.58,  605.01,  347.98
 474.33,  348.93,  224.25
 475.51,  348.39,  349.24
 476.69,  347.85,  474.24
 474.40,  473.93,  224.79
 475.58,  473.39,  349.78
 476.76,  472.85,  474.78
 474.46,  598.93,  225.33
 475.64,  598.39,  350.32
 476.82,  597.85,  475.31
 599.33,  348.87,  223.07
 600.51,  348.33,  348.06
 601.69,  347.79,  473.06
 599.39,  473.87,  223.61
 600.57,  473.33,  348.60
 601.75,  472.79,  473.59
 599.45,  598.87,  224.15
 600.64,  598.33,  349.14
 601.82,  597.79,  474.13
 724.32,  348.81,  221.89
 725.50,  348.27,  346.88
 726.68,  347.73,  471.87
 724.38,  473.81,  222.43
 725.57,  473.27,  347.42
 726.75,  472.73,  472.41
 724.45,  598.81,  222.97
 725.63,  598.27,  347.96
 726.81,  597.73,  472.95
 474.59,  348.07,  350.24
 474.66,  351.44,  475.19
 474.72,  354.80,  600.15
 473.75,  473.02,  346.87
 473.82,  476.39,  471.83
 473.89,  479.75,  596.78
 472.92,  597.98,  343.51
 472.98,  601.34,  468.47
 473.05,  604.70,  593.42
 599.59,  348.91,  350.15
 599.65,  352.27,  475.10
 599.72,  355.63,  600.06
 598.75,  473.86,  346.79
 598.82,  477.22,  471.74
 598.88,  480.59,  596.70
 597.91,  598.81,  343.42
 597.98,  602.17,  468.38
 598.05,  605.54,  593.33
 724.59,  349.74,  350.06
 724.65,  353.11,  475.02
 724.72,  356.47,  599.97
 723.75,  474.69,  346.70
 723.81,  478.06,  471.65
 723.88,  481.42,  596.61
 722.91,  599.65,  343.34
 722.98,  603.01,  468.29
 723.04,  606.37,  593.24
 474.40,  349.09,  475.81
 471.73,  352.10,  600.75
 469.06,  355.12,  725.68
 473.00,  474.04,  472.77
 470.34,  477.06,  597.70
 467.67,  480.07,  722.64
 471.61,  599.00,  469.72
 468.94,  602.01,  594.66
 466.27,  605.03,  719.59
 599.36,  350.55,  478.45
 596.69,  353.56,  603.38
 594.03,  356.58,  728.32
 597.97,  475.51,  475.40
 595.30,  478.52,  600.33
 592.63,  481.53,  725.27
 596.57,  600.46,  472.35
 593.90,  603.48,  597.29
 591.23,  606.49,  722.22
 724.33,  352.01,  481.08
 721.66,  355.03,  606.01
 718.99,  358.04,  730.95
 722.93,  476.97,  478.03
 720.26,  479.98,  602.97
 717.59,  483.00,  727.90
 721.54,  601.92,  474.99
 718.87,  604.94,  599.92
 716.20,  607.95,  724.86
 475.44,  348.85,  599.87
 477.26,  346.06,  724.82
 479.07,  343.27,  849.78
 478.58,  473.78,  602.61
 480.39,  470.99,  727.57
 482.20,  468.20,  852.52
 481.71,  598.71,  605.35
 483.52,  595.92,  730.31
 485.33,  593.13,  855.26
 600.39,  345.76,  597.99
 602.20,  342.97,  722.94
 604.02,  340.18,  847.90
 603.52,  470.69,  600.73
 605.34,  467.90,  725.69
 607.15,  465.11,  850.64
 606.65,  595.62,  603.47
 608.47,  592.83,  728.43
 610.28,  590.04,  853.38
 725.34,  342.67,  596.11
 727.15,  339.88,  721.06
 728.96,  337.09,  846.02
 728.47,  467.60,  598.85
 730.28,  464.81,  723.80
 732.09,  462.02,  848.76
 731.60,  592.53,  601.59
 733.41,  589.74,  726.55
 735.23,  586.95,  851.50
 475.92,  474.34,  100.24
 473.88,  473.48,  225.22
 471.83,  472.62,  350.20
 475.37,  599.34,  101.09
 473.32,  598.47,  226.07
 471.27,  597.61,  351.06
 474.81,  724.33,  101.95
 472.76,  723.47,  226.93
 470.72,  722.61,  351.91
 600.90,  474.88,  102.29
 598.86,  474.02,  227.27
 596.81,  473.16,  352.25
 600.35,  599.88,  103.14
 598.30,  599.02,  228.13
 596.26,  598.15,  353.11
 599.79,  724.87,  104.00
 597.75,  724.01,  228.98
 595.70,  723.15,  353.96
 725.89,  475.42,  104.34
 723.84,  474.56,  229.32
 721.79,  473.70,  354.30
 725.33,  600.42,  105.19
 723.28,  599.56,  230.18
 721.24,  598.70,  355.16
 724.77,  725.42,  106.05
 722.73,  724.55,  231.03
 720.68,  723.69,  356.01
 474.20,  473.08,  226.55
 476.22,  470.10,  351.50
 478.24,  467.12,  476.45
 476.15,  598.03,  229.50
 478.17,  595.05,  354.44
 480.19,  592.07,  479.39
 478.10,  722.98,  232.44
 480.12,  720.00,  357.39
 482.14,  717.02,  482.34
 599.17,  471.18,  224.48
 601.19,  468.20,  349.43
 603.21,  465.22,  474.38
 601.12,  596.13,  227.43
 603.14,  593.15,  352.38
 605.16,  590.17,  477.33
 603.07,  721.08,  230.38
 605.09,  718.10,  355.32
 607.11,  715.12,  480.27
 724.14,  469.27,  222.42
 726.16,  466.30,  347.37
 728.18,  463.32,  472.31
 726.09,  594.22,  225.36
 728.11,  591.25,  350.31
 730.13,  588.27,  475.26
 728.04,  719.17,  228.31
 730.06,  716.20,  353.26
 732.08,  713.22,  478.21
 475.93,  476.76,  349.49
 472.66,  476.66,  474.44
 469.39,  476.55,  599.40
 475.33,  601.76,  349.57
 472.05,  601.66,  474.53
 468.78,  601.55,  599.49
 474.72,  726.76,  349.66
 471.44,  726.65,  474.62
 468.17,  726.55,  599.57
 600.89,  477.37,  352.76
 597.62,  477.26,  477.72
 594.34,  477.16,  602.68
 600.28,  602.36,  352.85
 597.01,  602.26,  477.80
 593.73,  602.16,  602.76
 599.67,  727.36,  352.93
 596.40,  727.26,  477.89
 593.12,  727.16,  602.85
 725.85,  477.97,  356.04
 722.57,  477.87,  480.99
 719.30,  477.77,  605.95
 725.24,  602.97,  356.12
 721.96,  602.87,  481.08
 718.69,  602.76,  606.04
 724.63,  727.97,  356.21
 721.35,  727.87,  481.17
 718.08,  727.76,  606.12
 474.14,  474.45,  476.60
 471.14,  473.81,  601.56
 468.13,  473.17,  726.52
 473.37,  599.45,  477.22
 470.36,  598.81,  602.18
 467.36,  598.17,  727.14
 472.60,  724.45,  477.84
 469.59,  723.81,  602.80
 466.59,  723.17,  727.76
 599.11,  475.21,  479.61
 596.10,  474.57,  604.57
 593.09,  473.93,  729.53
 598.33,  600.21,  480.23
 595.33,  599.57,  605.19
 592.32,  598.93,  730.15
 597.56,  725.20,  480.85
 594.55,  724.56,  605.81
 591.55,  723.92,  730.77
 724.07,  475.97,  482.62
 721.06,  475.33,  607.58
 718.05,  474.69,  732.54
 723.29,  600.96,  483.24
 720.29,  600.32,  608.20
 717.28,  599.68,  733.16
 722.52,  725.96,  483.86
 719.52,  725.32,  608.82
 716.51,  724.68,  733.79
 473.32,  473.60,  601.51
 470.37,  476.58,  726.44
 467.43,  479.55,  851.37
 475.32,  598.55,  598.59
 472.38,  601.53,  723.52
 469.43,  604.50,  848.45
 477.32,  723.50,  595.66
 474.38,  726.48,  720.59
 471.43,  729.45,  845.52
 598.27,  471.67,  604.51
 595.32,  474.65,  729.44
 592.38,  477.62,  854.37
 600.27,  596.62,  601.58
 597.33,  599.60,  726.51
 594.38,  602.57,  851.44
 602.27,  721.57,  598.65
 599.33,  724.55,  723.58
 596.38,  727.52,  848.51
 723.22,  469.74,  607.50
 720.27,  472.72,  732.43
 717.33,  475.69,  857.36
 725.22,  594.69,  604.57
 722.27,  597.67,  729.50
 719.33,  600.64,  854.43
 727.22,  719.64,  601.64
 724.28,  722.62,  726.57
 721.33,  725.59,  851.50
 473.96,  598.58,  101.98
 473.95,  597.66,  226.98
 473.94,  596.75,  351.97
 475.04,  723.57,  102.89
 475.03,  722.66,  227.89
 475.02,  721.74,  352.89
 476.11,  848.56,  103.81
 476.10,  847.65,  228.81
 476.09,  846.73,  353.80
 598.96,  597.50,  101.98
 598.95,  596.59,  226.98
 598.94,  595.67,  351.97
 600.03,  722.50,  102.90
 600.02,  721.58,  227.89
 600.01,  720.66,  352.89
 601.11,  847.49,  103.81
 601.10,  846.57,  228.81
 601.09,  845.66,  353.81
 723.95,  596.43,  101.98
 723.94,  595.51,  226.98
 723.93,  594.60,  351.98
 725.03,  721.42,  102.90
 725.02,  720.50,  227.90
 725.01,  719.59,  352.89
 726.10,  846.41,  103.82
 726.09,  845.50,  228.81
 726.08,  844.58,  353.81
 476.91,  600.54,  223.51
 475.97,  601.07,  348.50
 475.02,  601.61,  473.50
 476.15,  725.54,  222.97
 475.20,  726.07,  347.96
 474.26,  726.60,  472.96
 475.38,  850.53,  222.43
 474.44,  851.07,  347.43
 473.49,  851.60,  472.42
 601.90,  601.31,  224.45
 600.96,  601.84,  349.44
 600.02,  602.38,  474.44
 601.14,  726.30,  223.91
 600.20,  726.84,  348.90
 599.25,  727.37,  473.90
 600.38,  851.30,  223.37
 599.43,  851.84,  348.37
 598.49,  852.37,  473.36
 726.90,  602.08,  225.39
 725.95,  602.61,  350.38
 725.01,  603.14,  475.38
 726.13,  727.07,  224.85
 725.19,  727.61,  349.85
 724.25,  728.14,  474.84
 725.37,  852.07,  224.31
 724.43,  852.60,  349.31
 723.48,  853.14,  474.30
 475.04,  600.47,  351.27
 474.42,  598.41,  476.25
 473.80,  596.35,  601.23
 473.03,  725.43,  353.31
 472.41,  723.38,  478.29
 471.79,  721.32,  603.28
 471.01,  850.40,  355.36
 470.39,  848.34,  480.34
 469.77,  846.29,  605.32
 600.03,  602.47,  351.92
 599.40,  600.42,  476.90
 598.78,  598.36,  601.88
 598.01,  727.44,  353.97
 597.39,  725.38,  478.95
 596.77,  723.33,  603.93
 595.99,  852.41,  356.01
 595.37,  850.35,  481.00
 594.75,  848.29,  605.98
 725.01,  604.48,  352.57
 724.39,  602.42,  477.56
 723.77,  600.36,  602.54
 722.99,  729.44,  354.62
 722.37,  727.39,  479.60
 721.75,  725.33,  604.58
 720.98,  854.41,  356.67
 720.36,  852.35,  481.65
 719.73,  850.30,  606.63
 476.62,  600.84,  474.89
 477.06,  601.47,  599.89
 477.51,  602.11,  724.89
 478.75,  725.82,  474.26
 479.19,  726.45,  599.25
 479.64,  727.09,  724.25
 480.88,  850.80,  473.62
 481.32,  851.44,  598.61
 481.77,  852.07,  723.61
 601.60,  598.71,  474.46
 602.04,  599.34,  599.46
 602.49,  599.97,  724.46
 603.73,  723.69,  473.82
 604.17,  724.32,  598.82
 604.62,  724.95,  723.82
 605.86,  848.67,  473.18
 606.31,  849.30,  598.18
 606.75,  849.93,  723.18
 726.58,  596.58,  474.03
 727.03,  597.21,  599.02
 727.47,  597.84,  724.02
 728.71,  721.56,  473.39
 729.16,  722.19,  598.38
 729.60,  722.82,  723.38
 730.84,  846.54,  472.75
 731.29,  847.17,  597.75
 731.73,  847.80,  722.74
 474.11,  599.89,  598.04
 473.17,  596.73,  723.00
 472.24,  593.56,  847.96
 473.89,  724.85,  601.21
 472.96,  721.68,  726.17
 472.03,  718.52,  851.12
 473.68,  849.81,  604.38
 472.75,  846.64,  729.33
 471.81,  843.48,  854.29
 599.10,  600.08,  598.98
 598.17,  596.92,  723.94
 597.24,  593.75,  848.90
 598.89,  725.04,  602.15
 597.96,  721.87,  727.11
 597.02,  718.71,  852.06
 598.68,  850.00,  605.31
 597.74,  846.83,  730.27
 596.81,  843.67,  855.23
 724.10,  600.27,  599.92
 723.17,  597.11,  724.88
 722.23,  593.94,  849.83
 723.89,  725.23,  603.09
 722.95,  722.07,  728.04
 722.02,  718.90,  853.00
 723.67,  850.19,  606.25
 722.74,  847.02,  731.21
 721.81,  843.86,  856.17
 600.52,  101.97,  100.96
 603.19,   98.63,  225.89
 605.85,   95.29,  350.81
 597.30,  226.88,  104.37
 599.96,  223.55,  229.29
 602.62,  220.21,  354.22
 594.07,  351.80,  107.78
 596.73,  348.46,  232.70
 599.40,  345.12,  357.63
 725.45,  105.27,   98.39
 728.12,  101.93,  223.31
 730.78,   98.59,  348.24
 722.23,  230.18,  101.79
 724.89,  226.84,  226.72
 727.55,  223.50,  351.65
 719.00,  355.09,  105.20
 721.66,  351.75,  230.13
 724.33,  348.41,  355.05
 850.38,  108.56,   95.81
 853.05,  105.23,  220.74
 855.71,  101.89,  345.66
 847.16,  233.48,   99.22
 849.82,  230.14,  224.15
 852.48,  226.80,  349.07
 843.93,  358.39,  102.63
 846.59,  355.05,  227.55
 849.26,  351.71,  352.48
 599.69,   99.68,  225.77
 600.69,   96.35,  350.72
 601.69,   93.03,  475.67
 603.00,  224.59,  229.07
 604.00,  221.27,  354.02
 605.00,  217.94,  478.97
 606.31,  349.51,  232.36
 607.31,  346.18,  357.32
 608.30,  342.85,  482.27
 724.64,   96.40,  224.68
 725.64,   93.07,  349.63
 726.64,   89.75,  474.59
 727.95,  221.31,  227.98
 728.95,  217.99,  352.93
 729.95,  214.66,  477.88
 731.26,  346.23,  231.28
 732.26,  342.90,  356.23
 733.26,  339.57,  481.18
 849.60,   93.12,  223.60
 850.59,   89.79,  348.55
 851.59,   86.47,  473.50
 852.90,  218.03,  226.90
 853.90,  214.71,  351.85
 854.90,  211.38,  476.80
 856.21,  342.95,  230.19
 857.21,  339.62,  355.15
 858.21,  336.29,  480.10
 601.26,   99.93,  351.94
 601.33,   98.42,  476.93
 601.41,   96.91,  601.92
 604.18,  224.89,  353.45
 604.26,  223.38,  478.44
 604.33,  221.86,  603.43
 607.11,  349.84,  354.96
 607.18,  348.33,  479.95
 607.26,  346.82,  604.94
 726.23,   97.01,  351.83
 726.30,   95.49,  476.82
 726.37,   93.98,  601.81
 729.15,  221.96,  353.34
 729.22,  220.45,  478.33
 729.30,  218.94,  603.32
 732.08,  346.92,  354.85
 732.15,  345.41,  479.84
 732.22,  343.90,  604.83
 851.19,   94.08,  351.72
 851.27,   92.57,  476.71
 851.34,   91.06,  601.70
 854.12,  219.04,  353.23
 854.19,  217.53,  478.22
 854.27,  216.02,  603.21
 857.04,  343.99,  354.74
 857.12,  342.48,  479.73
 857.19,  340.97,  604.72
 599.34,   99.62,  473.76
 596.44,  102.18,  598.70
 593.54,  104.74,  723.64
 599.44,  224.59,  471.20
 596.54,  227.16,  596.14
 593.64,  229.72,  721.08
 599.54,  349.57,  468.64
 596.64,  352.13,  593.58
 593.74,  354.69,  718.52
 724.31,   99.58,  476.66
 721.41,  102.14,  601.60
 718.51,  104.70,  726.54
 724.40,  224.55,  474.10
 721.50,  227.12,  599.04
 718.60,  229.68,  723.98
 724.50,  349.53,  471.54
 721.60,  352.09,  596.48
 718.70,  354.65,  721.42
 849.27,   99.54,  479.56
 846.37,  102.10,  604.50
 843.47,  104.66,  729.44
 849.37,  224.52,  477.00
 846.47,  227.08,  601.94
 843.57,  229.64,  726.88
 849.47,  349.49,  474.44
 846.57,  352.05,  599.38
 843.67,  354.61,  724.32
 598.22,   99.68,  598.50
 600.26,  102.83,  723.44
 602.29,  105.98,  848.39
 595.09,  224.60,  595.40
 597.13,  227.75,  720.34
 599.16,  230.90,  845.29
 591.96,  349.53,  592.30
 594.00,  352.67,  717.25
 596.03,  355.82,  842.19
 723.16,  102.76,  596.38
 725.20,  105.91,  721.33
 727.24,  109.06,  846.27
 720.03,  227.68,  593.29
 722.07,  230.83,  718.23
 724.11,  233.98,  843.17
 716.90,  352.60,  590.19
 718.94,  355.75,  715.13
 720.98,  358.90,  840.08
 848.11,  105.84,  594.27
 850.14,  108.99,  719.21
 852.18,  112.13,  844.16
 844.98,  230.76,  591.17
 847.01,  233.91,  716.12
 849.05,  237.06,  841.06
 841.85,  355.68,  588.07
 843.88,  358.83,  713.02
 845.92,  361.98,  837.96
 598.36,  224.25,   99.00
 600.50,  221.19,  223.95
 602.64,  218.13,  348.89
 596.61,  349.20,  102.09
 598.76,  346.14,  227.03
 600.90,  343.08,  351.98
 594.87,  474.15,  105.18
 597.01,  471.09,  230.12
 599.15,  468.03,  355.07
 723.33,  226.05,   96.90
 725.47,  222.99,  221.85
 727.61,  219.93,  346.79
 721.58,  351.00,   99.99
 723.72,  347.94,  224.94
 725.87,  344.88,  349.88
 719.84,  475.95,  103.08
 721.98,  472.89,  228.03
 724.12,  469.83,  352.97
 848.30,  227.85,   94.81
 850.44,  224.79,  219.75
 852.58,  221.73,  344.69
 846.55,  352.80,   97.89
 848.69,  349.74,  222.84
 850.84,  346.68,  347.78
 844.81,  477.75,  100.98
 846.95,  474.69,  225.93
 849.09,  471.63,  350.87
 600.68,  226.39,  225.06
 599.66,  224.79,  350.04
 598.63,  223.19,  475.03
 597.29,  351.34,  226.63
 596.26,  349.74,  351.61
 595.23,  348.14,  476.60
 593.89,  476.28,  228.20
 592.86,  474.68,  353.18
 591.83,  473.08,  478.17
 725.63,  229.78,  226.13
 724.60,  228.18,  351.11
 723.58,  226.58,  476.10
 722.23,  354.72,  227.70
 721.21,  353.12,  352.68
 720.18,  351.52,  477.67
 718.84,  479.66,  229.27
 717.81,  478.07,  354.26
 716.78,  476.47,  479.24
 850.58,  233.16,  227.20
 849.55,  231.56,  352.19
 848.53,  229.96,  477.17
 847.18,  358.10,  228.77
 846.16,  356.51,  353.76
 845.13,  354.91,  478.74
 843.79,  483.05,  230.34
 842.76,  481.45,  355.33
 841.73,  479.85,  480.31
 599.12,  225.26,  348.44
 598.37,  227.26,  473.42
 597.61,  229.25,  598.40
 597.91,  350.24,  346.43
 597.16,  352.24,  471.41
 596.40,  354.23,  596.40
 596.71,  475.22,  344.43
 595.95,  477.21,  469.41
 595.19,  479.21,  594.39
 724.11,  226.48,  349.17
 723.36,  228.48,  474.15
 722.60,  230.47,  599.14
 722.91,  351.46,  347.17
 722.15,  353.46,  472.15
 721.39,  355.45,  597.13
 721.70,  476.44,  345.17
 720.94,  478.43,  470.15
 720.19,  480.43,  595.13
 849.11,  227.70,  349.91
 848.35,  229.70,  474.89
 847.59,  231.69,  599.87
 847.90,  352.68,  347.91
 847.14,  354.67,  472.89
 846.39,  356.67,  597.87
 846.69,  477.66,  345.90
 845.93,  479.65,  470.89
 845.18,  481.65,  595.87
 600.92,  224.67,  475.94
 603.35,  228.25,  600.87
 605.77,  231.82,  725.79
 600.90,  349.62,  472.37
 603.33,  353.20,  597.29
 605.76,  356.77,  722.22
 600.88,  474.57,  468.79
 603.31,  478.14,  593.72
 605.74,  481.72,  718.64
 725.90,  224.62,  473.51
 728.32,  228.20,  598.44
 730.75,  231.77,  723.37
 725.88,  349.57,  469.94
 728.31,  353.14,  594.87
 730.73,  356.72,  719.79
 725.86,  474.52,  466.36
 728.29,  478.09,  591.29
 730.71,  481.67,  716.22
 850.87,  224.57,  471.09
 853.30,  228.15,  596.01
 855.73,  231.72,  720.94
 850.85,  349.52,  467.51
 853.28,  353.09,  592.44
 855.71,  356.67,  717.36
 850.84,  474.47,  463.94
 853.26,  478.04,  588.86
 855.69,  481.62,  713.79
 601.92,  223.27,  600.69
 603.54,  225.45,  725.66
 605.17,  227.64,  850.63
 601.46,  348.25,  598.51
 603.09,  350.43,  723.48
 604.71,  352.62,  848.45
 601.00,  473.23,  596.33
 602.63,  475.41,  721.30
 604.25,  477.60,  846.27
 726.91,  223.70,  599.05
 728.53,  225.88,  724.02
 730.16,  228.07,  849.00
 726.45,  348.68,  596.88
 728.07,  350.86,  721.85
 729.70,  353.05,  846.82
 725.99,  473.66,  594.70
 727.62,  475.84,  719.67
 729.24,  478.03,  844.64
 851.90,  224.13,  597.42
 853.52,  226.31,  722.39
 855.14,  228.49,  847.36
 851.44,  349.11,  595.25
 853.06,  351.29,  720.22
 854.69,  353.47,  845.19
 850.98,  474.09,  593.07
 852.61,  476.27,  718.04
 854.23,  478.45,  843.01
 600.52,  350.80,  100.95
 601.94,  348.43,  225.92
 603.36,  346.05,  350.89
 597.22,  475.74,  103.37
 598.64,  473.36,  228.34
 600.06,  470.98,  353.30
 593.92,  600.67,  105.78
 595.34,  598.29,  230.75
 596.76,  595.92,  355.72
 725.47,  354.13,   99.60
 726.89,  351.75,  224.57
 728.31,  349.38,  349.54
 722.17,  479.06,  102.01
 723.59,  476.69,  226.98
 725.01,  474.31,  351.95
 718.87,  604.00,  104.42
 720.29,  601.62,  229.39
 721.71,  599.24,  354.36
 850.42,  357.46,   98.24
 851.84,  355.08,  223.21
 853.26,  352.71,  348.18
 847.12,  482.39,  100.66
 848.54,  480.02,  225.62
 849.96,  477.64,  350.59
 843.82,  607.32,  103.07
 845.24,  604.95,  228.04
 846.65,  602.57,  353.01
 598.39,  351.03,  226.64
 595.67,  348.60,  351.59
 592.95,  346.16,  476.53
 598.18,  476.00,  229.07
 595.46,  473.57,  354.01
 592.74,  471.14,  478.96
 597.97,  600.98,  231.49
 595.25,  598.55,  356.44
 592.53,  596.12,  481.39
 723.36,  351.18,  229.36
 720.64,  348.75,  354.31
 717.92,  346.32,  479.26
 723.15,  476.16,  231.79
 720.43,  473.73,  356.74
 717.71,  471.30,  481.68
 722.94,  601.14,  234.22
 720.22,  598.71,  359.16
 717.50,  596.27,  484.11
 848.33,  351.34,  232.09
 845.61,  348.91,  357.03
 842.89,  346.48,  481.98
 848.12,  476.32,  234.52
 845.40,  473.89,  359.46
 842.68,  471.45,  484.41
 847.91,  601.29,  236.94
 845.19,  598.86,  361.89
 842.47,  596.43,  486.84
 600.87,  350.87,  350.54
 597.40,  354.01,  475.46
 593.92,  357.14,  600.37
 604.15,  475.79,  347.50
 600.67,  478.93,  472.41
 597.20,  482.06,  597.32
 607.42,  600.71,  344.45
 603.95,  603.85,  469.37
 600.47,  606.98,  594.28
 725.78,  347.68,  354.10
 722.31,  350.82,  479.01
 718.83,  353.96,  603.92
 729.06,  472.60,  351.05
 725.58,  475.74,  475.96
 722.11,  478.88,  600.88
 732.33,  597.52,  348.01
 728.86,  600.66,  472.92
 725.38,  603.80,  597.83
 850.69,  344.50,  357.65
 847.22,  347.63,  482.56
 843.74,  350.77,  607.48
 853.96,  469.42,  354.61
 850.49,  472.55,  479.52
 847.02,  475.69,  604.43
 857.24,  594.34,  351.56
 853.76,  597.47,  476.47
 850.29,  600.61,  601.39
 599.39,  351.81,  474.60
 599.90,  353.64,  599.59
 600.40,  355.48,  724.57
 596.13,  476.75,  472.78
 596.64,  478.59,  597.77
 597.15,  480.42,  722.75
 592.88,  601.69,  470.96
 593.39,  603.53,  595.94
 593.89,  605.37,  720.93
 724.35,  355.05,  474.05
 724.85,  356.89,  599.03
 725.36,  358.72,  724.02
 721.09,  480.00,  472.22
 721.60,  481.83,  597.21
 722.10,  483.67,  722.20
 717.83,  604.94,  470.40
 718.34,  606.78,  595.39
 718.85,  608.61,  720.37
 849.30,  358.30,  473.49
 849.81,  360.14,  598.48
 850.32,  361.97,  723.46
 846.05,  483.24,  471.67
 846.55,  485.08,  596.65
 847.06,  486.92,  721.64
 842.79,  608.19,  469.85
 843.30,  610.02,  594.83
 843.81,  611.86,  719.82
 599.80,  351.18,  601.96
 602.99,  348.21,  726.88
 606.18,  345.24,  851.81
 601.68,  476.13,  604.88
 604.87,  473.16,  729.81
 608.06,  470.19,  854.73
 603.56,  601.08,  607.81
 606.75,  598.11,  732.73
 609.94,  595.14,  857.66
 724.74,  349.38,  598.72
 727.94,  346.40,  723.65
 731.13,  343.43,  848.57
 726.62,  474.33,  601.65
 729.81,  471.36,  726.57
 733.01,  468.39,  851.50
 728.50,  599.28,  604.57
 731.69,  596.31,  729.50
 734.89,  593.34,  854.42
 849.69,  347.57,  595.49
 852.88,  344.60,  720.41
 856.07,  341.63,  845.34
 851.57,  472.52,  598.41
 854.76,  469.55,  723.34
 857.95,  466.58,  848.26
 853.45,  597.48,  601.34
 856.64,  594.50,  726.26
 859.83,  591.53,  851.18
 598.58,  476.82,   99.26
 596.48,  474.55,  224.22
 594.38,  472.28,  349.18
 596.46,  601.79,  101.50
 594.36,  599.51,  226.46
 592.26,  597.24,  351.42
 594.34,  726.75,  103.73
 592.24,  724.47,  228.69
 590.13,  722.20,  353.66
 723.55,  478.91,  101.40
 721.45,  476.64,  226.36
 719.34,  474.36,  351.32
 721.42,  603.87,  103.64
 719.32,  601.60,  228.60
 717.22,  599.32,  353.56
 719.30,  728.83,  105.87
 717.20,  726.56,  230.83
 715.10,  724.29,  355.80
 848.51,  480.99,  103.54
 846.41,  478.72,  228.50
 844.31,  476.45,  353.46
 846.39,  605.95,  105.78
 844.29,  603.68,  230.74
 842.18,  601.41,  355.70
 844.27,  730.92,  108.01
 842.16,  728.64,  232.97
 840.06,  726.37,  357.94
 599.60,  476.29,  223.84
 599.53,  473.74,  348.82
 599.45,  471.19,  473.79
 599.39,  601.27,  226.39
 599.32,  598.71,  351.37
 599.25,  596.16,  476.34
 599.18,  726.24,  228.95
 599.11,  723.69,  353.92
 599.04,  721.14,  478.89
 724.60,  476.50,  223.92
 724.53,  473.95,  348.89
 724.45,  471.39,  473.87
 724.39,  601.47,  226.47
 724.32,  598.92,  351.44
 724.25,  596.37,  476.42
 724.18,  726.45,  229.02
 724.11,  723.89,  354.00
 724.04,  721.34,  478.97
 849.60,  476.70,  224.00
 849.53,  474.15,  348.97
 849.45,  471.60,  473.94
 849.39,  601.68,  226.55
 849.32,  599.13,  351.52
 849.25,  596.57,  476.50
 849.18,  726.65,  229.10
 849.11,  724.10,  354.07
 849.04,  721.55,  479.05
 601.32,  475.29,  351.48
 598.31,  476.15,  476.44
 595.31,  477.00,  601.40
 603.73,  600.26,  350.68
 600.73,  601.12,  475.64
 597.72,  601.98,  600.60
 606.14,  725.24,  349.88
 603.14,  726.09,  474.84
 600.13,  726.95,  599.80
 726.26,  472.90,  354.50
 723.25,  473.75,  479.46
 720.25,  474.61,  604.42
 728.67,  597.87,  353.70
 725.67,  598.73,  478.66
 722.66,  599.59,  603.62
 731.08,  722.84,  352.90
 728.08,  723.70,  477.86
 725.07,  724.56,  602.82
 851.20,  470.50,  357.52
 848.20,  471.36,  482.48
 845.19,  472.22,  607.44
 853.61,  595.48,  356.72
 850.61,  596.34,  481.68
 847.60,  597.19,  606.64
 856.02,  720.45,  355.92
 853.02,  721.31,  480.88
 850.01,  722.17,  605.84
 601.28,  476.62,  476.79
 603.00,  475.09,  601.76
 604.72,  473.56,  726.74
 600.56,  601.61,  478.32
 602.28,  600.08,  603.30
 604.00,  598.55,  728.28
 599.84,  726.60,  479.86
 601.56,  725.07,  604.84
 603.28,  723.54,  729.82
 726.26,  477.36,  475.07
 727.98,  475.83,  600.05
 729.70,  474.30,  725.03
 725.54,  602.35,  476.61
 727.26,  600.82,  601.59
 728.99,  599.29,  726.57
 724.83,  727.34,  478.15
 726.55,  725.81,  603.13
 728.27,  724.28,  728.11
 851.25,  478.10,  473.36
 852.97,  476.57,  598.34
 854.69,  475.04,  723.32
 850.53,  603.09,  474.90
 852.25,  601.56,  599.88
 853.97,  600.03,  724.86
 849.81,  728.08,  476.44
 851.53,  726.55,  601.42
 853.25,  725.02,  726.40
 600.65,  474.03,  598.35
 600.61,  471.56,  723.33
 600.58,  469.09,  848.30
 602.95,  598.99,  600.82
 602.91,  596.52,  725.80
 602.87,  594.05,  850.77
 605.24,  723.94,  603.29
 605.21,  721.47,  728.26
 605.17,  719.00,  853.24
 725.63,  471.74,  598.34
 725.59,  469.27,  723.32
 725.56,  466.80,  848.29
 727.93,  596.69,  600.81
 727.89,  594.22,  725.79
 727.85,  591.75,  850.76
 730.22,  721.64,  603.28
 730.18,  719.18,  728.26
 730.15,  716.71,  853.23
 850.61,  469.44,  598.33
 850.57,  466.97,  723.31
 850.54,  464.50,  848.28
 852.90,  594.39,  600.80
 852.87,  591.92,  725.78
 852.83,  589.46,  850.75
 855.20,  719.35,  603.27
 855.16,  716.88,  728.25
 855.13,  714.41,  853.22
 599.54,  601.94,  101.23
 600.19,  598.23,  226.18
 600.85,  594.53,  351.12
 596.80,  726.85,  104.95
 597.45,  723.15,  229.90
 598.10,  719.44,  354.84
 594.05,  851.77,  108.67
 594.71,  848.06,  233.61
 595.36,  844.36,  358.56
 724.51,  604.70,  100.66
 725.16,  601.00,  225.61
 725.81,  597.29,  350.55
 721.77,  729.62,  104.38
 722.42,  725.91,  229.32
 723.07,  722.20,  354.27
 719.02,  854.53,  108.10
 719.68,  850.82,  233.04
 720.33,  847.12,  357.99
 849.48,  607.46,  100.09
 850.13,  603.76,  225.03
 850.78,  600.05,  349.98
 846.73,  732.38,  103.81
 847.39,  728.67,  228.75
 848.04,  724.97,  353.70
 843.99,  857.29,  107.53
 844.64,  853.59,  232.47
 845.30,  849.88,  357.41
 599.17,  600.45,  223.45
 595.61,  602.89,  348.38
 592.04,  605.32,  473.30
 599.32,  725.43,  221.02
 595.75,  727.87,  345.95
 592.18,  730.30,  470.87
 599.46,  850.41,  218.59
 595.90,  852.84,  343.52
 592.33,  855.28,  468.44
 724.12,  600.38,  227.02
 720.56,  602.81,  351.95
 716.99,  605.25,  476.87
 724.27,  725.36,  224.59
 720.70,  727.79,  349.51
 717.13,  730.22,  474.44
 724.41,  850.33,  222.16
 720.84,  852.77,  347.08
 717.28,  855.20,  472.01
 849.07,  600.30,  230.59
 845.50,  602.74,  355.51
 841.94,  605.17,  480.44
 849.22,  725.28,  228.16
 845.65,  727.71,  353.08
 842.08,  730.15,  478.01
 849.36,  850.26,  225.73
 845.79,  852.69,  350.65
 842.23,  855.13,  475.58
 600.98,  600.72,  351.83
 599.91,  597.74,  476.79
 598.83,  594.76,  601.75
 603.55,  725.65,  354.83
 602.48,  722.67,  479.79
 601.40,  719.70,  604.75
 606.13,  850.59,  357.83
 605.05,  847.61,  482.79
 603.97,  844.63,  607.75
 725.95,  598.12,  352.84
 724.87,  595.14,  477.80
 723.80,  592.16,  602.76
 728.52,  723.06,  355.85
 727.45,  720.08,  480.80
 726.37,  717.10,  605.76
 731.09,  847.99,  358.85
 730.02,  845.02,  483.81
 728.94,  842.04,  608.77
 850.92,  595.52,  353.86
 849.84,  592.54,  478.82
 848.77,  589.56,  603.78
 853.49,  720.46,  356.86
 852.42,  717.48,  481.82
 851.34,  714.50,  606.78
 856.06,  845.40,  359.86
 854.99,  842.42,  484.82
 853.91,  839.44,  609.78
 601.84,  600.01,  475.94
 604.10,  598.16,  600.91
 606.35,  596.31,  725.87
 598.72,  724.96,  477.84
 600.98,  723.11,  602.81
 603.23,  721.26,  727.78
 595.60,  849.90,  479.75
 597.85,  848.05,  604.71
 600.11,  846.21,  729.68
 726.78,  603.16,  473.73
 729.04,  601.32,  598.70
 731.29,  599.47,  723.66
 723.66,  728.11,  475.63
 725.92,  726.26,  600.60
 728.17,  724.41,  725.57
 720.54,  853.06,  477.54
 722.79,  851.21,  602.50
 725.05,  849.36,  727.47
 851.72,  606.32,  471.52
 853.98,  604.47,  596.49
 856.23,  602.62,  721.45
 848.60,  731.27,  473.42
 850.86,  729.42,  598.39
 853.11,  727.57,  723.36
 845.48,  856.21,  475.33
 847.74,  854.36,  600.29
 849.99,  852.52,  725.26
 598.85,  598.84,  599.01
 598.03,  598.61,  724.00
 597.21,  598.37,  849.00
 602.33,  723.80,  599.27
 601.50,  723.56,  724.26
 600.68,  723.32,  849.26
 605.80,  848.75,  599.53
 604.98,  848.51,  724.52
 604.15,  848.27,  849.52
 723.80,  595.37,  599.82
 722.98,  595.13,  724.82
 722.15,  594.89,  849.82
 727.27,  720.32,  600.08
 726.45,  720.08,  725.08
 725.63,  719.85,  850.08
 730.75,  845.27,  600.34
 729.92,  845.03,  725.34
 729.10,  844.80,  850.34
 848.75,  591.89,  600.64
 847.93,  591.66,  725.64
 847.10,  591.42,  850.63
 852.22,  716.84,  600.90
 851.40,  716.61,  725.90
 850.58,  716.37,  850.89
 855.70,  841.80,  601.16
 854.87,  841.56,  726.16
 854.05,  841.32,  851.15