27, 125, pa2-debug-d-output1.txt
 197.08,  202.26,  209.02
 402.59,  394.38,  204.58
  99.23,   99.28,  101.07
 101.75,   97.79,  226.04
 104.28,   96.30,  351.00
  97.96,  224.27,  102.59
 100.48,  222.77,  227.56
 103.01,  221.28,  352.52
  96.69,  349.25,  104.11
  99.22,  347.76,  229.08
 101.74,  346.26,  354.04
 224.20,  100.58,   98.56
 226.72,   99.09,  223.53
 229.24,   97.59,  348.49
 222.93,  225.57,  100.08
 225.45,  224.07,  225.05
 227.98,  222.58,  350.01
 221.66,  350.55,  101.60
 224.18,  349.06,  226.57
 226.71,  347.56,  351.53
 349.17,  101.88,   96.05
 351.69,  100.39,  221.02
 354.21,   98.89,  345.99
 347.90,  226.87,   97.57
 350.42,  225.37,  222.54
 352.94,  223.88,  347.51
 346.63,  351.85,   99.10
 349.15,  350.36,  224.06
 351.67,  348.86,  349.03
  99.56,  101.54,  224.98
 101.01,  101.10,  349.97
 102.46,  100.67,  474.96
  98.15,  226.53,  225.43
  99.60,  226.10,  350.42
 101.05,  225.66,  475.41
  96.75,  351.52,  225.88
  98.20,  351.09,  350.87
  99.64,  350.65,  475.86
 224.54,  102.95,  223.54
 225.99,  102.52,  348.53
 227.44,  102.08,  473.52
 223.14,  227.94,  223.99
 224.59,  227.51,  348.98
 226.03,  227.07,  473.97
 221.73,  352.93,  224.44
 223.18,  352.50,  349.43
 224.63,  352.07,  474.42
 349.53,  104.36,  222.09
 350.98,  103.93,  347.08
 352.42,  103.49,  472.08
 348.12,  229.35,  222.54
 349.57,  228.92,  347.53
 351.02,  228.49,  472.53
 346.71,  354.34,  222.99
 348.16,  353.91,  347.98
 349.61,  353.48,  472.98
  99.26,   99.44,  351.19
 101.91,  101.92,  476.14
 104.56,  104.41,  601.09
 101.56,  224.39,  348.66
 104.21,  226.88,  473.61
 106.87,  229.36,  598.55
 103.86,  349.35,  346.13
 106.51,  351.83,  471.08
 109.17,  354.31,  596.02
 224.21,   97.09,  348.59
 226.86,   99.57,  473.53
 229.51,  102.05,  598.48
 226.51,  222.04,  346.05
 229.16,  224.52,  471.00
 231.82,  227.01,  595.95
 228.81,  346.99,  343.52
 231.47,  349.48,  468.47
 234.12,  351.96,  593.42
 349.16,   94.73,  345.98
 351.81,   97.21,  470.93
 354.46,   99.70,  595.87
 351.46,  219.68,  343.45
 354.11,  222.17,  468.40
 356.77,  224.65,  593.34
 353.76,  344.64,  340.92
 356.42,  347.12,  465.86
 359.07,  349.60,  590.81
 100.48,   98.96,  475.55
  98.35,   98.28,  600.53
  96.21,   97.61,  725.51
 100.84,  223.95,  476.23
  98.70,  223.28,  601.21
  96.57,  222.60,  726.19
 101.19,  348.95,  476.91
  99.06,  348.28,  601.89
  96.92,  347.60,  726.87
 225.46,   98.59,  477.68
 223.33,   97.92,  602.66
 221.20,   97.24,  727.64
 225.82,  223.59,  478.36
 223.68,  222.91,  603.34
 221.55,  222.24,  728.32
 226.17,  348.59,  479.04
 224.04,  347.91,  604.02
 221.90,  347.24,  729.00
 350.45,   98.23,  479.81
 348.31,   97.55,  604.79
 346.18,   96.88,  729.77
 350.80,  223.22,  480.49
 348.67,  222.55,  605.47
 346.53,  221.87,  730.45
 351.15,  348.22,  481.17
 349.02,  347.55,  606.15
 346.88,  346.87,  731.13
  99.60,   99.83,  600.00
 100.74,  101.70,  724.98
 101.89,  103.56,  849.96
 100.79,  224.81,  598.12
 101.94,  226.68,  723.10
 103.09,  228.54,  848.08
 101.99,  349.79,  596.25
 103.14,  351.66,  721.23
 104.29,  353.52,  846.21
 224.59,   98.62,  598.87
 225.73,  100.48,  723.85
 226.88,  102.35,  848.83
 225.78,  223.60,  596.99
 226.93,  225.46,  721.98
 228.08,  227.33,  846.96
 226.98,  348.58,  595.12
 228.13,  350.44,  720.10
 229.27,  352.31,  845.08
 349.57,   97.40,  597.74
 350.72,   99.27,  722.72
 351.87,  101.13,  847.70
 350.77,  222.38,  595.87
 351.92,  224.25,  720.85
 353.07,  226.11,  845.83
 351.97,  347.36,  593.99
 353.12,  349.23,  718.97
 354.26,  351.09,  843.95
  99.32,  224.18,  101.27
  97.16,  224.89,  226.25
  95.00,  225.59,  351.23
 101.59,  349.16,  100.61
  99.43,  349.87,  225.59
  97.27,  350.57,  350.57
 103.86,  474.14,   99.94
 101.69,  474.84,  224.92
  99.53,  475.55,  349.90
 224.29,  221.93,  103.45
 222.12,  222.63,  228.43
 219.96,  223.34,  353.41
 226.55,  346.91,  102.78
 224.39,  347.61,  227.76
 222.23,  348.32,  352.74
 228.82,  471.88,  102.12
 226.65,  472.59,  227.10
 224.49,  473.29,  352.08
 349.25,  219.68,  105.62
 347.08,  220.38,  230.60
 344.92,  221.08,  355.58
 351.51,  344.65,  104.96
 349.35,  345.36,  229.94
 347.19,  346.06,  354.92
 353.78,  469.63,  104.29
 351.61,  470.34,  229.27
 349.45,  471.04,  354.25
 100.09,  223.84,  223.75
 101.50,  222.57,  348.73
 102.90,  221.31,  473.72
 101.79,  348.82,  225.00
 103.19,  347.56,  349.98
 104.60,  346.29,  474.97
 103.49,  473.80,  226.24
 104.89,  472.54,  351.23
 106.30,  471.27,  476.21
 225.07,  222.15,  222.32
 226.48,  220.89,  347.31
 227.88,  219.62,  472.29
 226.77,  347.14,  223.57
 228.18,  345.87,  348.56
 229.58,  344.61,  473.54
 228.47,  472.12,  224.82
 229.87,  470.85,  349.80
 231.28,  469.59,  474.79
 350.05,  220.47,  220.90
 351.46,  219.20,  345.88
 352.87,  217.94,  470.87
 351.75,  345.45,  222.14
 353.16,  344.19,  347.13
 354.56,  342.92,  472.12
 353.45,  470.43,  223.39
 354.86,  469.17,  348.38
 356.26,  467.90,  473.36
  99.16,  226.24,  349.64
 102.33,  229.52,  474.56
 105.50,  232.80,  599.48
  96.02,  351.16,  346.44
  99.19,  354.44,  471.36
 102.35,  357.72,  596.28
  92.87,  476.08,  343.25
  96.04,  479.36,  468.16
  99.21,  482.64,  593.08
 224.08,  229.30,  346.40
 227.25,  232.58,  471.31
 230.42,  235.86,  596.23
 220.94,  354.22,  343.20
 224.11,  357.50,  468.11
 227.27,  360.78,  593.03
 217.79,  479.14,  340.00
 220.96,  482.42,  464.91
 224.13,  485.70,  589.83
 349.00,  232.37,  343.15
 352.17,  235.65,  468.06
 355.34,  238.93,  592.98
 345.86,  357.29,  339.95
 349.03,  360.57,  464.86
 352.19,  363.85,  589.78
 342.71,  482.21,  336.75
 345.88,  485.49,  461.66
 349.05,  488.76,  586.58
 101.78,  223.50,  476.14
  98.86,  220.78,  601.08
  95.94,  218.05,  726.02
 103.64,  348.46,  478.91
 100.72,  345.73,  603.85
  97.80,  343.01,  728.79
 105.49,  473.41,  481.69
 102.57,  470.69,  606.62
  99.65,  467.96,  731.56
 226.74,  221.59,  479.02
 223.82,  218.86,  603.96
 220.90,  216.13,  728.90
 228.59,  346.54,  481.79
 225.67,  343.82,  606.73
 222.75,  341.09,  731.67
 230.44,  471.50,  484.56
 227.52,  468.77,  609.50
 224.60,  466.04,  734.44
 351.69,  219.67,  481.90
 348.77,  216.94,  606.84
 345.85,  214.22,  731.77
 353.54,  344.62,  484.67
 350.62,  341.90,  609.61
 347.70,  339.17,  734.54
 355.40,  469.58,  487.44
 352.48,  466.85,  612.38
 349.56,  464.13,  737.31
 100.30,  223.13,  601.17
 103.47,  223.09,  726.13
 106.64,  223.04,  851.09
 101.49,  348.13,  601.19
 104.66,  348.08,  726.15
 107.83,  348.03,  851.11
 102.68,  473.12,  601.21
 105.85,  473.07,  726.17
 109.02,  473.03,  851.13
 225.25,  221.94,  598.00
 228.42,  221.89,  722.96
 231.59,  221.85,  847.92
 226.44,  346.94,  598.02
 229.61,  346.89,  722.98
 232.79,  346.84,  847.94
 227.64,  471.93,  598.03
 230.81,  471.88,  722.99
 233.98,  471.84,  847.95
 350.21,  220.75,  594.83
 353.38,  220.70,  719.79
 356.55,  220.66,  844.75
 351.40,  345.74,  594.85
 354.57,  345.70,  719.81
 357.74,  345.65,  844.77
 352.59,  470.74,  594.86
 355.76,  470.69,  719.82
 358.93,  470.65,  844.78
  99.06,  349.29,   98.45
  96.13,  351.66,  223.39
  93.21,  354.02,  348.33
  96.52,  474.24,   96.02
  93.59,  476.61,  220.96
  90.67,  478.97,  345.90
  93.97,  599.19,   93.59
  91.05,  601.56,  218.53
  88.13,  603.92,  343.48
 224.00,  351.88,  101.32
 221.07,  354.25,  226.26
 218.15,  356.62,  351.20
 221.46,  476.83,   98.89
 218.53,  479.20,  223.83
 215.61,  481.57,  348.78
 218.91,  601.79,   96.46
 215.99,  604.15,  221.41
 213.07,  606.52,  346.35
 348.94,  354.48,  104.19
 346.01,  356.85,  229.13
 343.09,  359.22,  354.08
 346.40,  479.43,  101.76
 343.47,  481.80,  226.71
 340.55,  484.17,  351.65
 343.85,  604.38,   99.33
 340.93,  606.75,  224.28
 338.01,  609.12,  349.22
  98.02,  351.98,  223.01
  95.12,  354.69,  347.95
  92.21,  357.39,  472.88
  96.48,  476.94,  220.27
  93.58,  479.65,  345.21
  90.67,  482.35,  470.14
  94.94,  601.90,  217.53
  92.04,  604.61,  342.47
  89.13,  607.31,  467.40
 222.98,  353.59,  225.88
 220.07,  356.29,  350.82
 217.17,  358.99,  475.76
 221.44,  478.55,  223.14
 218.53,  481.25,  348.08
 215.63,  483.95,  473.02
 219.90,  603.51,  220.40
 216.99,  606.21,  345.34
 214.09,  608.91,  470.28
 347.94,  355.19,  228.75
 345.03,  357.89,  353.69
 342.12,  360.60,  478.63
 346.40,  480.15,  226.01
 343.49,  482.85,  350.95
 340.58,  485.56,  475.89
 344.86,  605.11,  223.27
 341.95,  607.81,  348.21
 339.04,  610.52,  473.15
  99.55,  350.91,  349.06
  97.40,  349.57,  474.03
  95.24,  348.23,  599.01
 100.61,  475.90,  350.42
  98.45,  474.56,  475.40
  96.29,  473.21,  600.37
 101.66,  600.89,  351.78
  99.50,  599.54,  476.76
  97.34,  598.20,  601.73
 224.53,  349.84,  351.21
 222.37,  348.49,  476.18
 220.21,  347.15,  601.16
 225.58,  474.82,  352.57
 223.42,  473.48,  477.54
 221.27,  472.14,  602.52
 226.63,  599.81,  353.93
 224.47,  598.47,  478.90
 222.32,  597.13,  603.88
 349.51,  348.76,  353.35
 347.35,  347.42,  478.33
 345.19,  346.08,  603.30
 350.56,  473.75,  354.72
 348.40,  472.41,  479.69
 346.24,  471.07,  604.66
 351.61,  598.74,  356.08
 349.45,  597.40,  481.05
 347.29,  596.05,  606.02
 101.32,  350.56,  475.54
 103.21,  353.20,  600.50
 105.09,  355.84,  725.46
 103.22,  475.51,  472.87
 105.11,  478.16,  597.83
 106.99,  480.80,  722.78
 105.12,  600.47,  470.20
 107.01,  603.11,  595.16
 108.89,  605.75,  720.11
 226.29,  348.62,  473.70
 228.18,  351.26,  598.66
 230.06,  353.90,  723.61
 228.19,  473.57,  471.03
 230.08,  476.22,  595.98
 231.96,  478.86,  720.94
 230.09,  598.53,  468.36
 231.98,  601.17,  593.31
 233.86,  603.81,  718.27
 351.26,  346.68,  471.85
 353.15,  349.32,  596.81
 355.03,  351.96,  721.77
 353.17,  471.63,  469.18
 355.05,  474.28,  594.14
 356.93,  476.92,  719.10
 355.07,  596.59,  466.51
 356.95,  599.23,  591.47
 358.83,  601.87,  716.43
  99.89,  348.70,  601.26
  98.49,  351.38,  726.22
  97.10,  354.07,  851.18
  99.49,  473.67,  598.56
  98.10,  476.35,  723.53
  96.71,  479.04,  848.49
  99.09,  598.64,  595.87
  97.70,  601.33,  720.83
  96.31,  604.01,  845.80
 224.88,  349.12,  602.64
 223.49,  351.81,  727.60
 222.10,  354.50,  852.56
 224.48,  474.09,  599.94
 223.09,  476.78,  724.91
 221.70,  479.47,  849.87
 224.08,  599.06,  597.25
 222.69,  601.75,  722.21
 221.30,  604.44,  847.18
 349.87,  349.55,  604.02
 348.48,  352.24,  728.98
 347.09,  354.93,  853.94
 349.47,  474.52,  601.32
 348.08,  477.21,  726.29
 346.69,  479.90,  851.25
 349.08,  599.49,  598.63
 347.69,  602.18,  723.60
 346.30,  604.87,  848.56
 101.08,  475.31,   99.75
  98.70,  475.43,  224.73
  96.32,  475.55,  349.71
 101.63,  600.31,   99.65
  99.25,  600.43,  224.62
  96.87,  600.55,  349.60
 102.18,  725.31,   99.54
  99.80,  725.43,  224.51
  97.41,  725.55,  349.49
 226.06,  474.76,  102.14
 223.68,  474.88,  227.12
 221.29,  475.00,  352.09
 226.61,  599.76,  102.03
 224.22,  599.88,  227.01
 221.84,  600.00,  351.98
 227.16,  724.76,  101.92
 224.77,  724.88,  226.90
 222.39,  725.00,  351.87
 351.04,  474.22,  104.52
 348.65,  474.34,  229.50
 346.27,  474.46,  354.48
 351.58,  599.22,  104.41
 349.20,  599.34,  229.39
 346.82,  599.46,  354.37
 352.13,  724.22,  104.30
 349.75,  724.34,  229.28
 347.37,  724.45,  354.26
  99.13,  474.22,  226.18
  96.38,  471.74,  351.13
  93.62,  469.26,  476.07
 102.36,  599.15,  228.73
  99.61,  596.67,  353.68
  96.86,  594.19,  478.62
 105.60,  724.08,  231.28
 102.85,  721.60,  356.23
 100.09,  719.12,  481.17
 224.06,  470.93,  228.87
 221.30,  468.45,  353.81
 218.55,  465.97,  478.76
 227.29,  595.86,  231.42
 224.54,  593.38,  356.36
 221.79,  590.90,  481.31
 230.53,  720.79,  233.97
 227.77,  718.31,  358.92
 225.02,  715.83,  483.86
 348.98,  467.64,  231.55
 346.23,  465.16,  356.50
 343.48,  462.68,  481.44
 352.22,  592.57,  234.11
 349.47,  590.09,  359.05
 346.72,  587.61,  484.00
 355.45,  717.50,  236.66
 352.70,  715.02,  361.60
 349.95,  712.54,  486.55
 100.60,  476.82,  348.14
  98.79,  479.34,  473.10
  96.99,  481.87,  598.06
  99.16,  601.78,  345.59
  97.36,  604.31,  470.55
  95.55,  606.84,  595.51
  97.73,  726.75,  343.04
  95.92,  729.27,  468.00
  94.11,  731.80,  592.97
 225.58,  478.29,  349.92
 223.77,  480.81,  474.88
 221.96,  483.34,  599.84
 224.14,  603.25,  347.37
 222.34,  605.78,  472.33
 220.53,  608.31,  597.29
 222.71,  728.22,  344.82
 220.90,  730.75,  469.78
 219.09,  733.27,  594.74
 350.56,  479.76,  351.69
 348.75,  482.29,  476.65
 346.94,  484.81,  601.62
 349.12,  604.73,  349.15
 347.31,  607.25,  474.11
 345.51,  609.78,  599.07
 347.69,  729.69,  346.60
 345.88,  732.22,  471.56
 344.07,  734.75,  596.52
  98.53,  473.10,  476.75
 102.13,  473.32,  601.70
 105.73,  473.54,  726.65
  99.25,  598.10,  476.51
 102.85,  598.32,  601.46
 106.44,  598.54,  726.41
  99.96,  723.10,  476.27
 103.56,  723.32,  601.22
 107.16,  723.54,  726.17
 223.48,  472.38,  473.16
 227.07,  472.60,  598.11
 230.67,  472.82,  723.05
 224.19,  597.37,  472.92
 227.79,  597.59,  597.86
 231.39,  597.81,  722.81
 224.91,  722.37,  472.68
 228.51,  722.59,  597.62
 232.11,  722.81,  722.57
 348.42,  471.65,  469.56
 352.02,  471.87,  594.51
 355.62,  472.09,  719.46
 349.14,  596.65,  469.32
 352.74,  596.87,  594.27
 356.34,  597.09,  719.22
 349.86,  721.65,  469.08
 353.46,  721.87,  594.03
 357.05,  722.09,  718.97
 101.60,  474.74,  601.04
 105.02,  474.11,  725.99
 108.45,  473.47,  850.94
 101.92,  599.74,  601.66
 105.35,  599.10,  726.62
 108.77,  598.47,  851.57
 102.25,  724.74,  602.29
 105.68,  724.10,  727.24
 109.10,  723.47,  852.19
 226.55,  474.43,  597.61
 229.97,  473.79,  722.56
 233.40,  473.16,  847.51
 226.88,  599.43,  598.24
 230.30,  598.79,  723.19
 233.73,  598.16,  848.14
 227.20,  724.43,  598.86
 230.63,  723.79,  723.81
 234.06,  723.16,  848.77
 351.50,  474.12,  594.18
 354.93,  473.48,  719.13
 358.35,  472.85,  844.09
 351.83,  599.12,  594.81
 355.25,  598.48,  719.76
 358.68,  597.85,  844.71
 352.16,  724.11,  595.44
 355.58,  723.48,  720.39
 359.01,  722.84,  845.34
  98.80,  600.35,   99.19
  98.45,  602.05,  224.18
  98.11,  603.76,  349.17
  96.45,  725.31,   97.48
  96.10,  727.02,  222.47
  95.76,  728.72,  347.45
  94.10,  850.28,   95.77
  93.75,  851.98,  220.75
  93.41,  853.69,  345.74
 223.78,  602.70,   99.50
 223.43,  604.41,  224.49
 223.09,  606.11,  349.48
 221.42,  727.67,   97.79
 221.08,  729.37,  222.78
 220.73,  731.08,  347.77
 219.07,  852.63,   96.08
 218.73,  854.34,  221.07
 218.38,  856.05,  346.05
 348.75,  605.06,   99.82
 348.41,  606.76,  224.81
 348.06,  608.47,  349.79
 346.40,  730.02,   98.11
 346.06,  731.73,  223.09
 345.71,  733.44,  348.08
 344.05,  854.99,   96.39
 343.71,  856.70,  221.38
 343.36,  858.40,  346.37
  99.59,  599.52,  225.73
  96.79,  602.13,  350.67
  93.98,  604.75,  475.61
 102.13,  724.46,  223.17
  99.32,  727.08,  348.11
  96.52,  729.69,  473.05
 104.66,  849.41,  220.61
 101.86,  852.03,  345.55
  99.05,  854.64,  470.49
 224.53,  597.04,  228.58
 221.73,  599.65,  353.52
 218.92,  602.27,  478.47
 227.07,  721.99,  226.03
 224.26,  724.60,  350.97
 221.46,  727.22,  475.91
 229.61,  846.93,  223.47
 226.80,  849.55,  348.41
 224.00,  852.16,  473.35
 349.48,  594.56,  231.44
 346.67,  597.17,  356.38
 343.87,  599.79,  481.32
 352.01,  719.51,  228.88
 349.21,  722.12,  353.82
 346.40,  724.74,  478.77
 354.55,  844.46,  226.33
 351.74,  847.07,  351.27
 348.94,  849.69,  476.21
 100.57,  599.97,  348.28
 102.70,  602.80,  473.23
 104.82,  605.63,  598.18
 104.12,  724.89,  345.40
 106.25,  727.72,  470.35
 108.37,  730.54,  595.30
 107.68,  849.81,  342.51
 109.80,  852.63,  467.46
 111.93,  855.46,  592.41
 225.50,  596.37,  346.24
 227.63,  599.20,  471.19
 229.75,  602.03,  596.14
 229.06,  721.29,  343.36
 231.18,  724.11,  468.31
 233.31,  726.94,  593.26
 232.61,  846.20,  340.47
 234.73,  849.03,  465.42
 236.86,  851.86,  590.37
 350.43,  592.77,  344.20
 352.56,  595.60,  469.15
 354.68,  598.42,  594.10
 353.99,  717.69,  341.31
 356.11,  720.51,  466.26
 358.24,  723.34,  591.21
 357.54,  842.60,  338.43
 359.67,  845.43,  463.38
 361.79,  848.26,  588.33
  98.24,  601.86,  475.42
 100.33,  601.12,  600.40
 102.42,  600.39,  725.38
 101.48,  726.81,  476.09
 103.57,  726.08,  601.07
 105.67,  725.35,  726.05
 104.73,  851.77,  476.77
 106.82,  851.04,  601.75
 108.91,  850.30,  726.73
 223.18,  598.62,  473.30
 225.27,  597.89,  598.28
 227.36,  597.16,  723.26
 226.42,  723.58,  473.98
 228.51,  722.85,  598.96
 230.61,  722.11,  723.94
 229.67,  848.54,  474.66
 231.76,  847.80,  599.64
 233.85,  847.07,  724.62
 348.12,  595.39,  471.19
 350.21,  594.66,  596.17
 352.30,  593.92,  721.15
 351.36,  720.35,  471.87
 353.45,  719.61,  596.85
 355.55,  718.88,  721.83
 354.61,  845.30,  472.55
 356.70,  844.57,  597.53
 358.79,  843.84,  722.51
  98.53,  598.11,  600.33
 101.83,  601.48,  725.25
 105.14,  604.85,  850.16
  98.50,  723.06,  596.96
 101.80,  726.43,  721.87
 105.11,  729.81,  846.78
  98.47,  848.02,  593.59
 101.78,  851.39,  718.50
 105.08,  854.76,  843.41
 223.48,  598.05,  597.03
 226.79,  601.42,  721.94
 230.09,  604.79,  846.85
 223.45,  723.00,  593.66
 226.76,  726.37,  718.57
 230.07,  729.75,  843.48
 223.43,  847.96,  590.28
 226.73,  851.33,  715.19
 230.04,  854.70,  840.10
 348.44,  597.98,  593.72
 351.74,  601.36,  718.63
 355.05,  604.73,  843.54
 348.41,  722.94,  590.35
 351.72,  726.31,  715.26
 355.02,  729.68,  840.17
 348.38,  847.89,  586.98
 351.69,  851.27,  711.89
 355.00,  854.64,  836.80
 224.63,  100.30,  101.01
 227.91,   98.67,  225.96
 231.20,   97.05,  350.90
 222.15,  225.26,  102.70
 225.43,  223.64,  227.65
 228.72,  222.01,  352.60
 219.67,  350.23,  104.40
 222.95,  348.60,  229.34
 226.24,  346.97,  354.29
 349.56,  102.82,   97.76
 352.85,  101.20,  222.71
 356.13,   99.57,  347.65
 347.08,  227.79,   99.45
 350.37,  226.16,  224.40
 353.65,  224.53,  349.34
 344.60,  352.75,  101.14
 347.88,  351.12,  226.09
 351.17,  349.50,  351.03
 474.49,  105.35,   94.51
 477.78,  103.72,  219.45
 481.07,  102.10,  344.40
 472.01,  230.31,   96.20
 475.30,  228.69,  221.14
 478.58,  227.06,  346.09
 469.53,  355.28,   97.89
 472.82,  353.65,  222.83
 476.10,  352.02,  347.78
 223.31,  101.41,  226.69
 225.16,  100.54,  351.67
 227.02,   99.66,  476.66
 225.67,  226.38,  227.53
 227.52,  225.51,  352.51
 229.37,  224.64,  477.49
 228.02,  351.36,  228.37
 229.88,  350.49,  353.35
 231.73,  349.61,  478.33
 348.27,   99.06,  224.82
 350.13,   98.19,  349.80
 351.98,   97.32,  474.79
 350.63,  224.04,  225.66
 352.48,  223.17,  350.64
 354.34,  222.29,  475.63
 352.99,  349.01,  226.50
 354.84,  348.14,  351.48
 356.69,  347.27,  476.46
 473.24,   96.72,  222.95
 475.09,   95.85,  347.94
 476.94,   94.98,  472.92
 475.59,  221.70,  223.79
 477.45,  220.82,  348.77
 479.30,  219.95,  473.76
 477.95,  346.67,  224.63
 479.81,  345.80,  349.61
 481.66,  344.93,  474.59
 223.52,   98.14,  351.59
 220.50,   94.43,  476.50
 217.49,   90.72,  601.41
 222.43,  223.08,  355.28
 219.42,  219.37,  480.18
 216.40,  215.66,  605.09
 221.35,  348.02,  358.96
 218.33,  344.31,  483.87
 215.32,  340.60,  608.78
 348.47,   99.14,  354.64
 345.46,   95.43,  479.55
 342.44,   91.72,  604.45
 347.39,  224.08,  358.32
 344.38,  220.37,  483.23
 341.36,  216.66,  608.14
 346.31,  349.02,  362.01
 343.29,  345.31,  486.91
 340.28,  341.60,  611.82
 473.43,  100.13,  357.68
 470.42,   96.42,  482.59
 467.40,   92.71,  607.50
 472.35,  225.07,  361.37
 469.34,  221.36,  486.28
 466.32,  217.65,  611.18
 471.27,  350.01,  365.05
 468.25,  346.30,  489.96
 465.24,  342.59,  614.87
 223.28,  100.78,  474.19
 225.89,   99.09,  599.15
 228.51,   97.40,  724.11
 220.49,  225.74,  475.94
 223.11,  224.04,  600.90
 225.72,  222.35,  725.86
 217.70,  350.69,  477.69
 220.32,  349.00,  602.65
 222.94,  347.31,  727.61
 348.22,  103.60,  471.61
 350.83,  101.91,  596.57
 353.45,  100.22,  721.53
 345.43,  228.56,  473.36
 348.05,  226.87,  598.32
 350.66,  225.18,  723.28
 342.64,  353.52,  475.11
 345.26,  351.82,  600.07
 347.88,  350.13,  725.04
 473.16,  106.43,  469.03
 475.78,  104.73,  593.99
 478.39,  103.04,  718.96
 470.37,  231.38,  470.78
 472.99,  229.69,  595.74
 475.61,  228.00,  720.71
 467.58,  356.34,  472.53
 470.20,  354.65,  597.50
 472.82,  352.96,  722.46
 226.79,   98.49,  599.45
 223.48,  101.08,  724.38
 220.17,  103.68,  849.31
 226.39,  223.46,  596.84
 223.08,  226.05,  721.77
 219.78,  228.65,  846.70
 225.99,  348.43,  594.23
 222.69,  351.03,  719.16
 219.38,  353.62,  844.09
 351.74,   98.95,  602.75
 348.44,  101.55,  727.67
 345.13,  104.14,  852.60
 351.35,  223.92,  600.14
 348.04,  226.52,  725.07
 344.73,  229.11,  850.00
 350.95,  348.90,  597.53
 347.64,  351.49,  722.46
 344.34,  354.09,  847.39
 476.70,   99.42,  606.04
 473.39,  102.01,  730.97
 470.09,  104.61,  855.90
 476.30,  224.39,  603.44
 472.99,  226.98,  728.36
 469.69,  229.58,  853.29
 475.90,  349.36,  600.83
 472.60,  351.96,  725.76
 469.29,  354.55,  850.69
 223.55,  224.38,  101.59
 221.01,  220.79,  226.51
 218.47,  217.20,  351.43
 221.18,  349.31,  105.13
 218.64,  345.72,  230.05
 216.09,  342.13,  354.97
 218.81,  474.23,  108.67
 216.26,  470.64,  233.59
 213.72,  467.05,  358.52
 348.51,  226.68,  104.20
 345.96,  223.09,  229.12
 343.42,  219.50,  354.04
 346.13,  351.61,  107.74
 343.59,  348.02,  232.66
 341.05,  344.43,  357.58
 343.76,  476.53,  111.28
 341.22,  472.94,  236.20
 338.67,  469.35,  361.12
 473.46,  228.98,  106.81
 470.91,  225.39,  231.73
 468.37,  221.80,  356.65
 471.08,  353.91,  110.35
 468.54,  350.32,  235.27
 466.00,  346.73,  360.19
 468.71,  478.83,  113.89
 466.17,  475.24,  238.81
 463.62,  471.65,  363.73
 225.40,  225.68,  223.95
 222.00,  224.51,  348.90
 218.60,  223.35,  473.85
 225.78,  350.68,  225.13
 222.38,  349.51,  350.08
 218.99,  348.34,  475.02
 226.16,  475.67,  226.30
 222.77,  474.50,  351.25
 219.37,  473.33,  476.20
 350.35,  225.27,  227.34
 346.95,  224.10,  352.29
 343.56,  222.93,  477.24
 350.73,  350.26,  228.52
 347.34,  349.09,  353.47
 343.94,  347.93,  478.42
 351.12,  475.25,  229.70
 347.72,  474.09,  354.64
 344.32,  472.92,  479.59
 475.30,  224.85,  230.73
 471.91,  223.68,  355.68
 468.51,  222.52,  480.63
 475.69,  349.84,  231.91
 472.29,  348.68,  356.86
 468.89,  347.51,  481.81
 476.07,  474.84,  233.09
 472.67,  473.67,  358.04
 469.28,  472.50,  482.98
 225.51,  224.98,  351.62
 227.19,  227.04,  476.59
 228.88,  229.10,  601.56
 224.22,  349.95,  349.58
 225.91,  352.01,  474.55
 227.59,  354.07,  599.52
 222.94,  474.93,  347.53
 224.62,  476.99,  472.51
 226.31,  479.05,  597.48
 350.49,  226.23,  349.92
 352.17,  228.29,  474.89
 353.86,  230.35,  599.86
 349.21,  351.21,  347.87
 350.89,  353.27,  472.84
 352.57,  355.33,  597.82
 347.92,  476.19,  345.83
 349.61,  478.25,  470.80
 351.29,  480.31,  595.77
 475.47,  227.49,  348.21
 477.16,  229.55,  473.18
 478.84,  231.61,  598.15
 474.19,  352.46,  346.17
 475.87,  354.53,  471.14
 477.56,  356.59,  596.11
 472.90,  477.44,  344.12
 474.59,  479.50,  469.10
 476.27,  481.56,  594.07
 225.94,  223.69,  474.98
 224.69,  224.91,  599.97
 223.43,  226.12,  724.96
 222.60,  348.64,  473.73
 221.35,  349.86,  598.72
 220.10,  351.07,  723.71
 219.27,  473.59,  472.48
 218.02,  474.80,  597.47
 216.76,  476.02,  722.46
 350.89,  227.04,  476.20
 349.63,  228.25,  601.19
 348.38,  229.47,  726.18
 347.55,  351.99,  474.95
 346.30,  353.20,  599.94
 345.05,  354.42,  724.93
 344.22,  476.94,  473.71
 342.97,  478.15,  598.69
 341.71,  479.37,  723.68
 475.84,  230.39,  477.42
 474.58,  231.60,  602.41
 473.33,  232.82,  727.40
 472.50,  355.33,  476.18
 471.25,  356.55,  601.16
 469.99,  357.76,  726.15
 469.17,  480.28,  474.93
 467.91,  481.50,  599.91
 466.66,  482.71,  724.90
 225.29,  224.49,  599.23
 228.25,  228.06,  724.14
 231.21,  231.63,  849.05
 225.93,  349.43,  595.64
 228.89,  353.00,  720.55
 231.85,  356.58,  845.46
 226.56,  474.38,  592.05
 229.53,  477.95,  716.96
 232.49,  481.52,  841.88
 350.25,  223.76,  596.28
 353.21,  227.34,  721.20
 356.18,  230.91,  846.11
 350.89,  348.71,  592.69
 353.85,  352.28,  717.61
 356.81,  355.86,  842.52
 351.53,  473.66,  589.11
 354.49,  477.23,  714.02
 357.45,  480.80,  838.93
 475.22,  223.04,  593.34
 478.18,  226.61,  718.25
 481.14,  230.19,  843.17
 475.85,  347.99,  589.75
 478.81,  351.56,  714.66
 481.78,  355.13,  839.58
 476.49,  472.93,  586.16
 479.45,  476.51,  711.08
 482.41,  480.08,  835.99
 223.03,  348.75,  100.85
 219.31,  346.87,  225.78
 215.58,  344.98,  350.71
 224.40,  473.73,  102.78
 220.68,  471.85,  227.71
 216.96,  469.96,  352.64
 225.78,  598.71,  104.71
 222.06,  596.82,  229.64
 218.33,  594.94,  354.57
 347.97,  347.32,  104.55
 344.24,  345.44,  229.48
 340.52,  343.55,  354.41
 349.34,  472.30,  106.48
 345.62,  470.41,  231.41
 341.90,  468.53,  356.34
 350.72,  597.28,  108.41
 346.99,  595.39,  233.34
 343.27,  593.51,  358.27
 472.90,  345.89,  108.26
 469.18,  344.00,  233.19
 465.46,  342.12,  358.12
 474.28,  470.87,  110.18
 470.56,  468.98,  235.11
 466.83,  467.10,  360.04
 475.65,  595.85,  112.11
 471.93,  593.96,  237.04
 468.21,  592.07,  361.97
 225.49,  348.03,  226.66
 223.18,  346.48,  351.63
 220.87,  344.93,  476.60
 226.91,  473.01,  228.24
 224.60,  471.46,  353.21
 222.29,  469.91,  478.18
 228.33,  597.99,  229.81
 226.02,  596.44,  354.78
 223.71,  594.89,  479.75
 350.46,  346.58,  228.96
 348.15,  345.03,  353.92
 345.84,  343.48,  478.89
 351.88,  471.56,  230.53
 349.57,  470.01,  355.50
 347.26,  468.46,  480.47
 353.30,  596.54,  232.10
 350.99,  594.99,  357.07
 348.68,  593.45,  482.04
 475.43,  345.13,  231.25
 473.12,  343.58,  356.22
 470.81,  342.03,  481.19
 476.85,  470.11,  232.82
 474.54,  468.56,  357.79
 472.23,  467.01,  482.76
 478.27,  595.09,  234.40
 475.96,  593.54,  359.36
 473.65,  592.00,  484.33
 226.00,  349.18,  348.55
 222.48,  352.88,  473.45
 218.95,  356.59,  598.34
 226.80,  474.12,  344.87
 223.27,  477.83,  469.76
 219.74,  481.54,  594.66
 227.60,  599.06,  341.18
 224.07,  602.77,  466.07
 220.54,  606.48,  590.97
 350.95,  348.48,  352.10
 347.42,  352.19,  477.00
 343.89,  355.90,  601.90
 351.75,  473.43,  348.42
 348.22,  477.14,  473.31
 344.69,  480.84,  598.21
 352.55,  598.37,  344.73
 349.02,  602.08,  469.63
 345.49,  605.79,  594.52
 475.90,  347.79,  355.66
 472.37,  351.50,  480.55
 468.84,  355.21,  605.45
 476.70,  472.73,  351.97
 473.17,  476.44,  476.86
 469.64,  480.15,  601.76
 477.50,  597.68,  348.28
 473.97,  601.39,  473.18
 470.44,  605.09,  598.07
 225.54,  350.76,  474.36
 223.70,  348.52,  599.33
 221.85,  346.29,  724.30
 222.98,  475.72,  476.56
 221.13,  473.48,  601.53
 219.28,  471.24,  726.50
 220.41,  600.67,  478.76
 218.56,  598.43,  603.73
 216.71,  596.20,  728.69
 350.50,  353.30,  476.26
 348.66,  351.06,  601.22
 346.81,  348.82,  726.19
 347.94,  478.25,  478.46
 346.09,  476.01,  603.42
 344.24,  473.78,  728.39
 345.37,  603.21,  480.66
 343.52,  600.97,  605.62
 341.67,  598.73,  730.59
 475.46,  355.83,  478.15
 473.62,  353.60,  603.12
 471.77,  351.36,  728.09
 472.90,  480.79,  480.35
 471.05,  478.55,  605.32
 469.20,  476.31,  730.28
 470.33,  605.74,  482.55
 468.48,  603.50,  607.52
 466.63,  601.27,  732.48
 223.69,  351.21,  601.28
 224.92,  348.04,  726.23
 226.15,  344.88,  851.19
 226.83,  476.13,  604.41
 228.06,  472.97,  729.37
 229.29,  469.80,  854.32
 229.97,  601.05,  607.55
 231.20,  597.89,  732.50
 232.43,  594.72,  857.46
 348.65,  348.10,  599.97
 349.88,  344.94,  724.93
 351.11,  341.77,  849.88
 351.79,  473.02,  603.11
 353.02,  469.86,  728.06
 354.24,  466.69,  853.01
 354.93,  597.94,  606.24
 356.16,  594.78,  731.19
 357.38,  591.61,  856.15
 473.60,  344.99,  598.66
 474.83,  341.83,  723.62
 476.06,  338.66,  848.57
 476.74,  469.91,  601.80
 477.97,  466.75,  726.75
 479.20,  463.58,  851.71
 479.88,  594.84,  604.93
 481.11,  591.67,  729.89
 482.34,  588.51,  854.84
 225.14,  476.03,  100.73
 225.33,  474.90,  225.73
 225.52,  473.78,  350.72
 221.57,  600.97,  101.86
 221.76,  599.85,  226.86
 221.96,  598.72,  351.85
 218.01,  725.91,  102.99
 218.20,  724.79,  227.98
 218.39,  723.67,  352.98
 350.09,  479.59,  100.57
 350.28,  478.47,  225.57
 350.47,  477.34,  350.56
 346.52,  604.54,  101.70
 346.71,  603.41,  226.70
 346.90,  602.29,  351.69
 342.96,  729.48,  102.83
 343.15,  728.36,  227.82
 343.34,  727.23,  352.82
 475.03,  483.16,  100.41
 475.23,  482.03,  225.41
 475.42,  480.91,  350.40
 471.47,  608.10,  101.54
 471.66,  606.98,  226.54
 471.85,  605.85,  351.53
 467.91,  733.04,  102.67
 468.10,  731.92,  227.67
 468.29,  730.80,  352.66
 224.60,  475.20,  223.33
 227.78,  474.38,  348.29
 230.95,  473.55,  473.25
 223.30,  600.19,  224.19
 226.47,  599.37,  349.14
 229.64,  598.55,  474.10
 221.99,  725.18,  225.04
 225.16,  724.36,  350.00
 228.33,  723.54,  474.96
 349.56,  476.52,  220.17
 352.73,  475.70,  345.13
 355.90,  474.88,  470.08
 348.25,  601.51,  221.03
 351.42,  600.69,  345.98
 354.59,  599.87,  470.94
 346.94,  726.51,  221.88
 350.12,  725.68,  346.84
 353.29,  724.86,  471.79
 474.51,  477.85,  217.01
 477.68,  477.03,  341.97
 480.85,  476.21,  466.92
 473.20,  602.84,  217.86
 476.38,  602.02,  342.82
 479.55,  601.20,  467.78
 471.90,  727.83,  218.72
 475.07,  727.01,  343.67
 478.24,  726.19,  468.63
 224.51,  476.29,  351.09
 228.16,  473.00,  475.99
 231.81,  469.71,  600.89
 224.42,  601.25,  354.38
 228.07,  597.96,  479.28
 231.72,  594.67,  604.19
 224.34,  726.21,  357.68
 227.99,  722.92,  482.58
 231.64,  719.63,  607.48
 349.46,  476.48,  347.44
 353.11,  473.19,  472.34
 356.76,  469.90,  597.25
 349.37,  601.43,  350.73
 353.02,  598.14,  475.64
 356.67,  594.85,  600.54
 349.28,  726.39,  354.03
 352.93,  723.10,  478.93
 356.58,  719.81,  603.84
 474.40,  476.66,  343.79
 478.06,  473.37,  468.70
 481.71,  470.08,  593.60
 474.32,  601.62,  347.09
 477.97,  598.33,  471.99
 481.62,  595.04,  596.89
 474.23,  726.57,  350.38
 477.88,  723.28,  475.28
 481.53,  719.99,  600.19
 225.08,  473.11,  475.66
 227.11,  471.95,  600.64
 229.14,  470.80,  725.62
 227.58,  598.08,  476.77
 229.62,  596.92,  601.75
 231.65,  595.77,  726.73
 230.09,  723.05,  477.88
 232.12,  721.89,  602.86
 234.15,  720.74,  727.84
 350.04,  470.62,  473.61
 352.07,  469.47,  598.58
 354.10,  468.31,  723.56
 352.54,  595.59,  474.72
 354.57,  594.44,  599.69
 356.61,  593.28,  724.67
 355.05,  720.56,  475.83
 357.08,  719.41,  600.81
 359.11,  718.25,  725.78
 474.99,  468.13,  471.55
 477.03,  466.98,  596.53
 479.06,  465.83,  721.51
 477.50,  593.10,  472.66
 479.53,  591.95,  597.64
 481.56,  590.80,  722.62
 480.01,  718.07,  473.77
 482.04,  716.92,  598.75
 484.07,  715.77,  723.73
 226.13,  474.79,  601.81
 222.46,  474.73,  726.75
 218.79,  474.67,  851.70
 227.37,  599.79,  601.90
 223.69,  599.73,  726.85
 220.02,  599.67,  851.79
 228.60,  724.78,  602.00
 224.93,  724.72,  726.95
 221.26,  724.66,  851.89
 351.07,  473.56,  605.48
 347.40,  473.50,  730.42
 343.73,  473.44,  855.37
 352.31,  598.55,  605.57
 348.63,  598.49,  730.52
 344.96,  598.43,  855.47
 353.54,  723.55,  605.67
 349.87,  723.49,  730.62
 346.20,  723.43,  855.56
 476.01,  472.32,  609.15
 472.34,  472.26,  734.10
 468.67,  472.20,  859.04
 477.25,  597.31,  609.25
 473.57,  597.25,  734.19
 469.90,  597.19,  859.14
 478.48,  722.31,  609.34
 474.81,  722.25,  734.29
 471.14,  722.19,  859.23
 224.57,  600.21,   99.80
 222.45,  597.50,  224.75
 220.32,  594.80,  349.70
 227.75,  725.14,  102.55
 225.63,  722.43,  227.51
 223.51,  719.73,  352.46
 230.93,  850.07,  105.31
 228.81,  847.36,  230.27
 226.69,  844.66,  355.22
 349.51,  596.98,  101.85
 347.39,  594.28,  226.80
 345.27,  591.57,  351.76
 352.69,  721.91,  104.61
 350.57,  719.21,  229.56
 348.45,  716.50,  354.51
 355.88,  846.84,  107.37
 353.75,  844.14,  232.32
 351.63,  841.43,  357.27
 474.46,  593.76,  103.90
 472.33,  591.05,  228.86
 470.21,  588.35,  353.81
 477.64,  718.69,  106.66
 475.51,  715.98,  231.61
 473.39,  713.28,  356.57
 480.82,  843.61,  109.42
 478.69,  840.91,  234.37
 476.57,  838.20,  359.33
 224.20,  601.50,  223.42
 221.88,  604.79,  348.35
 219.55,  608.09,  473.29
 226.06,  726.44,  220.16
 223.74,  729.74,  345.09
 221.41,  733.03,  470.03
 227.92,  851.39,  216.90
 225.60,  854.68,  341.83
 223.27,  857.98,  466.77
 349.17,  599.70,  225.79
 346.84,  603.00,  350.72
 344.52,  606.29,  475.66
 351.03,  724.65,  222.53
 348.70,  727.94,  347.46
 346.38,  731.23,  472.40
 352.89,  849.59,  219.27
 350.56,  852.88,  344.21
 348.24,  856.18,  469.14
 474.13,  597.90,  228.16
 471.81,  601.20,  353.10
 469.48,  604.49,  478.03
 475.99,  722.85,  224.90
 473.67,  726.14,  349.84
 471.34,  729.44,  474.77
 477.85,  847.79,  221.64
 475.53,  851.09,  346.58
 473.20,  854.38,  471.51
 224.15,  598.29,  349.76
 225.31,  599.16,  474.75
 226.47,  600.04,  599.74
 224.52,  723.28,  348.88
 225.69,  724.16,  473.87
 226.85,  725.04,  598.86
 224.90,  848.28,  348.00
 226.06,  849.16,  472.99
 227.22,  850.03,  597.98
 349.14,  597.90,  348.60
 350.30,  598.78,  473.59
 351.47,  599.66,  598.58
 349.52,  722.90,  347.72
 350.68,  723.78,  472.71
 351.84,  724.65,  597.70
 349.89,  847.89,  346.84
 351.06,  848.77,  471.83
 352.22,  849.65,  596.82
 474.14,  597.52,  347.44
 475.30,  598.39,  472.43
 476.46,  599.27,  597.42
 474.51,  722.51,  346.56
 475.67,  723.39,  471.55
 476.84,  724.27,  596.54
 474.89,  847.51,  345.68
 476.05,  848.39,  470.67
 477.21,  849.26,  595.66
 224.93,  601.95,  476.11
 224.33,  599.93,  601.09
 223.73,  597.92,  726.07
 224.15,  726.93,  478.12
 223.55,  724.91,  603.10
 222.95,  722.90,  728.08
 223.36,  851.91,  480.13
 222.76,  849.89,  605.11
 222.17,  847.88,  730.09
 349.93,  602.72,  476.72
 349.33,  600.71,  601.70
 348.73,  598.69,  726.69
 349.14,  727.70,  478.73
 348.54,  725.69,  603.71
 347.95,  723.67,  728.70
 348.36,  852.68,  480.74
 347.76,  850.67,  605.72
 347.16,  848.65,  730.71
 474.92,  603.49,  477.33
 474.32,  601.48,  602.32
 473.73,  599.47,  727.30
 474.14,  728.48,  479.34
 473.54,  726.46,  604.33
 472.94,  724.45,  729.31
 473.36,  853.46,  481.35
 472.76,  851.44,  606.34
 472.16,  849.43,  731.32
 225.11,  598.97,  601.58
 226.42,  597.53,  726.56
 227.73,  596.09,  851.55
 223.14,  723.94,  603.04
 224.45,  722.51,  728.02
 225.76,  721.07,  853.01
 221.17,  848.92,  604.49
 222.48,  847.48,  729.48
 223.79,  846.04,  854.46
 350.09,  600.95,  600.29
 351.40,  599.52,  725.28
 352.71,  598.08,  850.26
 348.12,  725.93,  601.75
 349.43,  724.49,  726.73
 350.74,  723.06,  851.72
 346.15,  850.90,  603.21
 347.45,  849.47,  728.19
 348.76,  848.03,  853.18
 475.07,  602.94,  599.01
 476.38,  601.50,  723.99
 477.68,  600.07,  848.98
 473.10,  727.92,  600.46
 474.40,  726.48,  725.45
 475.71,  725.04,  850.43
 471.12,  852.89,  601.92
 472.43,  851.46,  726.91
 473.74,  850.02,  851.89
 351.59,   98.36,  101.41
 350.20,  101.32,  226.37
 348.82,  104.28,  351.33
 354.43,  223.29,   98.48
 353.04,  226.25,  223.44
 351.65,  229.21,  348.40
 357.26,  348.22,   95.56
 355.88,  351.18,  220.51
 354.49,  354.14,  345.47
 476.55,   95.55,  102.86
 475.16,   98.51,  227.82
 473.78,  101.47,  352.78
 479.39,  220.49,   99.94
 478.00,  223.45,  224.89
 476.61,  226.41,  349.85
 482.22,  345.42,   97.01
 480.84,  348.38,  221.96
 479.45,  351.34,  346.92
 601.51,   92.75,  104.32
 600.12,   95.71,  229.27
 598.74,   98.67,  354.23
 604.35,  217.68,  101.39
 602.96,  220.64,  226.34
 601.57,  223.60,  351.30
 607.18,  342.61,   98.46
 605.80,  345.57,  223.42
 604.41,  348.53,  348.37
 349.60,   99.08,  223.40
 349.45,  102.54,  348.36
 349.29,  106.00,  473.31
 350.48,  224.03,  219.95
 350.32,  227.49,  344.90
 350.16,  230.95,  469.85
 351.35,  348.98,  216.49
 351.19,  352.44,  341.44
 351.03,  355.90,  466.40
 474.60,   98.22,  223.59
 474.44,  101.68,  348.54
 474.29,  105.13,  473.49
 475.47,  223.17,  220.13
 475.32,  226.63,  345.08
 475.16,  230.08,  470.03
 476.34,  348.12,  216.67
 476.19,  351.57,  341.62
 476.03,  355.03,  466.58
 599.60,   97.35,  223.77
 599.44,  100.81,  348.72
 599.28,  104.27,  473.67
 600.47,  222.30,  220.31
 600.31,  225.76,  345.26
 600.16,  229.22,  470.21
 601.34,  347.25,  216.85
 601.18,  350.71,  341.81
 601.03,  354.17,  466.76
 350.48,   99.23,  348.91
 347.78,  102.60,  473.83
 345.09,  105.97,  598.76
 352.69,  224.17,  345.59
 350.00,  227.54,  470.51
 347.30,  230.91,  595.44
 354.90,  349.10,  342.26
 352.21,  352.47,  467.19
 349.52,  355.84,  592.11
 475.43,   97.09,  351.66
 472.73,  100.46,  476.59
 470.04,  103.83,  601.51
 477.64,  222.02,  348.34
 474.95,  225.39,  473.26
 472.25,  228.76,  598.19
 479.86,  346.96,  345.02
 477.16,  350.33,  469.94
 474.47,  353.70,  594.87
 600.38,   94.95,  354.41
 597.68,   98.32,  479.34
 594.99,  101.69,  604.26
 602.59,  219.88,  351.09
 599.90,  223.25,  476.02
 597.20,  226.62,  600.94
 604.81,  344.82,  347.77
 602.11,  348.19,  472.69
 599.42,  351.56,  597.62
 349.38,  101.22,  473.56
 345.74,  103.78,  598.48
 342.10,  106.34,  723.40
 352.45,  226.16,  471.09
 348.81,  228.71,  596.01
 345.17,  231.27,  720.93
 355.51,  351.09,  468.62
 351.88,  353.65,  593.54
 348.24,  356.21,  718.46
 474.29,   98.22,  477.26
 470.65,  100.78,  602.18
 467.01,  103.34,  727.10
 477.36,  223.16,  474.79
 473.72,  225.72,  599.71
 470.08,  228.28,  724.63
 480.42,  348.10,  472.32
 476.79,  350.66,  597.24
 473.15,  353.22,  722.16
 599.20,   95.23,  480.96
 595.56,   97.79,  605.88
 591.92,  100.35,  730.80
 602.26,  220.17,  478.49
 598.63,  222.73,  603.41
 594.99,  225.29,  728.33
 605.33,  345.11,  476.02
 601.70,  347.66,  600.94
 598.06,  350.22,  725.86
 349.87,   99.81,  598.68
 349.81,   98.00,  723.67
 349.75,   96.20,  848.65
 349.66,  224.80,  600.48
 349.60,  222.99,  725.47
 349.55,  221.19,  850.46
 349.45,  349.78,  602.29
 349.39,  347.98,  727.27
 349.34,  346.18,  852.26
 474.87,  100.01,  598.74
 474.81,   98.21,  723.73
 474.75,   96.41,  848.71
 474.66,  225.00,  600.54
 474.60,  223.20,  725.53
 474.54,  221.39,  850.52
 474.45,  349.99,  602.35
 474.39,  348.19,  727.33
 474.34,  346.38,  852.32
 599.87,  100.22,  598.80
 599.81,   98.42,  723.78
 599.75,   96.61,  848.77
 599.66,  225.21,  600.60
 599.60,  223.40,  725.59
 599.54,  221.60,  850.58
 599.45,  350.20,  602.40
 599.39,  348.39,  727.39
 599.34,  346.59,  852.38
 351.73,  223.01,  100.57
 349.75,  222.27,  225.56
 347.77,  221.54,  350.54
 351.89,  348.01,  101.31
 349.91,  347.27,  226.29
 347.93,  346.54,  351.28
 352.05,  473.00,  102.05
 350.07,  472.27,  227.03
 348.09,  471.53,  352.01
 476.71,  222.84,  102.55
 474.73,  222.10,  227.53
 472.75,  221.37,  352.52
 476.87,  347.83,  103.29
 474.89,  347.10,  228.27
 472.91,  346.36,  353.25
 477.03,  472.83,  104.03
 475.05,  472.10,  229.01
 473.07,  471.36,  353.99
 601.70,  222.66,  104.53
 599.72,  221.93,  229.51
 597.74,  221.19,  354.49
 601.86,  347.66,  105.27
 599.88,  346.93,  230.25
 597.90,  346.19,  355.23
 602.02,  472.66,  106.01
 600.04,  471.92,  230.99
 598.06,  471.19,  355.97
 349.74,  224.78,  223.88
 353.51,  221.44,  348.78
 357.28,  218.11,  473.68
 347.18,  349.71,  227.30
 350.95,  346.37,  352.20
 354.72,  343.03,  477.10
 344.61,  474.64,  230.72
 348.38,  471.30,  355.61
 352.16,  467.96,  480.51
 474.66,  227.45,  220.18
 478.43,  224.11,  345.08
 482.20,  220.77,  469.98
 472.09,  352.37,  223.60
 475.86,  349.03,  348.50
 479.63,  345.70,  473.40
 469.53,  477.30,  227.02
 473.30,  473.96,  351.91
 477.07,  470.62,  476.81
 599.57,  230.11,  216.48
 603.34,  226.77,  341.38
 607.11,  223.43,  466.28
 597.01,  355.04,  219.90
 600.78,  351.70,  344.80
 604.55,  348.36,  469.70
 594.45,  479.96,  223.32
 598.22,  476.62,  348.21
 601.99,  473.29,  473.11
 350.24,  224.72,  349.89
 352.37,  221.40,  474.82
 354.51,  218.07,  599.76
 352.56,  349.65,  353.17
 354.70,  346.33,  478.10
 356.83,  343.01,  603.04
 354.89,  474.59,  356.45
 357.03,  471.27,  481.38
 359.16,  467.95,  606.32
 475.20,  222.45,  347.69
 477.33,  219.13,  472.63
 479.47,  215.81,  597.57
 477.52,  347.38,  350.97
 479.66,  344.06,  475.91
 481.79,  340.74,  600.85
 479.85,  472.32,  354.25
 481.99,  469.00,  479.19
 484.12,  465.68,  604.13
 600.16,  220.18,  345.49
 602.29,  216.86,  470.43
 604.43,  213.54,  595.37
 602.49,  345.11,  348.78
 604.62,  341.79,  473.71
 606.75,  338.47,  598.65
 604.81,  470.05,  352.06
 606.95,  466.73,  476.99
 609.08,  463.41,  601.93
 350.68,  226.82,  473.25
 354.14,  229.81,  598.17
 357.61,  232.80,  723.08
 348.01,  351.76,  470.33
 351.48,  354.75,  595.25
 354.95,  357.74,  720.17
 345.35,  476.69,  467.42
 348.82,  479.68,  592.33
 352.29,  482.67,  717.25
 475.60,  229.40,  469.72
 479.07,  232.39,  594.64
 482.53,  235.38,  719.55
 472.94,  354.34,  466.81
 476.40,  357.33,  591.72
 479.87,  360.32,  716.64
 470.27,  479.27,  463.89
 473.74,  482.26,  588.80
 477.21,  485.25,  713.72
 600.52,  231.98,  466.19
 603.99,  234.97,  591.11
 607.46,  237.96,  716.03
 597.86,  356.92,  463.28
 601.33,  359.91,  588.19
 604.79,  362.90,  713.11
 595.20,  481.85,  460.36
 598.66,  484.84,  585.28
 602.13,  487.83,  710.19
 350.13,  225.34,  601.68
 347.51,  227.70,  726.63
 344.90,  230.06,  851.58
 352.06,  350.30,  599.36
 349.45,  352.66,  724.31
 346.83,  355.02,  849.26
 354.00,  475.27,  597.04
 351.38,  477.63,  721.99
 348.77,  479.99,  846.94
 475.08,  223.45,  604.33
 472.47,  225.81,  729.28
 469.85,  228.17,  854.23
 477.02,  348.41,  602.01
 474.41,  350.78,  726.96
 471.79,  353.14,  851.91
 478.96,  473.38,  599.69
 476.34,  475.74,  724.64
 473.73,  478.10,  849.59
 600.04,  221.56,  606.98
 597.43,  223.93,  731.93
 594.81,  226.29,  856.88
 601.98,  346.53,  604.66
 599.36,  348.89,  729.61
 596.75,  351.25,  854.56
 603.91,  471.49,  602.34
 601.30,  473.85,  727.29
 598.68,  476.21,  852.24
 351.20,  351.20,   98.68
 349.75,  348.05,  223.63
 348.29,  344.90,  348.58
 354.89,  476.10,  101.87
 353.43,  472.95,  226.82
 351.98,  469.80,  351.77
 358.57,  601.01,  105.06
 357.12,  597.86,  230.01
 355.67,  594.71,  354.96
 476.14,  347.47,  100.03
 474.68,  344.32,  224.99
 473.23,  341.18,  349.94
 479.82,  472.38,  103.23
 478.37,  469.23,  228.18
 476.92,  466.08,  353.13
 483.51,  597.28,  106.42
 482.06,  594.13,  231.37
 480.60,  590.98,  356.32
 601.07,  343.75,  101.39
 599.62,  340.60,  226.35
 598.17,  337.45,  351.30
 604.76,  468.66,  104.58
 603.31,  465.51,  229.54
 601.85,  462.36,  354.49
 608.45,  593.56,  107.78
 606.99,  590.41,  232.73
 605.54,  587.26,  357.68
 351.62,  351.47,  223.80
 349.57,  348.75,  348.76
 347.53,  346.02,  473.71
 354.96,  476.40,  226.58
 352.92,  473.67,  351.54
 350.88,  470.94,  476.49
 358.31,  601.32,  229.37
 356.27,  598.59,  354.32
 354.22,  595.87,  479.27
 476.56,  348.08,  225.77
 474.51,  345.36,  350.72
 472.47,  342.63,  475.68
 479.90,  473.01,  228.55
 477.86,  470.28,  353.51
 475.81,  467.55,  478.46
 483.25,  597.93,  231.34
 481.20,  595.20,  356.29
 479.16,  592.48,  481.24
 601.49,  344.69,  227.74
 599.45,  341.97,  352.69
 597.41,  339.24,  477.65
 604.84,  469.62,  230.52
 602.80,  466.89,  355.48
 600.75,  464.16,  480.43
 608.19,  594.54,  233.30
 606.14,  591.81,  358.26
 604.10,  589.09,  483.21
 349.70,  348.09,  348.78
 352.00,  347.03,  473.75
 354.29,  345.97,  598.73
 353.33,  473.03,  349.77
 355.62,  471.97,  474.75
 357.92,  470.91,  599.72
 356.95,  597.98,  350.76
 359.25,  596.92,  475.74
 361.55,  595.86,  600.71
 474.63,  344.48,  346.45
 476.92,  343.42,  471.43
 479.22,  342.36,  596.40
 478.25,  469.43,  347.44
 480.55,  468.36,  472.42
 482.85,  467.30,  597.39
 481.88,  594.37,  348.44
 484.18,  593.31,  473.41
 486.47,  592.25,  598.39
 599.55,  340.87,  344.13
 601.85,  339.81,  469.10
 604.15,  338.75,  594.07
 603.18,  465.82,  345.12
 605.48,  464.76,  470.09
 607.77,  463.70,  595.07
 606.81,  590.76,  346.11
 609.10,  589.70,  471.09
 611.40,  588.64,  596.06
 351.32,  351.07,  475.67
 349.75,  351.84,  600.65
 348.17,  352.61,  725.64
 351.36,  476.06,  474.89
 349.78,  476.84,  599.88
 348.21,  477.61,  724.87
 351.39,  601.06,  474.12
 349.82,  601.83,  599.11
 348.24,  602.60,  724.10
 476.31,  351.04,  477.24
 474.74,  351.81,  602.23
 473.16,  352.58,  727.21
 476.35,  476.04,  476.47
 474.77,  476.81,  601.46
 473.20,  477.58,  726.44
 476.38,  601.04,  475.70
 474.81,  601.81,  600.68
 473.23,  602.58,  725.67
 601.30,  351.02,  478.81
 599.73,  351.79,  603.80
 598.15,  352.56,  728.79
 601.34,  476.01,  478.04
 599.76,  476.78,  603.03
 598.19,  477.56,  728.02
 601.37,  601.01,  477.27
 599.80,  601.78,  602.26
 598.23,  602.55,  727.24
 349.45,  351.46,  601.38
 346.70,  354.11,  726.32
 343.95,  356.77,  851.26
 350.08,  476.43,  598.74
 347.33,  479.08,  723.68
 344.58,  481.74,  848.62
 350.71,  601.40,  596.10
 347.96,  604.05,  721.04
 345.21,  606.71,  845.98
 474.42,  350.88,  604.15
 471.67,  353.54,  729.09
 468.91,  356.19,  854.03
 475.05,  475.85,  601.50
 472.30,  478.51,  726.45
 469.55,  481.16,  851.39
 475.68,  600.82,  598.86
 472.93,  603.48,  723.80
 470.18,  606.13,  848.75
 599.38,  350.31,  606.91
 596.63,  352.96,  731.85
 593.88,  355.62,  856.79
 600.02,  475.28,  604.27
 597.27,  477.93,  729.21
 594.51,  480.59,  854.15
 600.65,  600.25,  601.63
 597.90,  602.90,  726.57
 595.15,  605.56,  851.51
 348.06,  474.27,   99.22
 348.44,  472.26,  224.21
 348.81,  470.25,  349.19
 345.84,  599.23,  101.24
 346.22,  597.22,  226.22
 346.60,  595.21,  351.21
 343.63,  724.19,  103.26
 344.01,  722.18,  228.24
 344.39,  720.18,  353.22
 473.04,  476.48,   98.88
 473.42,  474.48,  223.86
 473.79,  472.47,  348.85
 470.82,  601.45,  100.90
 471.20,  599.44,  225.88
 471.58,  597.43,  350.86
 468.61,  726.41,  102.91
 468.99,  724.40,  227.90
 469.37,  722.39,  352.88
 598.02,  478.70,   98.54
 598.40,  476.70,  223.52
 598.77,  474.69,  348.50
 595.80,  603.67,  100.55
 596.18,  601.66,  225.54
 596.56,  599.65,  350.52
 593.59,  728.63,  102.57
 593.97,  726.62,  227.55
 594.35,  724.61,  352.54
 349.78,  475.41,  225.50
 353.17,  477.46,  350.44
 356.56,  479.50,  475.37
 351.37,  600.39,  223.41
 354.76,  602.43,  348.35
 358.15,  604.47,  473.29
 352.96,  725.36,  221.33
 356.35,  727.40,  346.27
 359.74,  729.44,  471.20
 474.72,  473.77,  222.13
 478.11,  475.81,  347.07
 481.50,  477.85,  472.01
 476.31,  598.74,  220.05
 479.70,  600.78,  344.99
 483.09,  602.83,  469.92
 477.90,  723.71,  217.96
 481.29,  725.76,  342.90
 484.68,  727.80,  467.84
 599.67,  472.12,  218.77
 603.06,  474.17,  343.71
 606.45,  476.21,  468.64
 601.25,  597.10,  216.68
 604.65,  599.14,  341.62
 608.04,  601.18,  466.56
 602.84,  722.07,  214.60
 606.23,  724.11,  339.54
 609.63,  726.15,  464.47
 350.23,  475.09,  348.75
 353.55,  476.17,  473.70
 356.87,  477.25,  598.65
 353.16,  600.05,  347.59
 356.48,  601.13,  472.54
 359.81,  602.21,  597.49
 356.09,  725.01,  346.43
 359.41,  726.09,  471.38
 362.74,  727.17,  596.33
 475.15,  472.13,  345.45
 478.47,  473.21,  470.40
 481.80,  474.29,  595.35
 478.08,  597.09,  344.29
 481.40,  598.17,  469.24
 484.73,  599.25,  594.19
 481.01,  722.05,  343.13
 484.33,  723.13,  468.09
 487.66,  724.21,  593.04
 600.07,  469.17,  342.15
 603.39,  470.25,  467.10
 606.72,  471.33,  592.05
 603.00,  594.13,  340.99
 606.32,  595.21,  465.95
 609.65,  596.29,  590.90
 605.93,  719.09,  339.84
 609.26,  720.17,  464.79
 612.58,  721.25,  589.74
 348.68,  476.91,  476.29
 348.48,  478.88,  601.27
 348.28,  480.86,  726.25
 346.31,  601.87,  474.31
 346.10,  603.84,  599.29
 345.90,  605.82,  724.28
 343.93,  726.83,  472.33
 343.73,  728.81,  597.31
 343.52,  730.78,  722.30
 473.66,  479.29,  476.45
 473.46,  481.26,  601.44
 473.25,  483.24,  726.42
 471.28,  604.25,  474.47
 471.08,  606.22,  599.46
 470.88,  608.20,  724.44
 468.91,  729.21,  472.49
 468.70,  731.19,  597.48
 468.50,  733.16,  722.46
 598.64,  481.67,  476.62
 598.43,  483.64,  601.60
 598.23,  485.62,  726.58
 596.26,  606.63,  474.64
 596.06,  608.60,  599.62
 595.85,  610.58,  724.61
 593.88,  731.59,  472.66
 593.68,  733.56,  597.64
 593.48,  735.54,  722.63
 349.57,  474.97,  599.03
 347.62,  477.29,  723.99
 345.66,  479.62,  848.96
 352.80,  599.90,  596.76
 350.85,  602.23,  721.72
 348.89,  604.56,  846.68
 356.04,  724.84,  594.48
 354.08,  727.17,  719.44
 352.13,  729.50,  844.41
 474.51,  471.77,  601.05
 472.56,  474.10,  726.01
 470.60,  476.42,  850.97
 477.75,  596.71,  598.77
 475.79,  599.03,  723.73
 473.84,  601.36,  848.70
 480.98,  721.65,  596.49
 479.02,  723.97,  721.46
 477.07,  726.30,  846.42
 599.46,  468.57,  603.06
 597.50,  470.90,  728.02
 595.55,  473.23,  852.99
 602.69,  593.51,  600.78
 600.73,  595.84,  725.75
 598.78,  598.17,  850.71
 605.92,  718.45,  598.51
 603.97,  720.78,  723.47
 602.01,  723.10,  848.43
 351.36,  598.68,   99.52
 348.31,  601.91,  224.44
 345.27,  605.14,  349.36
 350.84,  723.63,   96.28
 347.79,  726.87,  221.20
 344.75,  730.10,  346.12
 350.32,  848.59,   93.03
 347.28,  851.82,  217.95
 344.23,  855.06,  342.87
 476.32,  599.27,  102.55
 473.27,  602.51,  227.48
 470.23,  605.74,  352.40
 475.80,  724.23,   99.31
 472.76,  727.46,  224.23
 469.71,  730.70,  349.15
 475.28,  849.19,   96.06
 472.24,  852.42,  220.98
 469.19,  855.65,  345.90
 601.28,  599.87,  105.59
 598.24,  603.10,  230.51
 595.19,  606.34,  355.43
 600.76,  724.83,  102.34
 597.72,  728.06,  227.26
 594.67,  731.29,  352.18
 600.25,  849.79,   99.09
 597.20,  853.02,  224.01
 594.15,  856.25,  348.94
 351.86,  599.15,  223.10
 351.52,  597.99,  348.09
 351.17,  596.83,  473.08
 354.63,  724.11,  224.26
 354.28,  722.95,  349.26
 353.94,  721.80,  474.25
 357.39,  849.08,  225.43
 357.04,  847.92,  350.42
 356.70,  846.76,  475.42
 476.83,  596.38,  223.41
 476.49,  595.23,  348.41
 476.14,  594.07,  473.40
 479.59,  721.35,  224.58
 479.25,  720.19,  349.57
 478.90,  719.03,  474.57
 482.36,  846.31,  225.75
 482.01,  845.15,  350.74
 481.67,  844.00,  475.74
 601.80,  593.62,  223.73
 601.46,  592.46,  348.73
 601.11,  591.30,  473.72
 604.56,  718.58,  224.90
 604.22,  717.43,  349.89
 603.87,  716.27,  474.89
 607.32,  843.55,  226.07
 606.98,  842.39,  351.06
 606.63,  841.23,  476.05
 349.74,  600.03,  349.68
 347.53,  599.61,  474.66
 345.32,  599.19,  599.64
 353.28,  724.98,  350.17
 351.06,  724.56,  475.15
 348.85,  724.14,  600.13
 356.81,  849.93,  350.65
 354.60,  849.51,  475.63
 352.39,  849.09,  600.61
 474.67,  596.49,  351.88
 472.46,  596.07,  476.86
 470.25,  595.65,  601.84
 478.21,  721.44,  352.37
 475.99,  721.02,  477.34
 473.78,  720.60,  602.32
 481.74,  846.39,  352.85
 479.53,  845.97,  477.83
 477.32,  845.55,  602.81
 599.60,  592.95,  354.08
 597.39,  592.53,  479.06
 595.18,  592.11,  604.04
 603.14,  717.90,  354.56
 600.93,  717.48,  479.54
 598.71,  717.05,  604.52
 606.67,  842.85,  355.05
 604.46,  842.43,  480.03
 602.25,  842.00,  605.01
 350.96,  601.84,  474.94
 354.04,  602.18,  599.90
 357.12,  602.52,  724.86
 352.34,  726.83,  474.56
 355.42,  727.17,  599.52
 358.50,  727.51,  724.49
 353.73,  851.82,  474.19
 356.80,  852.16,  599.15
 359.88,  852.50,  724.11
 475.92,  600.45,  471.86
 478.99,  600.79,  596.83
 482.07,  601.13,  721.79
 477.30,  725.44,  471.49
 480.38,  725.78,  596.45
 483.45,  726.12,  721.41
 478.68,  850.43,  471.11
 481.76,  850.77,  596.08
 484.84,  851.11,  721.04
 600.87,  599.06,  468.79
 603.95,  599.40,  593.75
 607.03,  599.74,  718.71
 602.25,  724.05,  468.42
 605.33,  724.39,  593.38
 608.41,  724.73,  718.34
 603.63,  849.04,  468.04
 606.71,  849.38,  593.00
 609.79,  849.72,  717.96
 349.03,  600.20,  600.47
 348.21,  601.62,  725.46
 347.39,  603.04,  850.45
 352.58,  725.14,  599.07
 351.76,  726.56,  724.06
 350.95,  727.98,  849.05
 356.13,  850.08,  597.67
 355.31,  851.50,  722.66
 354.50,  852.92,  847.65
 473.98,  596.65,  601.33
 473.16,  598.08,  726.32
 472.34,  599.50,  851.30
 477.53,  721.60,  599.93
 476.71,  723.02,  724.92
 475.89,  724.44,  849.91
 481.08,  846.54,  598.53
 480.26,  847.96,  723.52
 479.44,  849.38,  848.51
 598.92,  593.11,  602.18
 598.11,  594.53,  727.17
 597.29,  595.96,  852.16
 602.47,  718.05,  600.79
 601.66,  719.48,  725.77
 600.84,  720.90,  850.76
 606.03,  843.00,  599.39
 605.21,  844.42,  724.38
 604.39,  845.84,  849.37
 475.52,  101.25,   98.39
 472.28,  100.31,  223.35
 469.03,   99.37,  348.30
 475.04,  226.25,   99.32
 471.80,  225.31,  224.27
 468.56,  224.37,  349.23
 474.57,  351.24,  100.25
 471.32,  350.30,  225.20
 468.08,  349.37,  350.16
 600.48,  101.71,  101.64
 597.24,  100.77,  226.59
 593.99,   99.83,  351.55
 600.00,  226.70,  102.57
 596.76,  225.76,  227.52
 593.51,  224.82,  352.48
 599.52,  351.70,  103.49
 596.28,  350.76,  228.45
 593.04,  349.82,  353.40
 725.44,  102.16,  104.89
 722.19,  101.22,  229.84
 718.95,  100.28,  354.80
 724.96,  227.15,  105.81
 721.72,  226.21,  230.77
 718.47,  225.28,  355.72
 724.48,  352.15,  106.74
 721.24,  351.21,  231.69
 717.99,  350.27,  356.65
 473.32,  100.56,  225.07
 470.37,  103.08,  350.01
 467.43,  105.60,  474.95
 474.05,  225.53,  222.57
 471.10,  228.05,  347.51
 468.16,  230.57,  472.45
 474.78,  350.50,  220.06
 471.83,  353.02,  345.00
 468.89,  355.54,  469.94
 598.28,   99.89,  228.03
 595.34,  102.41,  352.97
 592.39,  104.93,  477.91
 599.01,  224.86,  225.53
 596.07,  227.38,  350.46
 593.12,  229.90,  475.40
 599.74,  349.83,  223.02
 596.79,  352.35,  347.96
 593.85,  354.87,  472.90
 723.25,   99.22,  230.99
 720.30,  101.74,  355.93
 717.35,  104.26,  480.87
 723.97,  224.19,  228.48
 721.03,  226.71,  353.42
 718.08,  229.23,  478.36
 724.70,  349.16,  225.98
 721.76,  351.68,  350.92
 718.81,  354.20,  475.86
 475.59,   99.67,  349.21
 475.83,   99.13,  474.20
 476.07,   98.58,  599.20
 474.99,  224.67,  349.75
 475.23,  224.12,  474.75
 475.47,  223.58,  599.75
 474.39,  349.67,  350.30
 474.63,  349.12,  475.30
 474.87,  348.58,  600.30
 600.59,  100.27,  348.97
 600.83,   99.73,  473.97
 601.07,   99.18,  598.97
 599.99,  225.27,  349.52
 600.23,  224.72,  474.51
 600.47,  224.18,  599.51
 599.39,  350.27,  350.06
 599.63,  349.72,  475.06
 599.87,  349.18,  600.06
 725.59,  100.87,  348.73
 725.82,  100.33,  473.73
 726.06,   99.78,  598.73
 724.99,  225.87,  349.28
 725.23,  225.32,  474.28
 725.46,  224.78,  599.28
 724.39,  350.87,  349.83
 724.63,  350.32,  474.82
 724.87,  349.78,  599.82
 474.10,  101.68,  476.19
 476.33,   98.75,  601.14
 478.56,   95.83,  726.09
 474.79,  226.64,  479.10
 477.02,  223.72,  604.05
 479.25,  220.79,  729.00
 475.47,  351.61,  482.02
 477.70,  348.68,  606.96
 479.93,  345.76,  731.91
 599.08,  101.04,  473.95
 601.31,   98.12,  598.89
 603.54,   95.20,  723.84
 599.77,  226.01,  476.86
 601.99,  223.09,  601.81
 604.22,  220.16,  726.75
 600.45,  350.97,  479.77
 602.68,  348.05,  604.72
 604.91,  345.13,  729.66
 724.06,  100.41,  471.70
 726.29,   97.49,  596.65
 728.52,   94.57,  721.60
 724.74,  225.38,  474.62
 726.97,  222.45,  599.56
 729.20,  219.53,  724.51
 725.43,  350.34,  477.53
 727.66,  347.42,  602.47
 729.89,  344.49,  727.42
 475.52,   99.34,  600.57
 476.86,  101.11,  725.55
 478.21,  102.87,  850.53
 479.21,  224.28,  598.77
 480.55,  226.04,  723.75
 481.90,  227.80,  848.73
 482.90,  349.21,  596.96
 484.25,  350.97,  721.94
 485.59,  352.73,  846.92
 600.46,   95.63,  599.28
 601.80,   97.40,  724.26
 603.14,   99.16,  849.24
 604.15,  220.57,  597.47
 605.49,  222.33,  722.46
 606.84,  224.09,  847.44
 607.84,  345.50,  595.67
 609.18,  347.26,  720.65
 610.53,  349.02,  845.63
 725.40,   91.92,  597.99
 726.74,   93.69,  722.97
 728.08,   95.45,  847.95
 729.09,  216.86,  596.18
 730.43,  218.62,  721.16
 731.77,  220.38,  846.15
 732.78,  341.79,  594.38
 734.12,  343.55,  719.36
 735.47,  345.31,  844.34
 476.98,  225.28,   99.02
 480.67,  223.75,  223.96
 484.35,  222.22,  348.90
 474.73,  350.25,  100.62
 478.42,  348.72,  225.56
 482.10,  347.19,  350.50
 472.48,  475.22,  102.22
 476.17,  473.69,  227.16
 479.85,  472.16,  352.09
 601.91,  227.58,   95.37
 605.59,  226.04,  220.30
 609.28,  224.51,  345.24
 599.66,  352.55,   96.97
 603.34,  351.01,  221.90
 607.03,  349.48,  346.84
 597.41,  477.51,   98.56
 601.09,  475.98,  223.50
 604.78,  474.45,  348.44
 726.83,  229.87,   91.71
 730.52,  228.34,  216.65
 734.20,  226.81,  341.58
 724.58,  354.84,   93.31
 728.27,  353.31,  218.25
 731.95,  351.78,  343.18
 722.33,  479.81,   94.91
 726.02,  478.28,  219.84
 729.70,  476.75,  344.78
 476.75,  225.34,  223.14
 479.18,  222.33,  348.08
 481.61,  219.33,  473.02
 479.52,  350.27,  226.09
 481.95,  347.27,  351.03
 484.38,  344.27,  475.97
 482.29,  475.21,  229.04
 484.72,  472.20,  353.98
 487.15,  469.20,  478.92
 601.70,  222.63,  220.64
 604.12,  219.62,  345.58
 606.55,  216.62,  470.52
 604.47,  347.56,  223.59
 606.90,  344.56,  348.53
 609.32,  341.55,  473.47
 607.24,  472.49,  226.54
 609.67,  469.49,  351.48
 612.09,  466.49,  476.42
 726.64,  219.91,  218.15
 729.07,  216.91,  343.09
 731.50,  213.91,  468.03
 729.41,  344.85,  221.10
 731.84,  341.84,  346.04
 734.27,  338.84,  470.98
 732.18,  469.78,  224.05
 734.61,  466.78,  348.99
 737.04,  463.78,  473.93
 474.81,  223.87,  348.85
 475.35,  224.21,  473.85
 475.88,  224.55,  598.85
 477.50,  348.84,  348.50
 478.03,  349.18,  473.50
 478.57,  349.52,  598.50
 480.19,  473.81,  348.15
 480.72,  474.15,  473.15
 481.26,  474.49,  598.15
 599.78,  221.18,  348.32
 600.32,  221.52,  473.32
 600.85,  221.86,  598.32
 602.47,  346.15,  347.97
 603.00,  346.49,  472.97
 603.54,  346.83,  597.97
 605.16,  471.12,  347.63
 605.69,  471.46,  472.62
 606.23,  471.80,  597.62
 724.75,  218.49,  347.80
 725.29,  218.83,  472.79
 725.82,  219.17,  597.79
 727.44,  343.46,  347.45
 727.97,  343.80,  472.45
 728.51,  344.14,  597.44
 730.13,  468.43,  347.10
 730.66,  468.77,  472.10
 731.20,  469.11,  597.09
 474.20,  227.00,  475.06
 473.90,  228.51,  600.05
 473.59,  230.02,  725.05
 473.58,  351.99,  473.55
 473.28,  353.50,  598.54
 472.98,  355.01,  723.53
 472.96,  476.98,  472.04
 472.66,  478.49,  597.03
 472.36,  480.00,  722.02
 599.20,  227.62,  475.36
 598.89,  229.13,  600.35
 598.59,  230.64,  725.34
 598.58,  352.61,  473.85
 598.28,  354.12,  598.84
 597.97,  355.63,  723.83
 597.96,  477.60,  472.33
 597.66,  479.11,  597.32
 597.36,  480.62,  722.31
 724.19,  228.24,  475.65
 723.89,  229.75,  600.64
 723.59,  231.26,  725.63
 723.58,  353.23,  474.14
 723.27,  354.74,  599.13
 722.97,  356.25,  724.12
 722.96,  478.22,  472.63
 722.66,  479.73,  597.62
 722.36,  481.24,  722.61
 474.39,  223.49,  601.53
 475.20,  225.68,  726.51
 476.01,  227.88,  851.49
 471.05,  348.42,  599.35
 471.86,  350.62,  724.33
 472.67,  352.82,  849.31
 467.71,  473.36,  597.18
 468.52,  475.56,  722.16
 469.33,  477.75,  847.14
 599.34,  226.81,  600.66
 600.15,  229.01,  725.64
 600.96,  231.21,  850.62
 596.00,  351.75,  598.49
 596.81,  353.95,  723.47
 597.62,  356.14,  848.44
 592.66,  476.69,  596.31
 593.47,  478.88,  721.29
 594.28,  481.08,  846.27
 724.30,  230.14,  599.80
 725.10,  232.34,  724.77
 725.91,  234.53,  849.75
 720.95,  355.08,  597.62
 721.76,  357.27,  722.60
 722.57,  359.47,  847.58
 717.61,  480.01,  595.45
 718.42,  482.21,  720.42
 719.23,  484.41,  845.40
 473.05,  348.87,   98.94
 472.84,  345.76,  223.91
 472.63,  342.65,  348.87
 470.40,  473.80,  102.05
 470.19,  470.69,  227.01
 469.98,  467.58,  351.97
 467.76,  598.73,  105.15
 467.54,  595.62,  230.11
 467.33,  592.52,  355.07
 598.03,  351.51,   99.22
 597.81,  348.40,  224.18
 597.60,  345.29,  349.15
 595.38,  476.44,  102.33
 595.16,  473.33,  227.29
 594.95,  470.22,  352.25
 592.73,  601.37,  105.43
 592.51,  598.27,  230.39
 592.30,  595.16,  355.35
 723.00,  354.15,   99.50
 722.78,  351.04,  224.46
 722.57,  347.93,  349.42
 720.35,  479.08,  102.60
 720.14,  475.98,  227.57
 719.92,  472.87,  352.53
 717.70,  604.02,  105.71
 717.49,  600.91,  230.67
 717.27,  597.80,  355.63
 473.49,  350.42,  224.18
 472.09,  353.91,  349.12
 470.68,  357.39,  474.07
 475.04,  475.37,  220.71
 473.64,  478.85,  345.66
 472.23,  482.33,  470.60
 476.60,  600.31,  217.25
 475.19,  603.79,  342.19
 473.79,  607.28,  467.13
 598.47,  348.91,  225.63
 597.07,  352.40,  350.57
 595.66,  355.88,  475.51
 600.03,  473.85,  222.16
 598.62,  477.34,  347.10
 597.22,  480.82,  472.05
 601.58,  598.80,  218.69
 600.17,  602.28,  343.64
 598.77,  605.76,  468.58
 723.46,  347.40,  227.07
 722.05,  350.88,  352.02
 720.65,  354.37,  476.96
 725.01,  472.34,  223.61
 723.60,  475.83,  348.55
 722.20,  479.31,  473.49
 726.56,  597.28,  220.14
 725.16,  600.77,  345.08
 723.75,  604.25,  470.03
 475.13,  348.08,  350.23
 477.11,  347.07,  475.21
 479.10,  346.06,  600.19
 474.68,  473.07,  351.24
 476.67,  472.06,  476.22
 478.66,  471.06,  601.20
 474.24,  598.07,  352.25
 476.23,  597.06,  477.23
 478.22,  596.05,  602.21
 600.11,  348.53,  348.24
 602.10,  347.53,  473.22
 604.09,  346.52,  598.20
 599.67,  473.53,  349.25
 601.66,  472.52,  474.23
 603.64,  471.52,  599.21
 599.22,  598.52,  350.27
 601.21,  597.52,  475.25
 603.20,  596.51,  600.23
 725.09,  348.99,  346.26
 727.08,  347.99,  471.24
 729.07,  346.98,  596.22
 724.65,  473.99,  347.27
 726.64,  472.98,  472.25
 728.63,  471.97,  597.23
 724.21,  598.98,  348.28
 726.20,  597.98,  473.26
 728.18,  596.97,  598.24
 474.35,  351.82,  474.34
 477.11,  350.68,  599.30
 479.87,  349.54,  724.27
 477.83,  476.77,  475.40
 480.58,  475.63,  600.36
 483.34,  474.49,  725.33
 481.30,  601.72,  476.46
 484.05,  600.58,  601.43
 486.81,  599.44,  726.39
 599.27,  348.38,  471.55
 602.03,  347.24,  596.51
 604.79,  346.10,  721.48
 602.75,  473.32,  472.61
 605.50,  472.18,  597.58
 608.26,  471.04,  722.54
 606.22,  598.27,  473.67
 608.98,  597.13,  598.64
 611.73,  595.99,  723.60
 724.20,  344.93,  468.76
 726.95,  343.79,  593.73
 729.71,  342.65,  718.69
 727.67,  469.87,  469.83
 730.42,  468.74,  594.79
 733.18,  467.60,  719.75
 731.14,  594.82,  470.89
 733.90,  593.68,  595.85
 736.65,  592.54,  720.82
 475.83,  349.13,  601.33
 474.66,  347.76,  726.32
 473.48,  346.39,  851.30
 474.97,  474.12,  602.69
 473.79,  472.75,  727.68
 472.62,  471.38,  852.66
 474.11,  599.11,  604.05
 472.93,  597.74,  729.04
 471.75,  596.37,  854.03
 600.83,  349.98,  602.52
 599.65,  348.61,  727.50
 598.47,  347.24,  852.49
 599.96,  474.97,  603.88
 598.79,  473.60,  728.86
 597.61,  472.23,  853.85
 599.10,  599.96,  605.24
 597.92,  598.59,  730.23
 596.74,  597.22,  855.21
 725.82,  350.83,  603.70
 724.64,  349.46,  728.69
 723.46,  348.09,  853.68
 724.96,  475.82,  605.07
 723.78,  474.45,  730.05
 722.60,  473.08,  855.04
 724.09,  600.81,  606.43
 722.91,  599.44,  731.41
 721.74,  598.07,  856.40
 476.42,  476.24,  100.77
 477.67,  474.55,  225.75
 478.92,  472.86,  350.73
 473.43,  601.19,  102.49
 474.68,  599.50,  227.47
 475.93,  597.81,  352.45
 470.44,  726.14,  104.21
 471.69,  724.45,  229.19
 472.94,  722.76,  354.17
 601.38,  479.24,   99.56
 602.63,  477.55,  224.54
 603.87,  475.86,  349.52
 598.39,  604.19,  101.28
 599.64,  602.50,  226.26
 600.89,  600.81,  351.24
 595.40,  729.15,  103.00
 596.65,  727.46,  227.98
 597.90,  725.77,  352.96
 726.34,  482.25,   98.35
 727.58,  480.56,  223.33
 728.83,  478.87,  348.32
 723.35,  607.20,  100.07
 724.60,  605.51,  225.05
 725.84,  603.82,  350.04
 720.36,  732.15,  101.79
 721.61,  730.46,  226.77
 722.86,  728.77,  351.76
 474.27,  475.77,  226.80
 474.75,  472.88,  351.76
 475.23,  470.00,  476.73
 477.63,  600.69,  229.66
 478.11,  597.81,  354.63
 478.59,  594.92,  479.60
 480.98,  725.61,  232.53
 481.46,  722.73,  357.50
 481.95,  719.85,  482.46
 599.22,  472.42,  226.24
 599.71,  469.54,  351.20
 600.19,  466.66,  476.17
 602.58,  597.34,  229.10
 603.06,  594.46,  354.07
 603.55,  591.58,  479.04
 605.94,  722.27,  231.97
 606.42,  719.38,  356.94
 606.90,  716.50,  481.90
 724.18,  469.08,  225.68
 724.66,  466.19,  350.64
 725.14,  463.31,  475.61
 727.53,  594.00,  228.54
 728.02,  591.12,  353.51
 728.50,  588.24,  478.48
 730.89,  718.92,  231.41
 731.37,  716.04,  356.38
 731.86,  713.16,  481.34
 473.08,  475.32,  350.79
 471.16,  472.63,  475.75
 469.24,  469.95,  600.71
 474.62,  600.28,  353.50
 472.71,  597.60,  478.46
 470.79,  594.91,  603.41
 476.17,  725.24,  356.21
 474.25,  722.56,  481.17
 472.33,  719.87,  606.12
 598.05,  473.73,  352.68
 596.14,  471.05,  477.63
 594.22,  468.36,  602.59
 599.60,  598.69,  355.39
 597.68,  596.01,  480.34
 595.76,  593.33,  605.30
 601.14,  723.66,  358.09
 599.23,  720.97,  483.05
 597.31,  718.29,  608.01
 723.03,  472.15,  354.56
 721.11,  469.46,  479.52
 719.19,  466.78,  604.48
 724.58,  597.11,  357.27
 722.66,  594.42,  482.23
 720.74,  591.74,  607.18
 726.12,  722.07,  359.98
 724.20,  719.39,  484.94
 722.28,  716.70,  609.89
 473.98,  476.68,  473.32
 470.98,  474.07,  598.26
 467.98,  471.46,  723.19
 470.95,  601.61,  475.85
 467.95,  599.01,  600.79
 464.94,  596.40,  725.73
 467.91,  726.55,  478.39
 464.91,  723.94,  603.33
 461.91,  721.34,  728.26
 598.91,  479.65,  476.38
 595.91,  477.04,  601.32
 592.91,  474.43,  726.26
 595.88,  604.59,  478.92
 592.87,  601.98,  603.85
 589.87,  599.37,  728.79
 592.84,  729.52,  481.45
 589.84,  726.92,  606.39
 586.84,  724.31,  731.33
 723.84,  482.62,  479.45
 720.83,  480.01,  604.38
 717.83,  477.41,  729.32
 720.80,  607.56,  481.98
 717.80,  604.95,  606.92
 714.80,  602.34,  731.86
 717.77,  732.50,  484.52
 714.77,  729.89,  609.45
 711.76,  727.28,  734.39
 476.47,  475.59,  600.42
 473.79,  473.10,  725.36
 471.12,  470.61,  850.31
 475.00,  600.56,  602.88
 472.33,  598.07,  727.83
 469.65,  595.58,  852.77
 473.54,  725.53,  605.34
 470.86,  723.03,  730.29
 468.19,  720.54,  855.23
 601.43,  477.00,  603.12
 598.76,  474.51,  728.07
 596.08,  472.02,  853.01
 599.97,  601.97,  605.58
 597.29,  599.48,  730.53
 594.61,  596.99,  855.48
 598.50,  726.94,  608.04
 595.82,  724.45,  732.99
 593.15,  721.95,  857.94
 726.39,  478.42,  605.83
 723.72,  475.92,  730.77
 721.04,  473.43,  855.72
 724.93,  603.38,  608.29
 722.25,  600.89,  733.23
 719.58,  598.40,  858.18
 723.46,  728.35,  610.75
 720.79,  725.86,  735.70
 718.11,  723.37,  860.64
 475.73,  598.77,  101.21
 474.55,  599.90,  226.20
 473.36,  601.02,  351.19
 479.02,  723.72,  100.12
 477.84,  724.85,  225.11
 476.65,  725.97,  350.10
 482.31,  848.68,   99.03
 481.13,  849.80,  224.02
 479.94,  850.92,  349.01
 600.68,  595.49,  102.42
 599.50,  596.62,  227.41
 598.31,  597.74,  352.40
 603.97,  720.44,  101.33
 602.79,  721.57,  226.32
 601.60,  722.69,  351.31
 607.26,  845.40,  100.24
 606.08,  846.52,  225.23
 604.89,  847.64,  350.22
 725.63,  592.21,  103.64
 724.45,  593.34,  228.62
 723.26,  594.46,  353.61
 728.92,  717.16,  102.54
 727.74,  718.29,  227.53
 726.56,  719.41,  352.52
 732.21,  842.12,  101.45
 731.03,  843.24,  226.44
 729.85,  844.36,  351.43
 475.37,  599.42,  224.78
 473.81,  602.40,  349.74
 472.25,  605.38,  474.69
 476.98,  724.38,  221.82
 475.41,  727.36,  346.78
 473.85,  730.34,  471.73
 478.58,  849.33,  218.86
 477.01,  852.31,  343.81
 475.45,  855.29,  468.77
 600.35,  597.86,  226.38
 598.79,  600.84,  351.34
 597.23,  603.82,  476.29
 601.96,  722.81,  223.42
 600.39,  725.79,  348.38
 598.83,  728.77,  473.33
 603.56,  847.77,  220.46
 601.99,  850.75,  345.42
 600.43,  853.73,  470.37
 725.33,  596.29,  227.98
 723.77,  599.28,  352.94
 722.21,  602.26,  477.89
 726.94,  721.25,  225.02
 725.37,  724.23,  349.98
 723.81,  727.21,  474.93
 728.54,  846.20,  222.06
 726.97,  849.18,  347.02
 725.41,  852.17,  471.97
 474.37,  599.55,  349.62
 475.64,  599.45,  474.61
 476.91,  599.35,  599.60
 473.79,  724.55,  349.72
 475.06,  724.45,  474.72
 476.34,  724.34,  599.71
 473.21,  849.55,  349.83
 474.49,  849.44,  474.82
 475.76,  849.34,  599.82
 599.36,  600.13,  348.34
 600.63,  600.03,  473.34
 601.91,  599.92,  598.33
 598.78,  725.13,  348.45
 600.06,  725.02,  473.44
 601.33,  724.92,  598.44
 598.21,  850.13,  348.56
 599.48,  850.02,  473.55
 600.75,  849.92,  598.55
 724.35,  600.71,  347.07
 725.63,  600.61,  472.06
 726.90,  600.50,  597.06
 723.78,  725.71,  347.18
 725.05,  725.60,  472.17
 726.32,  725.50,  597.17
 723.20,  850.70,  347.29
 724.47,  850.60,  472.28
 725.74,  850.50,  597.27
 473.30,  598.61,  473.91
 474.35,  598.09,  598.91
 475.41,  597.56,  723.90
 472.51,  723.61,  474.44
 473.57,  723.08,  599.44
 474.62,  722.56,  724.43
 471.72,  848.61,  474.98
 472.78,  848.08,  599.97
 473.84,  847.56,  724.96
 598.29,  599.41,  472.86
 599.35,  598.88,  597.85
 600.40,  598.35,  722.85
 597.50,  724.40,  473.39
 598.56,  723.88,  598.38
 599.62,  723.35,  723.38
 596.71,  849.40,  473.92
 597.77,  848.87,  598.92
 598.83,  848.35,  723.91
 723.28,  600.20,  471.80
 724.34,  599.67,  596.80
 725.40,  599.15,  721.79
 722.49,  725.20,  472.34
 723.55,  724.67,  597.33
 724.61,  724.14,  722.32
 721.71,  850.19,  472.87
 722.76,  849.67,  597.86
 723.82,  849.14,  722.86
 476.61,  599.51,  599.83
 478.39,  601.71,  724.80
 480.17,  603.92,  849.77
 477.76,  724.48,  597.61
 479.53,  726.69,  722.58
 481.31,  728.90,  847.54
 478.90,  849.46,  595.38
 480.68,  851.66,  720.35
 482.46,  853.87,  845.32
 601.59,  598.33,  598.07
 603.37,  600.54,  723.04
 605.15,  602.75,  848.01
 602.74,  723.31,  595.85
 604.52,  725.51,  720.82
 606.30,  727.72,  845.79
 603.88,  848.28,  593.63
 605.66,  850.49,  718.59
 607.44,  852.70,  843.56
 726.58,  597.16,  596.31
 728.36,  599.36,  721.28
 730.13,  601.57,  846.25
 727.72,  722.13,  594.09
 729.50,  724.34,  719.06
 731.28,  726.55,  844.03
 728.86,  847.11,  591.87
 730.64,  849.31,  716.83
 732.42,  851.52,  841.80
 601.52,  101.40,   99.40
 601.22,  101.47,  224.40
 600.92,  101.54,  349.40
 601.55,  226.40,   99.33
 601.25,  226.47,  224.33
 600.95,  226.54,  349.33
 601.58,  351.40,   99.26
 601.28,  351.47,  224.26
 600.98,  351.54,  349.26
 726.52,  101.37,   99.70
 726.22,  101.44,  224.70
 725.92,  101.51,  349.70
 726.55,  226.37,   99.63
 726.25,  226.44,  224.63
 725.95,  226.51,  349.63
 726.58,  351.37,   99.56
 726.28,  351.44,  224.56
 725.97,  351.51,  349.56
 851.52,  101.34,  100.00
 851.22,  101.41,  225.00
 850.92,  101.48,  350.00
 851.55,  226.34,   99.93
 851.25,  226.41,  224.93
 850.94,  226.48,  349.93
 851.58,  351.34,   99.86
 851.28,  351.41,  224.86
 850.97,  351.48,  349.86
 600.63,   99.20,  225.65
 597.72,  102.54,  350.57
 594.80,  105.88,  475.49
 600.14,  224.15,  222.29
 597.23,  227.49,  347.22
 594.31,  230.83,  472.14
 599.65,  349.11,  218.94
 596.73,  352.45,  343.86
 593.82,  355.79,  468.79
 725.60,   99.77,  228.55
 722.68,  103.11,  353.47
 719.77,  106.45,  478.39
 725.11,  224.72,  225.20
 722.19,  228.06,  350.12
 719.28,  231.40,  475.04
 724.62,  349.68,  221.84
 721.70,  353.02,  346.77
 718.78,  356.36,  471.69
 850.56,  100.34,  231.45
 847.65,  103.68,  356.37
 844.73,  107.02,  481.29
 850.07,  225.29,  228.10
 847.16,  228.63,  353.02
 844.24,  231.97,  477.94
 849.58,  350.25,  224.75
 846.66,  353.59,  349.67
 843.75,  356.93,  474.59
 598.81,  101.37,  349.31
 602.32,  101.29,  474.26
 605.82,  101.22,  599.21
 601.82,  226.34,  349.30
 605.32,  226.26,  474.25
 608.82,  226.18,  599.20
 604.82,  351.30,  349.29
 608.32,  351.22,  474.25
 611.83,  351.15,  599.20
 723.73,   98.37,  345.81
 727.23,   98.29,  470.76
 730.73,   98.22,  595.71
 726.73,  223.33,  345.80
 730.23,  223.26,  470.75
 733.74,  223.18,  595.70
 729.74,  348.30,  345.79
 733.24,  348.22,  470.74
 736.74,  348.14,  595.69
 848.64,   95.37,  342.30
 852.15,   95.29,  467.25
 855.65,   95.21,  592.21
 851.65,  220.33,  342.30
 855.15,  220.25,  467.25
 858.65,  220.18,  592.20
 854.65,  345.29,  342.29
 858.15,  345.22,  467.24
 861.66,  345.14,  592.19
 600.66,  101.73,  476.83
 600.87,  103.28,  601.82
 601.08,  104.83,  726.81
 599.18,  226.71,  475.29
 599.39,  228.26,  600.28
 599.60,  229.81,  725.27
 597.70,  351.69,  473.74
 597.91,  353.24,  598.73
 598.12,  354.79,  723.72
 725.65,  103.20,  476.61
 725.86,  104.75,  601.60
 726.07,  106.30,  726.59
 724.17,  228.18,  475.06
 724.38,  229.73,  600.05
 724.59,  231.28,  725.04
 722.69,  353.17,  473.51
 722.90,  354.72,  598.50
 723.11,  356.27,  723.49
 850.64,  104.68,  476.38
 850.85,  106.23,  601.37
 851.06,  107.78,  726.36
 849.16,  229.66,  474.83
 849.37,  231.21,  599.82
 849.58,  232.76,  724.81
 847.68,  354.64,  473.28
 847.89,  356.19,  598.27
 848.10,  357.74,  723.26
 598.18,   98.55,  598.75
 596.65,   97.95,  723.74
 595.12,   97.34,  848.73
 597.68,  223.55,  599.35
 596.15,  222.95,  724.33
 594.62,  222.34,  849.32
 597.17,  348.55,  599.94
 595.64,  347.94,  724.93
 594.12,  347.34,  849.92
 723.17,   99.05,  600.28
 721.64,   98.45,  725.27
 720.11,   97.84,  850.26
 722.66,  224.05,  600.88
 721.14,  223.44,  725.86
 719.61,  222.84,  850.85
 722.16,  349.05,  601.47
 720.63,  348.44,  726.46
 719.11,  347.84,  851.45
 848.16,   99.55,  601.81
 846.63,   98.94,  726.80
 845.10,   98.34,  851.79
 847.65,  224.55,  602.41
 846.13,  223.94,  727.39
 844.60,  223.34,  852.38
 847.15,  349.54,  603.00
 845.62,  348.94,  727.99
 844.09,  348.33,  852.98
 601.01,  225.90,  100.67
 603.20,  229.42,  225.61
 605.39,  232.93,  350.54
 598.02,  350.82,   97.21
 600.22,  354.33,  222.14
 602.41,  357.85,  347.07
 595.04,  475.73,   93.75
 597.23,  479.25,  218.68
 599.43,  482.76,  343.61
 725.95,  228.82,   98.40
 728.14,  232.34,  223.33
 730.34,  235.85,  348.26
 722.97,  353.74,   94.94
 725.16,  357.25,  219.87
 727.35,  360.77,  344.80
 719.99,  478.66,   91.48
 722.18,  482.17,  216.41
 724.37,  485.68,  341.34
 850.90,  231.74,   96.12
 853.09,  235.26,  221.06
 855.28,  238.77,  345.99
 847.91,  356.66,   92.66
 850.11,  360.17,  217.59
 852.30,  363.69,  342.52
 844.93,  481.58,   89.20
 847.12,  485.09,  214.13
 849.32,  488.60,  339.06
 600.68,  226.48,  226.10
 600.54,  222.88,  351.05
 600.40,  219.28,  476.00
 602.80,  351.41,  229.70
 602.66,  347.81,  354.65
 602.52,  344.21,  479.60
 604.92,  476.34,  233.30
 604.78,  472.74,  358.25
 604.64,  469.14,  483.20
 725.66,  224.36,  226.18
 725.52,  220.76,  351.13
 725.39,  217.16,  476.08
 727.78,  349.29,  229.78
 727.64,  345.69,  354.73
 727.50,  342.09,  479.68
 729.90,  474.22,  233.38
 729.76,  470.62,  358.33
 729.62,  467.02,  483.28
 850.64,  222.24,  226.26
 850.51,  218.64,  351.21
 850.37,  215.04,  476.15
 852.76,  347.17,  229.86
 852.62,  343.57,  354.81
 852.48,  339.97,  479.76
 854.88,  472.10,  233.46
 854.74,  468.50,  358.41
 854.60,  464.90,  483.36
 600.30,  223.05,  351.68
 601.63,  226.66,  476.62
 602.97,  230.26,  601.56
 598.93,  347.99,  348.09
 600.26,  351.60,  473.03
 601.60,  355.20,  597.97
 597.56,  472.94,  344.50
 598.89,  476.54,  469.44
 600.23,  480.14,  594.38
 725.28,  224.38,  350.30
 726.62,  227.99,  475.24
 727.95,  231.59,  600.19
 723.91,  349.33,  346.72
 725.25,  352.93,  471.66
 726.58,  356.53,  596.60
 722.54,  474.27,  343.13
 723.88,  477.87,  468.07
 725.21,  481.47,  593.01
 850.27,  225.72,  348.93
 851.60,  229.32,  473.87
 852.94,  232.92,  598.81
 848.90,  350.66,  345.34
 850.23,  354.26,  470.28
 851.57,  357.86,  595.22
 847.53,  475.60,  341.75
 848.86,  479.20,  466.70
 850.20,  482.80,  591.64
 600.94,  226.34,  473.20
 599.33,  222.88,  598.14
 597.72,  219.43,  723.08
 601.84,  351.29,  476.67
 600.23,  347.83,  601.61
 598.62,  344.38,  726.55
 602.74,  476.24,  480.14
 601.13,  472.78,  605.08
 599.51,  469.32,  730.02
 725.93,  225.40,  474.78
 724.31,  221.94,  599.73
 722.70,  218.48,  724.67
 726.83,  350.35,  478.25
 725.21,  346.89,  603.20
 723.60,  343.43,  728.14
 727.73,  475.30,  481.72
 726.11,  471.84,  606.66
 724.50,  468.38,  731.61
 850.91,  224.45,  476.37
 849.30,  221.00,  601.31
 847.69,  217.54,  726.25
 851.81,  349.40,  479.84
 850.20,  345.95,  604.78
 848.59,  342.49,  729.72
 852.71,  474.35,  483.31
 851.10,  470.89,  608.25
 849.49,  467.44,  733.19
 598.92,  225.67,  600.78
 599.42,  224.87,  725.78
 599.91,  224.08,  850.77
 601.92,  350.63,  601.56
 602.41,  349.84,  726.56
 602.91,  349.04,  851.56
 604.92,  475.59,  602.35
 605.41,  474.80,  727.35
 605.90,  474.00,  852.34
 723.89,  222.68,  600.27
 724.38,  221.88,  725.27
 724.87,  221.08,  850.26
 726.88,  347.64,  601.05
 727.38,  346.84,  726.05
 727.87,  346.05,  851.05
 729.88,  472.60,  601.84
 730.37,  471.80,  726.83
 730.87,  471.01,  851.83
 848.85,  219.68,  599.76
 849.34,  218.89,  724.75
 849.83,  218.09,  849.75
 851.85,  344.64,  600.54
 852.34,  343.85,  725.54
 852.83,  343.05,  850.54
 854.84,  469.61,  601.33
 855.34,  468.81,  726.32
 855.83,  468.01,  851.32
 600.25,  350.54,  100.43
 599.11,  351.35,  225.42
 597.97,  352.16,  350.41
 596.90,  475.49,   99.59
 595.75,  476.30,  224.58
 594.61,  477.11,  349.57
 593.54,  600.45,   98.75
 592.40,  601.25,  223.74
 591.26,  602.06,  348.73
 725.20,  353.90,  101.55
 724.06,  354.71,  226.54
 722.92,  355.52,  351.53
 721.85,  478.86,  100.71
 720.70,  479.67,  225.70
 719.56,  480.48,  350.69
 718.49,  603.81,   99.87
 717.35,  604.62,  224.86
 716.21,  605.43,  349.85
 850.15,  357.27,  102.67
 849.01,  358.08,  227.66
 847.87,  358.89,  352.65
 846.80,  482.22,  101.83
 845.65,  483.03,  226.82
 844.51,  483.84,  351.81
 843.44,  607.17,  100.99
 842.30,  607.98,  225.98
 841.16,  608.79,  350.97
 598.54,  350.68,  226.92
 595.85,  352.97,  351.87
 593.16,  355.26,  476.82
 595.30,  475.62,  224.57
 592.61,  477.91,  349.52
 589.92,  480.20,  474.47
 592.06,  600.56,  222.21
 589.37,  602.84,  347.16
 586.68,  605.13,  472.11
 723.47,  353.97,  229.55
 720.78,  356.26,  354.50
 718.09,  358.55,  479.45
 720.23,  478.91,  227.19
 717.54,  481.20,  352.14
 714.85,  483.49,  477.09
 716.98,  603.85,  224.84
 714.30,  606.13,  349.79
 711.61,  608.42,  474.74
 848.40,  357.26,  232.18
 845.71,  359.55,  357.13
 843.02,  361.84,  482.08
 845.15,  482.20,  229.82
 842.47,  484.49,  354.77
 839.78,  486.78,  479.72
 841.91,  607.14,  227.46
 839.22,  609.42,  352.41
 836.54,  611.71,  477.36
 601.03,  348.45,  348.44
 597.28,  348.09,  473.39
 593.54,  347.73,  598.33
 603.81,  473.42,  348.89
 600.06,  473.06,  473.83
 596.32,  472.70,  598.77
 606.58,  598.39,  349.33
 602.84,  598.03,  474.27
 599.09,  597.67,  599.22
 725.94,  345.66,  352.18
 722.20,  345.30,  477.12
 718.45,  344.94,  602.07
 728.72,  470.63,  352.62
 724.97,  470.27,  477.57
 721.23,  469.91,  602.51
 731.50,  595.60,  353.06
 727.75,  595.24,  478.01
 724.01,  594.88,  602.95
 850.85,  342.87,  355.92
 847.11,  342.51,  480.86
 843.37,  342.15,  605.80
 853.63,  467.84,  356.36
 849.89,  467.48,  481.30
 846.14,  467.12,  606.24
 856.41,  592.81,  356.80
 852.66,  592.45,  481.74
 848.92,  592.09,  606.69
 601.47,  348.12,  474.82
 602.28,  350.60,  599.79
 603.09,  353.08,  724.77
 599.04,  473.08,  472.36
 599.85,  475.55,  597.33
 600.66,  478.03,  722.30
 596.61,  598.03,  469.90
 597.42,  600.51,  594.87
 598.22,  602.98,  719.84
 726.45,  350.54,  473.96
 727.26,  353.02,  598.94
 728.06,  355.50,  723.91
 724.02,  475.49,  471.50
 724.82,  477.97,  596.48
 725.63,  480.45,  721.45
 721.58,  600.44,  469.04
 722.39,  602.92,  594.01
 723.20,  605.40,  718.99
 851.42,  352.96,  473.11
 852.23,  355.43,  598.08
 853.04,  357.91,  723.05
 848.99,  477.91,  470.65
 849.80,  480.39,  595.62
 850.60,  482.86,  720.59
 846.56,  602.86,  468.18
 847.36,  605.34,  593.16
 848.17,  607.82,  718.13
 601.22,  348.50,  600.47
 599.90,  346.67,  725.45
 598.58,  344.85,  850.43
 597.57,  473.44,  602.26
 596.25,  471.61,  727.24
 594.94,  469.78,  852.22
 593.93,  598.37,  604.05
 592.61,  596.54,  729.03
 591.29,  594.72,  854.01
 726.16,  352.13,  601.84
 724.84,  350.30,  726.82
 723.52,  348.47,  851.80
 722.51,  477.06,  603.63
 721.19,  475.23,  728.61
 719.88,  473.41,  853.59
 718.87,  602.00,  605.42
 717.55,  600.17,  730.40
 716.23,  598.34,  855.38
 851.10,  355.75,  603.21
 849.78,  353.93,  728.19
 848.46,  352.10,  853.17
 847.45,  480.69,  605.00
 846.13,  478.86,  729.98
 844.82,  477.03,  854.96
 843.81,  605.62,  606.79
 842.49,  603.80,  731.77
 841.17,  601.97,  856.75
 599.58,  473.59,  101.20
 602.36,  471.82,  226.15
 605.14,  470.06,  351.11
 603.04,  598.53,  102.88
 605.82,  596.76,  227.84
 608.60,  595.00,  352.80
 606.50,  723.47,  104.57
 609.28,  721.70,  229.53
 612.07,  719.94,  354.48
 724.50,  470.16,   98.37
 727.28,  468.40,  223.32
 730.06,  466.64,  348.28
 727.96,  595.10,  100.05
 730.74,  593.34,  225.01
 733.52,  591.58,  349.97
 731.42,  720.04,  101.74
 734.21,  718.28,  226.70
 736.99,  716.52,  351.65
 849.42,  466.74,   95.54
 852.20,  464.97,  220.49
 854.98,  463.21,  345.45
 852.88,  591.68,   97.22
 855.66,  589.91,  222.18
 858.45,  588.15,  347.14
 856.34,  716.62,   98.91
 859.13,  714.86,  223.87
 861.91,  713.09,  348.82
 598.96,  476.88,  225.33
 599.37,  475.93,  350.33
 599.79,  474.98,  475.33
 602.12,  601.83,  226.27
 602.53,  600.88,  351.27
 602.94,  599.94,  476.26
 605.27,  726.79,  227.21
 605.68,  725.84,  352.21
 606.10,  724.89,  477.20
 723.92,  473.72,  224.90
 724.33,  472.78,  349.89
 724.74,  471.83,  474.89
 727.08,  598.68,  225.84
 727.49,  597.73,  350.83
 727.90,  596.78,  475.83
 730.23,  723.64,  226.77
 730.64,  722.69,  351.77
 731.06,  721.74,  476.77
 848.88,  470.57,  224.46
 849.29,  469.62,  349.46
 849.70,  468.67,  474.45
 852.03,  595.53,  225.40
 852.45,  594.58,  350.40
 852.86,  593.63,  475.39
 855.19,  720.48,  226.34
 855.60,  719.54,  351.33
 856.02,  718.59,  476.33
 601.53,  474.86,  348.35
 602.60,  477.45,  473.32
 603.67,  480.04,  598.29
 602.48,  599.83,  345.75
 603.54,  602.42,  470.72
 604.61,  605.01,  595.69
 603.42,  724.80,  343.15
 604.48,  727.39,  468.12
 605.55,  729.98,  593.09
 726.53,  473.90,  347.31
 727.59,  476.49,  472.27
 728.66,  479.08,  597.24
 727.47,  598.87,  344.71
 728.53,  601.46,  469.67
 729.60,  604.05,  594.64
 728.41,  723.84,  342.11
 729.48,  726.43,  467.07
 730.54,  729.02,  592.04
 851.52,  472.93,  346.26
 852.58,  475.53,  471.23
 853.65,  478.12,  596.20
 852.46,  597.90,  343.66
 853.53,  600.50,  468.63
 854.59,  603.09,  593.60
 853.40,  722.87,  341.06
 854.47,  725.46,  466.03
 855.53,  728.06,  591.00
 600.64,  474.96,  474.15
 603.29,  472.12,  599.09
 605.94,  469.28,  724.03
 603.90,  599.89,  476.93
 606.55,  597.05,  601.87
 609.20,  594.21,  726.81
 607.15,  724.82,  479.70
 609.80,  721.98,  604.64
 612.45,  719.13,  729.58
 725.57,  471.77,  471.43
 728.22,  468.93,  596.37
 730.87,  466.08,  721.31
 728.82,  596.70,  474.21
 731.47,  593.85,  599.14
 734.12,  591.01,  724.08
 732.08,  721.62,  476.98
 734.73,  718.78,  601.92
 737.38,  715.94,  726.86
 850.50,  468.57,  468.71
 853.15,  465.73,  593.65
 855.80,  462.89,  718.59
 853.75,  593.50,  471.48
 856.40,  590.66,  596.42
 859.05,  587.81,  721.36
 857.01,  718.43,  474.26
 859.66,  715.58,  599.20
 862.31,  712.74,  724.14
 601.91,  474.35,  598.81
 601.03,  476.33,  723.80
 600.16,  478.30,  848.78
 604.52,  599.31,  596.86
 603.64,  601.28,  721.84
 602.77,  603.26,  846.82
 607.13,  724.27,  594.91
 606.25,  726.24,  719.89
 605.38,  728.21,  844.87
 726.88,  471.76,  599.73
 726.00,  473.73,  724.71
 725.13,  475.70,  849.69
 729.49,  596.71,  597.78
 728.61,  598.69,  722.76
 727.74,  600.66,  847.74
 732.10,  721.67,  595.82
 731.22,  723.64,  720.80
 730.35,  725.62,  845.78
 851.85,  469.16,  600.65
 850.97,  471.13,  725.63
 850.10,  473.11,  850.61
 854.46,  594.12,  598.69
 853.58,  596.09,  723.67
 852.71,  598.06,  848.65
 857.07,  719.07,  596.74
 856.19,  721.05,  721.72
 855.32,  723.02,  846.70
 598.71,  599.70,  101.60
 602.10,  601.60,  226.54
 605.48,  603.51,  351.48
 596.70,  724.67,   99.75
 600.09,  726.57,  224.68
 603.47,  728.48,  349.62
 594.69,  849.64,   97.89
 598.08,  851.54,  222.83
 601.46,  853.45,  347.77
 723.65,  601.66,   98.18
 727.04,  603.56,  223.12
 730.42,  605.47,  348.06
 721.64,  726.63,   96.33
 725.03,  728.53,  221.27
 728.41,  730.44,  346.21
 719.63,  851.60,   94.48
 723.02,  853.50,  219.42
 726.40,  855.41,  344.36
 848.59,  603.61,   94.77
 851.97,  605.52,  219.71
 855.36,  607.43,  344.65
 846.58,  728.58,   92.91
 849.96,  730.49,  217.85
 853.35,  732.40,  342.79
 844.57,  853.55,   91.06
 847.95,  855.46,  216.00
 851.34,  857.37,  340.94
 598.41,  601.58,  226.71
 599.19,  603.23,  351.70
 599.98,  604.87,  476.69
 596.26,  726.55,  225.08
 597.05,  728.20,  350.06
 597.83,  729.84,  475.05
 594.12,  851.52,  223.44
 594.90,  853.17,  348.43
 595.69,  854.82,  473.42
 723.39,  603.71,  225.90
 724.17,  605.36,  350.89
 724.96,  607.01,  475.87
 721.24,  728.68,  224.27
 722.03,  730.33,  349.25
 722.81,  731.98,  474.24
 719.10,  853.65,  222.63
 719.88,  855.30,  347.62
 720.67,  856.95,  472.60
 848.37,  605.85,  225.09
 849.15,  607.49,  350.08
 849.94,  609.14,  475.06
 846.22,  730.82,  223.45
 847.01,  732.47,  348.44
 847.79,  734.11,  473.43
 844.08,  855.79,  221.82
 844.86,  857.44,  346.81
 845.65,  859.08,  471.79
 599.24,  598.39,  351.08
 596.52,  599.02,  476.05
 593.80,  599.66,  601.02
 597.68,  723.37,  350.41
 594.95,  724.01,  475.38
 592.23,  724.65,  600.35
 596.11,  848.36,  349.73
 593.39,  849.00,  474.70
 590.66,  849.64,  599.67
 724.21,  599.97,  353.80
 721.48,  600.60,  478.77
 718.76,  601.24,  603.74
 722.64,  724.95,  353.12
 719.91,  725.59,  478.09
 717.19,  726.23,  603.06
 721.07,  849.94,  352.45
 718.35,  850.58,  477.42
 715.62,  851.22,  602.39
 849.17,  601.55,  356.51
 846.44,  602.19,  481.48
 843.72,  602.82,  606.45
 847.60,  726.53,  355.84
 844.88,  727.17,  480.81
 842.15,  727.81,  605.78
 846.03,  851.52,  355.17
 843.31,  852.16,  480.14
 840.58,  852.80,  605.10
 598.17,  598.63,  476.29
 594.85,  595.15,  601.20
 591.53,  591.67,  726.11
 600.41,  723.56,  479.83
 597.09,  720.08,  604.74
 593.77,  716.60,  729.64
 602.64,  848.49,  483.37
 599.32,  845.01,  608.27
 596.00,  841.53,  733.18
 723.11,  596.30,  479.55
 719.79,  592.82,  604.46
 716.47,  589.35,  729.36
 725.34,  721.23,  483.09
 722.02,  717.75,  607.99
 718.70,  714.28,  732.90
 727.58,  846.16,  486.62
 724.26,  842.68,  611.53
 720.94,  839.21,  736.44
 848.04,  593.97,  482.81
 844.72,  590.49,  607.71
 841.40,  587.02,  732.62
 850.28,  718.90,  486.34
 846.96,  715.42,  611.25
 843.64,  711.95,  736.16
 852.52,  843.83,  489.88
 849.19,  840.35,  614.79
 845.87,  836.88,  739.70
 599.29,  598.28,  600.03
 596.02,  598.17,  724.98
 592.74,  598.06,  849.94
 599.28,  723.28,  600.14
 596.00,  723.17,  725.09
 592.72,  723.06,  850.05
 599.26,  848.28,  600.25
 595.99,  848.17,  725.20
 592.71,  848.06,  850.16
 724.25,  598.30,  603.30
 720.97,  598.18,  728.26
 717.70,  598.07,  853.22
 724.23,  723.30,  603.41
 720.96,  723.18,  728.37
 717.68,  723.07,  853.33
 724.22,  848.30,  603.52
 720.94,  848.18,  728.48
 717.67,  848.07,  853.44
 849.21,  598.31,  606.58
 845.93,  598.20,  731.54
 842.65,  598.09,  856.49
 849.19,  723.31,  606.69
 845.92,  723.20,  731.65
 842.64,  723.09,  856.60
 849.18,  848.31,  606.80
 845.90,  848.20,  731.76
 842.62,  848.09,  856.71