27, 125, pa2-debug-e-output1.txt
 197.28,  202.31,  208.14
 407.78,  404.12,  209.43
  99.63,  100.67,  100.43
  97.07,  102.03,  225.40
  94.51,  103.40,  350.36
 102.09,  225.64,   99.12
  99.54,  227.00,  224.09
  96.98,  228.37,  349.05
 104.56,  350.61,   97.81
 102.00,  351.97,  222.77
  99.45,  353.33,  347.74
 224.57,   98.23,  103.01
 222.02,   99.59,  227.98
 219.46,  100.96,  352.95
 227.04,  223.20,  101.70
 224.49,  224.56,  226.67
 221.93,  225.93,  351.63
 229.51,  348.17,  100.39
 226.95,  349.53,  225.35
 224.40,  350.89,  350.32
 349.52,   95.79,  105.60
 346.97,   97.15,  230.56
 344.41,   98.52,  355.53
 351.99,  220.76,  104.28
 349.43,  222.12,  229.25
 346.88,  223.49,  354.22
 354.46,  345.73,  102.97
 351.90,  347.09,  227.94
 349.35,  348.45,  352.90
 100.19,   99.78,  223.57
 100.99,   98.95,  348.57
 101.79,   98.13,  473.56
  98.23,  224.76,  224.41
  99.03,  223.93,  349.40
  99.83,  223.11,  474.40
  96.27,  349.74,  225.24
  97.07,  348.92,  350.24
  97.87,  348.09,  475.23
 225.17,  101.74,  222.79
 225.97,  100.92,  347.78
 226.77,  100.10,  472.78
 223.21,  226.72,  223.62
 224.01,  225.90,  348.62
 224.81,  225.08,  473.61
 221.25,  351.71,  224.46
 222.05,  350.88,  349.45
 222.85,  350.06,  474.45
 350.16,  103.71,  222.00
 350.95,  102.88,  346.99
 351.75,  102.06,  471.99
 348.19,  228.69,  222.84
 348.99,  227.87,  347.83
 349.79,  227.04,  472.83
 346.23,  353.67,  223.67
 347.03,  352.85,  348.67
 347.83,  352.03,  473.66
 101.90,   98.98,  348.43
 100.26,   95.40,  473.37
  98.61,   91.82,  598.31
  99.73,  223.92,  351.99
  98.08,  220.33,  476.92
  96.44,  216.75,  601.86
  97.55,  348.85,  355.54
  95.91,  345.26,  480.48
  94.27,  341.68,  605.42
 226.87,  101.11,  350.14
 225.23,   97.53,  475.07
 223.58,   93.94,  600.01
 224.70,  226.04,  353.69
 223.05,  222.46,  478.63
 221.41,  218.87,  603.57
 222.52,  350.97,  357.24
 220.88,  347.39,  482.18
 219.24,  343.80,  607.12
 351.84,  103.23,  351.84
 350.20,   99.65,  476.78
 348.55,   96.07,  601.72
 349.67,  228.16,  355.39
 348.02,  224.58,  480.33
 346.38,  221.00,  605.27
 347.49,  353.09,  358.95
 345.85,  349.51,  483.89
 344.21,  345.93,  608.82
  98.07,  100.95,  475.62
  98.74,  104.01,  600.58
  99.42,  107.07,  725.54
  97.86,  225.91,  472.56
  98.54,  228.97,  597.52
  99.21,  232.04,  722.48
  97.66,  350.88,  469.50
  98.33,  353.94,  594.46
  99.01,  357.00,  719.42
 223.06,  101.14,  474.94
 223.74,  104.20,  599.90
 224.41,  107.26,  724.86
 222.86,  226.10,  471.88
 223.54,  229.16,  596.84
 224.21,  232.22,  721.80
 222.66,  351.06,  468.82
 223.33,  354.12,  593.78
 224.01,  357.18,  718.74
 348.06,  101.33,  474.26
 348.74,  104.39,  599.22
 349.41,  107.45,  724.18
 347.86,  226.29,  471.20
 348.53,  229.35,  596.16
 349.21,  232.41,  721.12
 347.65,  351.25,  468.14
 348.33,  354.31,  593.10
 349.00,  357.37,  718.06
 100.97,   99.71,  600.17
 102.04,   99.79,  725.16
 103.10,   99.86,  850.16
 101.98,  224.71,  600.09
 103.05,  224.78,  725.08
 104.11,  224.86,  850.08
 102.99,  349.70,  600.00
 104.06,  349.78,  725.00
 105.12,  349.85,  849.99
 225.96,   98.70,  599.11
 227.03,   98.78,  724.10
 228.09,   98.85,  849.10
 226.97,  223.70,  599.02
 228.04,  223.77,  724.02
 229.10,  223.85,  849.01
 227.98,  348.69,  598.94
 229.05,  348.77,  723.93
 230.11,  348.84,  848.93
 350.96,   97.69,  598.04
 352.02,   97.77,  723.04
 353.08,   97.84,  848.03
 351.97,  222.69,  597.96
 353.03,  222.76,  722.95
 354.09,  222.84,  847.95
 352.97,  347.68,  597.87
 354.04,  347.76,  722.87
 355.10,  347.83,  847.87
  98.56,  223.59,   99.30
  97.92,  225.74,  224.28
  97.28,  227.90,  349.26
 100.14,  348.56,   97.16
  99.50,  350.71,  222.14
  98.86,  352.87,  347.12
 101.72,  473.53,   95.01
 101.08,  475.69,  219.99
 100.44,  477.84,  344.97
 223.55,  222.02,   99.97
 222.91,  224.17,  224.95
 222.27,  226.33,  349.93
 225.13,  346.99,   97.83
 224.49,  349.15,  222.81
 223.85,  351.30,  347.79
 226.71,  471.96,   95.68
 226.07,  474.12,  220.66
 225.43,  476.27,  345.64
 348.54,  220.45,  100.64
 347.90,  222.60,  225.62
 347.26,  224.76,  350.60
 350.12,  345.42,   98.50
 349.48,  347.58,  223.48
 348.84,  349.73,  348.46
 351.70,  470.39,   96.35
 351.06,  472.55,  221.33
 350.42,  474.70,  346.31
 100.98,  223.07,  226.13
 103.11,  225.30,  351.09
 105.23,  227.53,  476.05
 104.14,  348.01,  223.85
 106.26,  350.24,  348.81
 108.39,  352.47,  473.77
 107.29,  472.95,  221.57
 109.42,  475.18,  346.53
 111.54,  477.41,  471.49
 225.92,  219.88,  224.06
 228.05,  222.11,  349.02
 230.17,  224.34,  473.99
 229.08,  344.82,  221.78
 231.20,  347.05,  346.74
 233.33,  349.28,  471.70
 232.23,  469.76,  219.50
 234.36,  471.99,  344.46
 236.49,  474.22,  469.42
 350.86,  216.69,  221.99
 352.99,  218.91,  346.95
 355.12,  221.14,  471.92
 354.02,  341.62,  219.71
 356.15,  343.85,  344.67
 358.27,  346.08,  469.63
 357.18,  466.56,  217.43
 359.30,  468.79,  342.39
 361.43,  471.02,  467.35
  99.87,  226.40,  349.21
 100.88,  229.49,  474.16
 101.89,  232.59,  599.12
  97.97,  351.35,  346.13
  98.98,  354.44,  471.09
  99.99,  357.53,  596.05
  96.08,  476.30,  343.05
  97.09,  479.39,  468.01
  98.10,  482.48,  592.97
 224.85,  228.27,  348.15
 225.86,  231.37,  473.11
 226.87,  234.46,  598.06
 222.95,  353.22,  345.07
 223.96,  356.31,  470.03
 224.97,  359.41,  594.99
 221.06,  478.17,  342.00
 222.07,  481.26,  466.96
 223.08,  484.35,  591.91
 349.83,  230.15,  347.09
 350.84,  233.24,  472.05
 351.85,  236.33,  597.01
 347.94,  355.09,  344.02
 348.95,  358.19,  468.97
 349.96,  361.28,  593.93
 346.04,  480.04,  340.94
 347.05,  483.13,  465.90
 348.06,  486.23,  590.86
  98.02,  226.35,  476.31
  94.81,  223.33,  601.23
  91.60,  220.32,  726.15
  94.32,  351.26,  479.23
  91.10,  348.24,  604.15
  87.89,  345.23,  729.07
  90.61,  476.17,  482.15
  87.40,  473.16,  607.07
  84.18,  470.14,  731.99
 222.93,  229.98,  479.61
 219.71,  226.96,  604.53
 216.50,  223.95,  729.45
 219.22,  354.89,  482.53
 216.01,  351.87,  607.45
 212.79,  348.86,  732.37
 215.52,  479.80,  485.45
 212.30,  476.78,  610.37
 209.09,  473.77,  735.29
 347.83,  233.61,  482.91
 344.62,  230.59,  607.83
 341.40,  227.58,  732.75
 344.13,  358.52,  485.83
 340.91,  355.50,  610.75
 337.70,  352.49,  735.67
 340.42,  483.43,  488.75
 337.21,  480.41,  613.67
 333.99,  477.40,  738.59
 101.96,  223.97,  599.03
 103.24,  226.96,  723.99
 104.52,  229.96,  848.94
 104.74,  348.90,  596.00
 106.02,  351.90,  720.96
 107.29,  354.89,  845.92
 107.52,  473.83,  592.98
 108.79,  476.83,  717.94
 110.07,  479.83,  842.89
 226.92,  221.16,  597.82
 228.20,  224.16,  722.78
 229.48,  227.15,  847.73
 229.70,  346.09,  594.79
 230.98,  349.09,  719.75
 232.26,  352.09,  844.71
 232.48,  471.02,  591.77
 233.76,  474.02,  716.73
 235.04,  477.02,  841.68
 351.89,  218.35,  596.61
 353.16,  221.35,  721.56
 354.44,  224.35,  846.52
 354.66,  343.28,  593.58
 355.94,  346.28,  718.54
 357.22,  349.28,  843.50
 357.44,  468.22,  590.56
 358.72,  471.21,  715.51
 360.00,  474.21,  840.47
 101.10,  348.64,  100.33
 100.10,  349.09,  225.32
  99.09,  349.55,  350.32
 101.45,  473.63,   99.87
 100.44,  474.09,  224.87
  99.44,  474.55,  349.87
 101.79,  598.63,   99.42
 100.79,  599.09,  224.42
  99.78,  599.54,  349.41
 226.10,  348.29,  101.33
 225.09,  348.75,  226.33
 224.09,  349.20,  351.32
 226.44,  473.29,  100.88
 225.44,  473.75,  225.88
 224.43,  474.20,  350.87
 226.79,  598.29,  100.43
 225.79,  598.74,  225.42
 224.78,  599.20,  350.42
 351.09,  347.95,  102.34
 350.09,  348.40,  227.33
 349.08,  348.86,  352.33
 351.44,  472.95,  101.89
 350.43,  473.40,  226.88
 349.43,  473.86,  351.88
 351.79,  597.95,  101.43
 350.78,  598.40,  226.43
 349.78,  598.86,  351.42
  98.04,  348.44,  226.21
 101.64,  348.14,  351.16
 105.25,  347.85,  476.11
  97.77,  473.43,  226.51
 101.37,  473.14,  351.46
 104.98,  472.85,  476.41
  97.50,  598.43,  226.81
 101.10,  598.14,  351.76
 104.71,  597.85,  476.70
 222.99,  348.71,  222.61
 226.59,  348.42,  347.55
 230.20,  348.13,  472.50
 222.72,  473.71,  222.91
 226.32,  473.42,  347.85
 229.93,  473.13,  472.80
 222.44,  598.71,  223.20
 226.05,  598.42,  348.15
 229.66,  598.13,  473.10
 347.93,  348.99,  219.00
 351.54,  348.70,  343.95
 355.15,  348.41,  468.90
 347.66,  473.99,  219.30
 351.27,  473.70,  344.25
 354.87,  473.41,  469.20
 347.39,  598.99,  219.60
 351.00,  598.70,  344.55
 354.60,  598.41,  469.49
 100.56,  350.43,  348.63
  99.61,  352.94,  473.61
  98.65,  355.44,  598.58
 104.17,  475.36,  346.16
 103.22,  477.86,  471.13
 102.26,  480.37,  596.10
 107.79,  600.28,  343.68
 106.83,  602.79,  468.65
 105.88,  605.29,  593.62
 225.51,  346.84,  349.66
 224.55,  349.35,  474.63
 223.60,  351.85,  599.60
 229.12,  471.76,  347.18
 228.16,  474.27,  472.15
 227.21,  476.77,  597.13
 232.73,  596.69,  344.71
 231.78,  599.19,  469.68
 230.82,  601.70,  594.65
 350.45,  343.25,  350.69
 349.49,  345.75,  475.66
 348.54,  348.26,  600.63
 354.06,  468.17,  348.21
 353.11,  470.68,  473.18
 352.15,  473.18,  598.15
 357.68,  593.09,  345.73
 356.72,  595.60,  470.70
 355.77,  598.10,  595.68
  98.44,  348.90,  474.44
  95.52,  352.10,  599.36
  92.60,  355.30,  724.29
  99.04,  473.86,  471.25
  96.12,  477.06,  596.18
  93.20,  480.26,  721.10
  99.64,  598.82,  468.06
  96.72,  602.02,  592.99
  93.80,  605.22,  717.91
 223.40,  348.38,  477.37
 220.48,  351.58,  602.29
 217.57,  354.78,  727.22
 224.00,  473.34,  474.18
 221.08,  476.54,  599.11
 218.16,  479.74,  724.03
 224.60,  598.30,  471.00
 221.68,  601.49,  595.92
 218.76,  604.69,  720.85
 348.37,  347.86,  480.30
 345.45,  351.06,  605.23
 342.53,  354.25,  730.15
 348.97,  472.81,  477.12
 346.05,  476.01,  602.04
 343.13,  479.21,  726.97
 349.56,  597.77,  473.93
 346.65,  600.97,  598.85
 343.73,  604.17,  723.78
 101.04,  348.89,  600.42
 102.39,  347.50,  725.40
 103.74,  346.11,  850.39
 102.81,  473.87,  601.79
 104.16,  472.48,  726.77
 105.51,  471.09,  851.76
 104.57,  598.85,  603.16
 105.92,  597.46,  728.15
 107.27,  596.07,  853.13
 226.02,  347.14,  599.05
 227.37,  345.75,  724.03
 228.72,  344.36,  849.02
 227.79,  472.12,  600.42
 229.14,  470.73,  725.40
 230.49,  469.34,  850.39
 229.55,  597.10,  601.79
 230.90,  595.71,  726.77
 232.25,  594.32,  851.76
 351.00,  345.39,  597.68
 352.35,  344.00,  722.66
 353.70,  342.61,  847.65
 352.77,  470.37,  599.05
 354.12,  468.98,  724.03
 355.47,  467.59,  849.02
 354.53,  595.35,  600.42
 355.88,  593.96,  725.40
 357.23,  592.57,  850.39
 100.33,  476.36,   99.49
  97.79,  474.07,  224.44
  95.25,  471.77,  349.40
 101.22,  601.34,  101.80
  98.68,  599.04,  226.76
  96.14,  596.75,  351.71
 102.12,  726.31,  104.12
  99.57,  724.02,  229.07
  97.03,  721.72,  354.03
 225.30,  475.43,  102.02
 222.76,  473.13,  226.97
 220.22,  470.83,  351.92
 226.20,  600.40,  104.33
 223.65,  598.10,  229.28
 221.11,  595.81,  354.24
 227.09,  725.38,  106.65
 224.54,  723.08,  231.60
 222.00,  720.78,  356.55
 350.27,  474.49,  104.54
 347.73,  472.19,  229.49
 345.19,  469.89,  354.45
 351.17,  599.46,  106.86
 348.62,  597.16,  231.81
 346.08,  594.87,  356.76
 352.06,  724.44,  109.17
 349.52,  722.14,  234.13
 346.97,  719.84,  359.08
 101.60,  476.47,  226.31
 101.59,  478.27,  351.30
 101.58,  480.07,  476.28
 101.94,  601.46,  224.51
 101.93,  603.26,  349.50
 101.92,  605.06,  474.49
 102.28,  726.45,  222.71
 102.27,  728.24,  347.70
 102.26,  730.04,  472.69
 226.59,  476.13,  226.33
 226.58,  477.93,  351.31
 226.57,  479.73,  476.30
 226.94,  601.11,  224.53
 226.93,  602.91,  349.51
 226.92,  604.71,  474.50
 227.28,  726.10,  222.73
 227.27,  727.90,  347.71
 227.26,  729.70,  472.70
 351.59,  475.78,  226.34
 351.58,  477.58,  351.33
 351.57,  479.38,  476.31
 351.94,  600.77,  224.54
 351.93,  602.57,  349.53
 351.92,  604.37,  474.52
 352.28,  725.76,  222.74
 352.27,  727.56,  347.73
 352.26,  729.35,  472.72
 100.67,  473.75,  350.48
 104.02,  470.26,  475.38
 107.38,  466.76,  600.29
  97.74,  598.67,  354.05
 101.09,  595.17,  478.96
 104.45,  591.68,  603.86
  94.81,  723.58,  357.62
  98.17,  720.09,  482.53
 101.52,  716.59,  607.44
 225.59,  476.78,  347.20
 228.94,  473.28,  472.11
 232.30,  469.79,  597.02
 222.66,  601.69,  350.78
 226.02,  598.20,  475.68
 229.37,  594.70,  600.59
 219.73,  726.61,  354.35
 223.09,  723.11,  479.26
 226.44,  719.62,  604.16
 350.51,  479.80,  343.93
 353.86,  476.30,  468.84
 357.22,  472.81,  593.74
 347.58,  604.71,  347.51
 350.94,  601.22,  472.41
 354.29,  597.72,  597.32
 344.65,  729.63,  351.08
 348.01,  726.13,  475.99
 351.36,  722.64,  600.89
 101.66,  475.38,  474.96
 102.58,  474.10,  599.95
 103.51,  472.82,  724.94
 104.55,  600.34,  476.22
 105.48,  599.06,  601.21
 106.40,  597.78,  726.20
 107.44,  725.30,  477.48
 108.37,  724.02,  602.47
 109.29,  722.74,  727.46
 226.62,  472.49,  474.01
 227.55,  471.22,  599.00
 228.47,  469.94,  723.99
 229.52,  597.46,  475.27
 230.44,  596.18,  600.26
 231.36,  594.90,  725.25
 232.41,  722.42,  476.52
 233.33,  721.14,  601.51
 234.26,  719.86,  726.50
 351.59,  469.61,  473.06
 352.51,  468.33,  598.05
 353.44,  467.06,  723.04
 354.48,  594.57,  474.31
 355.40,  593.29,  599.30
 356.33,  592.02,  724.29
 357.37,  719.53,  475.57
 358.30,  718.25,  600.56
 359.22,  716.98,  725.55
 101.11,  473.58,  600.15
 101.62,  470.38,  725.11
 102.13,  467.18,  850.06
 100.31,  598.54,  603.35
 100.82,  595.34,  728.31
 101.33,  592.14,  853.27
  99.51,  723.49,  606.55
 100.02,  720.29,  731.51
 100.53,  717.09,  856.47
 226.11,  474.39,  599.66
 226.62,  471.19,  724.61
 227.13,  467.99,  849.57
 225.31,  599.35,  602.86
 225.82,  596.15,  727.82
 226.33,  592.95,  852.77
 224.51,  724.31,  606.06
 225.02,  721.11,  731.02
 225.53,  717.91,  855.98
 351.10,  475.21,  599.17
 351.61,  472.01,  724.12
 352.13,  468.81,  849.08
 350.30,  600.16,  602.37
 350.81,  596.96,  727.33
 351.33,  593.76,  852.28
 349.50,  725.12,  605.57
 350.01,  721.92,  730.53
 350.53,  718.72,  855.49
  98.08,  598.61,  101.42
  98.74,  594.95,  226.36
  99.40,  591.29,  351.31
  97.21,  723.56,  105.08
  97.86,  719.90,  230.03
  98.52,  716.24,  354.97
  96.33,  848.50,  108.74
  96.99,  844.84,  233.69
  97.65,  841.18,  358.63
 223.08,  599.50,  100.79
 223.73,  595.85,  225.73
 224.39,  592.19,  350.68
 222.20,  724.45,  104.45
 222.86,  720.79,  229.39
 223.52,  717.13,  354.34
 221.33,  849.39,  108.11
 221.99,  845.73,  233.06
 222.64,  842.07,  358.00
 348.07,  600.40,  100.15
 348.73,  596.74,  225.10
 349.39,  593.08,  350.04
 347.20,  725.34,  103.82
 347.86,  721.68,  228.76
 348.51,  718.02,  353.71
 346.32,  850.28,  107.48
 346.98,  846.62,  232.43
 347.64,  842.97,  357.37
  98.40,  598.87,  226.36
  96.30,  596.43,  351.31
  94.20,  593.98,  476.27
  99.91,  723.84,  228.83
  97.81,  721.39,  353.78
  95.71,  718.95,  478.74
 101.42,  848.80,  231.30
  99.32,  846.36,  356.26
  97.22,  843.92,  481.21
 223.37,  597.32,  228.43
 221.27,  594.87,  353.39
 219.17,  592.43,  478.34
 224.88,  722.28,  230.90
 222.78,  719.84,  355.86
 220.68,  717.39,  480.81
 226.40,  847.25,  233.37
 224.30,  844.81,  358.33
 222.19,  842.36,  483.28
 348.35,  595.76,  230.50
 346.24,  593.32,  355.46
 344.14,  590.87,  480.41
 349.86,  720.73,  232.97
 347.76,  718.29,  357.93
 345.66,  715.84,  482.89
 351.37,  845.70,  235.44
 349.27,  843.25,  360.40
 347.17,  840.81,  485.36
 101.93,  598.47,  349.95
 102.56,  600.40,  474.94
 103.19,  602.33,  599.92
 105.39,  723.40,  348.01
 106.02,  725.33,  472.99
 106.65,  727.26,  597.97
 108.85,  848.34,  346.06
 109.48,  850.27,  471.04
 110.11,  852.20,  596.03
 226.88,  595.00,  349.38
 227.51,  596.93,  474.36
 228.14,  598.86,  599.34
 230.34,  719.93,  347.43
 230.97,  721.86,  472.41
 231.60,  723.79,  597.40
 233.80,  844.87,  345.48
 234.43,  846.80,  470.47
 235.06,  848.73,  595.45
 351.83,  591.53,  348.80
 352.46,  593.46,  473.78
 353.09,  595.39,  598.77
 355.29,  716.46,  346.85
 355.92,  718.39,  471.84
 356.55,  720.32,  596.82
 358.75,  841.40,  344.91
 359.38,  843.33,  469.89
 360.01,  845.26,  594.87
  98.20,  599.36,  474.32
 101.36,  597.76,  599.27
 104.53,  596.16,  724.22
  97.37,  724.35,  475.94
 100.53,  722.75,  600.89
 103.69,  721.14,  725.84
  96.54,  849.33,  477.56
  99.70,  847.73,  602.51
 102.86,  846.13,  727.46
 223.16,  600.23,  471.17
 226.32,  598.63,  596.12
 229.48,  597.03,  721.07
 222.33,  725.22,  472.79
 225.49,  723.62,  597.74
 228.65,  722.02,  722.69
 221.50,  850.21,  474.41
 224.66,  848.61,  599.36
 227.82,  847.00,  724.31
 348.12,  601.11,  468.01
 351.28,  599.50,  592.96
 354.44,  597.90,  717.91
 347.28,  726.09,  469.64
 350.45,  724.49,  594.59
 353.61,  722.89,  719.54
 346.45,  851.08,  471.26
 349.61,  849.48,  596.21
 352.78,  847.88,  721.16
 101.79,  599.27,  599.72
 102.65,  597.74,  724.70
 103.51,  596.21,  849.69
  99.54,  724.24,  601.26
 100.40,  722.71,  726.24
 101.26,  721.19,  851.23
  97.28,  849.21,  602.80
  98.15,  847.68,  727.78
  99.01,  846.16,  852.77
 226.76,  601.53,  598.88
 227.63,  600.00,  723.87
 228.49,  598.48,  848.86
 224.51,  726.50,  600.42
 225.38,  724.97,  725.41
 226.24,  723.45,  850.40
 222.26,  851.47,  601.96
 223.12,  849.94,  726.95
 223.99,  848.42,  851.94
 351.74,  603.79,  598.04
 352.60,  602.27,  723.03
 353.47,  600.74,  848.02
 349.49,  728.76,  599.59
 350.35,  727.24,  724.57
 351.22,  725.71,  849.56
 347.24,  853.73,  601.13
 348.10,  852.21,  726.11
 348.96,  850.68,  851.10
 226.56,  101.46,   99.98
 227.94,   98.66,  224.94
 229.33,   95.86,  349.91
 229.60,  226.39,  102.75
 230.98,  223.59,  227.71
 232.37,  220.79,  352.67
 232.64,  351.32,  105.52
 234.03,  348.52,  230.48
 235.41,  345.72,  355.44
 351.51,   98.45,   98.53
 352.90,   95.65,  223.49
 354.28,   92.85,  348.45
 354.55,  223.38,  101.30
 355.94,  220.58,  226.26
 357.33,  217.78,  351.22
 357.59,  348.31,  104.06
 358.98,  345.51,  229.02
 360.37,  342.71,  353.98
 476.47,   95.44,   97.08
 477.85,   92.64,  222.04
 479.24,   89.84,  347.00
 479.51,  220.37,   99.84
 480.90,  217.57,  224.80
 482.28,  214.77,  349.76
 482.55,  345.30,  102.61
 483.94,  342.50,  227.57
 485.32,  339.70,  352.53
 226.42,   99.85,  223.90
 229.11,   96.26,  348.82
 231.80,   92.66,  473.74
 225.12,  224.79,  227.53
 227.81,  221.20,  352.45
 230.50,  217.60,  477.37
 223.82,  349.73,  231.15
 226.51,  346.14,  356.07
 229.20,  342.54,  480.99
 351.39,  101.23,  221.25
 354.08,   97.64,  346.17
 356.77,   94.04,  471.09
 350.08,  226.17,  224.87
 352.77,  222.58,  349.79
 355.47,  218.98,  474.71
 348.78,  351.11,  228.50
 351.47,  347.52,  353.42
 354.16,  343.92,  478.34
 476.35,  102.61,  218.60
 479.04,   99.02,  343.52
 481.73,   95.42,  468.44
 475.05,  227.55,  222.22
 477.74,  223.96,  347.14
 480.43,  220.36,  472.06
 473.74,  352.49,  225.84
 476.44,  348.90,  350.76
 479.13,  345.30,  475.68
 224.92,  100.40,  348.58
 223.49,   97.67,  473.54
 222.06,   94.95,  598.50
 227.85,  225.33,  351.34
 226.42,  222.61,  476.30
 224.99,  219.88,  601.26
 230.77,  350.27,  354.10
 229.34,  347.54,  479.06
 227.91,  344.82,  604.02
 349.88,   97.44,  349.94
 348.45,   94.72,  474.91
 347.02,   91.99,  599.87
 352.80,  222.38,  352.70
 351.37,  219.65,  477.67
 349.95,  216.93,  602.63
 355.73,  347.31,  355.46
 354.30,  344.59,  480.42
 352.87,  341.86,  605.39
 474.83,   94.48,  351.31
 473.40,   91.76,  476.27
 471.98,   89.03,  601.23
 477.76,  219.42,  354.07
 476.33,  216.69,  479.03
 474.90,  213.97,  603.99
 480.69,  344.35,  356.83
 479.26,  341.63,  481.79
 477.83,  338.90,  606.75
 225.33,  101.37,  475.75
 223.90,  101.76,  600.74
 222.48,  102.15,  725.73
 229.07,  226.32,  475.40
 227.65,  226.71,  600.40
 226.22,  227.10,  725.39
 232.81,  351.26,  475.06
 231.39,  351.65,  600.05
 229.96,  352.04,  725.04
 350.26,   97.63,  477.19
 348.84,   98.02,  602.18
 347.41,   98.41,  727.17
 354.01,  222.58,  476.84
 352.58,  222.97,  601.83
 351.16,  223.36,  726.82
 357.75,  347.52,  476.49
 356.32,  347.91,  601.48
 354.90,  348.30,  726.48
 475.20,   93.89,  478.62
 473.77,   94.28,  603.61
 472.35,   94.67,  728.61
 478.94,  218.84,  478.28
 477.52,  219.23,  603.27
 476.09,  219.62,  728.26
 482.69,  343.78,  477.93
 481.26,  344.17,  602.92
 479.84,  344.56,  727.91
 226.08,  100.58,  600.23
 228.45,  104.25,  725.15
 230.82,  107.92,  850.08
 228.65,  225.50,  596.51
 231.02,  229.17,  721.44
 233.39,  232.83,  846.36
 231.23,  350.42,  592.80
 233.60,  354.09,  717.72
 235.97,  357.75,  842.65
 351.03,   97.94,  597.94
 353.40,  101.61,  722.86
 355.77,  105.27,  847.78
 353.60,  222.86,  594.22
 355.97,  226.52,  719.15
 358.34,  230.19,  844.07
 356.18,  347.78,  590.51
 358.55,  351.44,  715.43
 360.92,  355.11,  840.35
 475.98,   95.30,  595.64
 478.35,   98.96,  720.57
 480.72,  102.63,  845.49
 478.56,  220.21,  591.93
 480.92,  223.88,  716.85
 483.29,  227.55,  841.78
 481.13,  345.13,  588.22
 483.50,  348.80,  713.14
 485.87,  352.46,  838.06
 224.47,  224.98,   98.93
 225.31,  222.02,  223.89
 226.15,  219.07,  348.85
 224.71,  349.94,  101.88
 225.55,  346.99,  226.84
 226.39,  344.03,  351.81
 224.94,  474.91,  104.84
 225.78,  471.95,  229.80
 226.62,  469.00,  354.76
 349.47,  224.76,   98.08
 350.31,  221.81,  223.04
 351.15,  218.85,  348.01
 349.70,  349.73,  101.04
 350.54,  346.77,  226.00
 351.38,  343.82,  350.96
 349.94,  474.69,  103.99
 350.78,  471.74,  228.95
 351.62,  468.78,  353.92
 474.46,  224.55,   97.24
 475.31,  221.59,  222.20
 476.15,  218.63,  347.16
 474.70,  349.51,  100.19
 475.54,  346.56,  225.15
 476.38,  343.60,  350.11
 474.94,  474.48,  103.14
 475.78,  471.52,  228.11
 476.62,  468.56,  353.07
 224.26,  226.47,  223.15
 223.18,  225.80,  348.15
 222.09,  225.12,  473.14
 222.77,  351.46,  223.81
 221.69,  350.78,  348.81
 220.60,  350.11,  473.80
 221.28,  476.45,  224.48
 220.20,  475.77,  349.47
 219.11,  475.10,  474.46
 349.25,  227.95,  224.25
 348.16,  227.28,  349.24
 347.08,  226.60,  474.23
 347.76,  352.94,  224.91
 346.67,  352.27,  349.90
 345.58,  351.59,  474.90
 346.27,  477.93,  225.57
 345.18,  477.26,  350.57
 344.09,  476.58,  475.56
 474.24,  229.44,  225.34
 473.15,  228.76,  350.34
 472.06,  228.09,  475.33
 472.75,  354.43,  226.01
 471.66,  353.75,  351.00
 470.57,  353.08,  475.99
 471.26,  479.42,  226.67
 470.17,  478.74,  351.66
 469.08,  478.07,  476.66
 225.18,  223.68,  349.15
 228.91,  225.44,  474.09
 232.64,  227.20,  599.02
 227.75,  348.64,  347.32
 231.49,  350.40,  472.25
 235.22,  352.16,  597.18
 230.33,  473.60,  345.48
 234.06,  475.36,  470.41
 237.80,  477.12,  595.34
 350.09,  221.04,  345.46
 353.83,  222.80,  470.39
 357.56,  224.57,  595.32
 352.67,  346.00,  343.62
 356.40,  347.76,  468.55
 360.14,  349.53,  593.49
 355.25,  470.96,  341.78
 358.98,  472.72,  466.72
 362.71,  474.49,  591.65
 475.01,  218.41,  341.77
 478.74,  220.17,  466.70
 482.48,  221.93,  591.63
 477.59,  343.37,  339.93
 481.32,  345.13,  464.86
 485.05,  346.89,  589.79
 480.17,  468.33,  338.09
 483.90,  470.09,  463.02
 487.63,  471.85,  587.95
 225.39,  226.40,  473.43
 223.97,  226.86,  598.42
 222.55,  227.32,  723.42
 228.55,  351.36,  473.01
 227.13,  351.82,  598.00
 225.71,  352.28,  722.99
 231.71,  476.32,  472.58
 230.29,  476.78,  597.57
 228.87,  477.24,  722.56
 350.35,  223.25,  474.87
 348.93,  223.71,  599.86
 347.51,  224.17,  724.85
 353.50,  348.21,  474.44
 352.08,  348.67,  599.43
 350.66,  349.13,  724.42
 356.66,  473.17,  474.01
 355.24,  473.63,  599.01
 353.82,  474.09,  724.00
 475.30,  220.10,  476.30
 473.88,  220.56,  601.29
 472.46,  221.02,  726.28
 478.46,  345.06,  475.87
 477.04,  345.52,  600.86
 475.62,  345.98,  725.85
 481.61,  470.01,  475.45
 480.19,  470.48,  600.44
 478.77,  470.94,  725.43
 224.95,  223.44,  599.87
 224.34,  220.63,  724.84
 223.73,  217.82,  849.81
 223.89,  348.40,  602.68
 223.28,  345.59,  727.64
 222.67,  342.78,  852.61
 222.82,  473.37,  605.48
 222.21,  470.56,  730.45
 221.60,  467.75,  855.42
 349.95,  224.49,  600.51
 349.34,  221.68,  725.47
 348.73,  218.87,  850.44
 348.88,  349.46,  603.31
 348.27,  346.65,  728.28
 347.66,  343.84,  853.25
 347.81,  474.42,  606.12
 347.20,  471.61,  731.08
 346.59,  468.80,  856.05
 474.94,  225.55,  601.14
 474.33,  222.74,  726.11
 473.72,  219.93,  851.07
 473.87,  350.51,  603.94
 473.26,  347.70,  728.91
 472.65,  344.89,  853.88
 472.81,  475.47,  606.75
 472.20,  472.66,  731.72
 471.59,  469.85,  856.68
 226.47,  351.46,   99.52
 223.65,  353.24,  224.47
 220.83,  355.02,  349.43
 224.01,  476.42,   97.68
 221.19,  478.20,  222.64
 218.37,  479.98,  347.59
 221.55,  601.38,   95.84
 218.73,  603.16,  220.80
 215.91,  604.95,  345.76
 351.42,  353.96,  102.30
 348.59,  355.74,  227.26
 345.77,  357.52,  352.22
 348.96,  478.92,  100.47
 346.13,  480.70,  225.42
 343.31,  482.48,  350.38
 346.49,  603.89,   98.63
 343.67,  605.67,  223.59
 340.85,  607.45,  348.54
 476.36,  356.46,  105.09
 473.54,  358.24,  230.05
 470.72,  360.02,  355.00
 473.90,  481.42,  103.25
 471.08,  483.21,  228.21
 468.25,  484.99,  353.17
 471.44,  606.39,  101.42
 468.62,  608.17,  226.37
 465.79,  609.95,  351.33
 225.50,  349.31,  226.29
 225.40,  347.62,  351.28
 225.31,  345.92,  476.27
 225.68,  474.30,  227.98
 225.58,  472.60,  352.97
 225.49,  470.91,  477.96
 225.86,  599.28,  229.68
 225.76,  597.59,  354.66
 225.67,  595.90,  479.65
 350.50,  349.13,  226.38
 350.40,  347.44,  351.37
 350.31,  345.74,  476.36
 350.68,  474.12,  228.07
 350.58,  472.42,  353.06
 350.49,  470.73,  478.05
 350.86,  599.10,  229.76
 350.76,  597.41,  354.75
 350.67,  595.72,  479.74
 475.50,  348.95,  226.47
 475.40,  347.25,  351.46
 475.31,  345.56,  476.45
 475.68,  473.93,  228.16
 475.58,  472.24,  353.15
 475.49,  470.55,  478.14
 475.86,  598.92,  229.85
 475.76,  597.23,  354.84
 475.67,  595.54,  479.83
 225.80,  350.54,  351.38
 222.75,  347.36,  476.30
 219.70,  344.19,  601.22
 227.06,  475.49,  354.59
 224.01,  472.32,  479.51
 220.97,  469.14,  604.43
 228.32,  600.45,  357.79
 225.28,  597.27,  482.72
 222.23,  594.09,  607.64
 350.75,  349.20,  354.39
 347.71,  346.02,  479.31
 344.66,  342.85,  604.24
 352.02,  474.15,  357.60
 348.97,  470.98,  482.52
 345.92,  467.80,  607.44
 353.28,  599.11,  360.81
 350.23,  595.93,  485.73
 347.19,  592.75,  610.65
 475.71,  347.86,  357.40
 472.66,  344.68,  482.33
 469.62,  341.51,  607.25
 476.97,  472.81,  360.61
 473.93,  469.64,  485.53
 470.88,  466.46,  610.46
 478.24,  597.77,  363.82
 475.19,  594.59,  488.74
 472.14,  591.41,  613.66
 225.97,  351.98,  474.67
 223.90,  349.59,  599.63
 221.82,  347.20,  724.59
 222.84,  476.92,  477.00
 220.77,  474.53,  601.96
 218.69,  472.14,  726.92
 219.71,  601.86,  479.34
 217.64,  599.47,  604.30
 215.56,  597.08,  729.26
 350.92,  355.07,  476.80
 348.84,  352.68,  601.76
 346.77,  350.29,  726.72
 347.79,  480.01,  479.14
 345.71,  477.62,  604.10
 343.64,  475.23,  729.06
 344.66,  604.95,  481.48
 342.58,  602.56,  606.44
 340.51,  600.17,  731.40
 475.86,  358.16,  478.94
 473.79,  355.77,  603.90
 471.71,  353.38,  728.86
 472.73,  483.10,  481.27
 470.66,  480.71,  606.23
 468.58,  478.32,  731.19
 469.60,  608.04,  483.61
 467.53,  605.65,  608.57
 465.45,  603.26,  733.53
 224.82,  351.68,  598.78
 221.69,  349.84,  723.73
 218.56,  347.99,  848.68
 226.41,  476.66,  600.66
 223.28,  474.81,  725.61
 220.15,  472.97,  850.56
 228.01,  601.63,  602.55
 224.88,  599.79,  727.49
 221.75,  597.95,  852.44
 349.77,  350.04,  601.89
 346.64,  348.19,  726.83
 343.51,  346.35,  851.78
 351.37,  475.01,  603.77
 348.23,  473.17,  728.72
 345.10,  471.33,  853.66
 352.96,  599.99,  605.65
 349.83,  598.14,  730.60
 346.70,  596.30,  855.55
 474.72,  348.39,  604.99
 471.59,  346.55,  729.94
 468.46,  344.71,  854.89
 476.32,  473.37,  606.88
 473.19,  471.53,  731.82
 470.06,  469.68,  856.77
 477.91,  598.34,  608.76
 474.78,  596.50,  733.71
 471.65,  594.66,  858.65
 225.63,  475.23,   98.07
 223.11,  474.27,  223.04
 220.60,  473.31,  348.01
 225.48,  600.23,   99.03
 222.97,  599.27,  224.00
 220.46,  598.30,  348.97
 225.34,  725.22,   99.99
 222.83,  724.26,  224.96
 220.31,  723.30,  349.93
 350.60,  475.35,  100.58
 348.09,  474.39,  225.55
 345.57,  473.43,  350.52
 350.46,  600.35,  101.54
 347.94,  599.39,  226.51
 345.43,  598.43,  351.48
 350.32,  725.35,  102.50
 347.80,  724.38,  227.47
 345.29,  723.42,  352.44
 475.58,  475.48,  103.10
 473.06,  474.51,  228.07
 470.55,  473.55,  353.04
 475.43,  600.47,  104.06
 472.92,  599.51,  229.03
 470.40,  598.55,  354.00
 475.29,  725.47,  105.02
 472.78,  724.51,  229.99
 470.26,  723.54,  354.96
 226.41,  473.06,  225.83
 224.76,  473.69,  350.82
 223.12,  474.32,  475.81
 223.45,  598.03,  225.16
 221.80,  598.66,  350.15
 220.16,  599.29,  475.14
 220.48,  722.99,  224.49
 218.84,  723.62,  349.48
 217.19,  724.25,  474.47
 351.36,  476.04,  227.46
 349.72,  476.67,  352.45
 348.07,  477.30,  477.44
 348.40,  601.00,  226.79
 346.75,  601.63,  351.78
 345.11,  602.26,  476.77
 345.44,  725.96,  226.12
 343.79,  726.59,  351.11
 342.15,  727.22,  476.10
 476.32,  479.01,  229.09
 474.67,  479.64,  354.08
 473.03,  480.27,  479.06
 473.35,  603.97,  228.42
 471.71,  604.60,  353.41
 470.06,  605.23,  478.40
 470.39,  728.93,  227.75
 468.74,  729.56,  352.74
 467.10,  730.19,  477.73
 224.71,  474.18,  350.58
 225.86,  470.60,  475.52
 227.01,  467.03,  600.47
 222.73,  599.11,  354.17
 223.88,  595.54,  479.11
 225.03,  591.96,  604.06
 220.75,  724.04,  357.76
 221.90,  720.47,  482.71
 223.05,  716.90,  607.65
 349.69,  476.19,  349.48
 350.84,  472.62,  474.43
 351.99,  469.04,  599.37
 347.71,  601.12,  353.07
 348.86,  597.55,  478.02
 350.01,  593.98,  602.96
 345.72,  726.06,  356.67
 346.88,  722.48,  481.61
 348.03,  718.91,  606.55
 474.67,  478.20,  348.39
 475.82,  474.63,  473.33
 476.97,  471.06,  598.27
 472.68,  603.14,  351.98
 473.84,  599.56,  476.92
 474.99,  595.99,  601.86
 470.70,  728.07,  355.57
 471.86,  724.50,  480.51
 473.01,  720.92,  605.46
 223.00,  474.22,  476.90
 219.45,  471.40,  601.82
 215.90,  468.57,  726.74
 225.20,  599.17,  479.79
 221.65,  596.34,  604.70
 218.10,  593.52,  729.62
 227.40,  724.11,  482.67
 223.85,  721.29,  607.59
 220.30,  718.47,  732.51
 347.93,  471.94,  480.40
 344.38,  469.12,  605.32
 340.83,  466.30,  730.24
 350.13,  596.89,  483.28
 346.58,  594.06,  608.20
 343.03,  591.24,  733.12
 352.33,  721.83,  486.17
 348.78,  719.01,  611.09
 345.23,  716.19,  736.01
 472.86,  469.66,  483.90
 469.31,  466.84,  608.82
 465.76,  464.02,  733.73
 475.06,  594.61,  486.78
 471.51,  591.79,  611.70
 467.96,  588.96,  736.62
 477.26,  719.56,  489.67
 473.71,  716.73,  614.59
 470.16,  713.91,  739.50
 226.18,  476.88,  598.02
 223.95,  476.68,  723.00
 221.72,  476.48,  847.98
 225.40,  601.87,  598.21
 223.17,  601.68,  723.19
 220.94,  601.48,  848.17
 224.63,  726.87,  598.39
 222.40,  726.68,  723.37
 220.17,  726.48,  848.35
 351.16,  477.65,  600.25
 348.93,  477.45,  725.23
 346.70,  477.26,  850.21
 350.38,  602.65,  600.44
 348.15,  602.45,  725.42
 345.92,  602.26,  850.40
 349.60,  727.64,  600.62
 347.37,  727.45,  725.60
 345.14,  727.25,  850.58
 476.14,  478.42,  602.48
 473.91,  478.23,  727.46
 471.68,  478.03,  852.44
 475.36,  603.42,  602.67
 473.13,  603.23,  727.65
 470.90,  603.03,  852.63
 474.58,  728.42,  602.85
 472.35,  728.22,  727.83
 470.12,  728.03,  852.81
 226.33,  599.22,  101.42
 227.99,  597.64,  226.40
 229.65,  596.05,  351.38
 225.69,  724.21,  103.02
 227.35,  722.62,  227.99
 229.01,  721.04,  352.97
 225.04,  849.20,  104.61
 226.70,  847.61,  229.59
 228.36,  846.03,  354.57
 351.32,  599.89,   99.77
 352.98,  598.30,  224.75
 354.64,  596.71,  349.73
 350.67,  724.88,  101.36
 352.33,  723.29,  226.34
 353.99,  721.70,  351.32
 350.03,  849.86,  102.96
 351.69,  848.28,  227.94
 353.35,  846.69,  352.92
 476.30,  600.55,   98.12
 477.96,  598.97,  223.10
 479.63,  597.38,  348.07
 475.66,  725.54,   99.71
 477.32,  723.95,  224.69
 478.98,  722.37,  349.67
 475.02,  850.53,  101.31
 476.68,  848.94,  226.29
 478.34,  847.36,  351.26
 224.40,  599.50,  225.77
 226.80,  601.13,  350.74
 229.19,  602.75,  475.71
 227.09,  724.46,  224.10
 229.49,  726.08,  349.06
 231.88,  727.71,  474.03
 229.78,  849.42,  222.42
 232.18,  851.04,  347.38
 234.57,  852.67,  472.35
 349.35,  596.78,  223.41
 351.74,  598.40,  348.38
 354.14,  600.03,  473.35
 352.04,  721.74,  221.74
 354.43,  723.36,  346.70
 356.83,  724.99,  471.67
 354.73,  846.70,  220.06
 357.13,  848.32,  345.02
 359.52,  849.95,  469.99
 474.30,  594.06,  221.05
 476.69,  595.68,  346.02
 479.09,  597.31,  470.98
 476.99,  719.02,  219.38
 479.38,  720.64,  344.34
 481.78,  722.27,  469.31
 479.68,  843.98,  217.70
 482.07,  845.60,  342.66
 484.47,  847.23,  467.63
 225.73,  599.28,  351.48
 228.58,  597.65,  476.43
 231.43,  596.03,  601.39
 226.05,  724.27,  353.10
 228.90,  722.64,  478.05
 231.75,  721.02,  603.01
 226.37,  849.26,  354.72
 229.22,  847.63,  479.67
 232.07,  846.01,  604.63
 350.70,  599.00,  348.62
 353.55,  597.37,  473.58
 356.40,  595.75,  598.54
 351.01,  723.99,  350.24
 353.86,  722.36,  475.20
 356.72,  720.74,  600.16
 351.33,  848.98,  351.86
 354.18,  847.35,  476.82
 357.03,  845.72,  601.78
 475.66,  598.72,  345.77
 478.51,  597.09,  470.73
 481.36,  595.46,  595.68
 475.98,  723.71,  347.39
 478.83,  722.08,  472.35
 481.68,  720.45,  597.30
 476.30,  848.70,  349.01
 479.15,  847.07,  473.96
 482.00,  845.44,  598.92
 223.82,  598.19,  476.96
 226.62,  595.50,  601.90
 229.43,  592.81,  726.84
 224.50,  723.16,  479.64
 227.31,  720.47,  604.58
 230.12,  717.78,  729.52
 225.19,  848.13,  482.31
 227.99,  845.44,  607.25
 230.80,  842.75,  732.19
 348.78,  597.56,  474.14
 351.59,  594.88,  599.08
 354.40,  592.19,  724.02
 349.47,  722.53,  476.82
 352.28,  719.84,  601.76
 355.08,  717.16,  726.69
 350.15,  847.50,  479.49
 352.96,  844.81,  604.43
 355.77,  842.13,  729.37
 473.75,  596.94,  471.32
 476.56,  594.25,  596.26
 479.37,  591.56,  721.20
 474.43,  721.91,  473.99
 477.24,  719.22,  598.93
 480.05,  716.53,  723.87
 475.12,  846.88,  476.67
 477.93,  844.19,  601.61
 480.73,  841.50,  726.55
 226.52,  600.06,  599.67
 223.93,  599.97,  724.64
 221.34,  599.89,  849.62
 225.61,  725.05,  599.74
 223.02,  724.97,  724.71
 220.44,  724.89,  849.68
 224.70,  850.05,  599.80
 222.12,  849.97,  724.77
 219.53,  849.88,  849.75
 351.49,  600.96,  602.26
 348.90,  600.88,  727.23
 346.31,  600.79,  852.21
 350.58,  725.96,  602.32
 347.99,  725.87,  727.30
 345.41,  725.79,  852.27
 349.67,  850.95,  602.39
 347.09,  850.87,  727.36
 344.50,  850.79,  852.33
 476.46,  601.87,  604.85
 473.87,  601.78,  729.82
 471.28,  601.70,  854.79
 475.55,  726.86,  604.91
 472.96,  726.78,  729.88
 470.38,  726.70,  854.86
 474.64,  851.86,  604.98
 472.06,  851.78,  729.95
 469.47,  851.69,  854.92
 349.68,   98.04,  100.78
 350.12,   95.59,  225.76
 350.57,   93.13,  350.73
 348.61,  223.02,  103.24
 349.05,  220.56,  228.22
 349.50,  218.10,  353.19
 347.54,  347.99,  105.70
 347.98,  345.53,  230.68
 348.43,  343.07,  355.65
 474.68,   99.12,  100.36
 475.12,   96.67,  225.33
 475.56,   94.21,  350.31
 473.61,  224.09,  102.82
 474.05,  221.64,  227.79
 474.49,  219.18,  352.77
 472.53,  349.07,  105.28
 472.98,  346.61,  230.25
 473.42,  344.15,  355.23
 599.67,  100.20,   99.94
 600.11,   97.75,  224.91
 600.56,   95.29,  349.89
 598.60,  225.17,  102.40
 599.04,  222.72,  227.37
 599.49,  220.26,  352.35
 597.53,  350.15,  104.86
 597.97,  347.69,  229.83
 598.41,  345.23,  354.81
 351.47,   99.76,  226.52
 354.17,  100.53,  351.48
 356.87,  101.30,  476.45
 348.56,  224.73,  225.81
 351.26,  225.50,  350.78
 353.95,  226.26,  475.75
 345.65,  349.69,  225.10
 348.34,  350.46,  350.07
 351.04,  351.23,  475.04
 476.41,  102.66,  223.80
 479.11,  103.43,  348.77
 481.80,  104.20,  473.74
 473.50,  227.62,  223.10
 476.19,  228.39,  348.06
 478.89,  229.16,  473.03
 470.58,  352.59,  222.39
 473.28,  353.36,  347.36
 475.98,  354.13,  472.33
 601.35,  105.56,  221.09
 604.04,  106.33,  346.06
 606.74,  107.09,  471.03
 598.43,  230.52,  220.38
 601.13,  231.29,  345.35
 603.83,  232.06,  470.32
 595.52,  355.48,  219.68
 598.22,  356.25,  344.64
 600.92,  357.02,  469.61
 350.47,  100.64,  350.67
 352.78,   97.71,  475.61
 355.09,   94.78,  600.56
 351.54,  225.60,  353.57
 353.85,  222.67,  478.52
 356.15,  219.75,  603.46
 352.60,  350.56,  356.48
 354.91,  347.63,  481.43
 357.22,  344.71,  606.37
 475.45,   99.63,  348.33
 477.76,   96.70,  473.28
 480.07,   93.78,  598.22
 476.51,  224.59,  351.24
 478.82,  221.66,  476.19
 481.13,  218.74,  601.13
 477.57,  349.55,  354.15
 479.88,  346.63,  479.09
 482.19,  343.70,  604.04
 600.42,   98.62,  346.00
 602.73,   95.70,  470.95
 605.04,   92.77,  595.89
 601.49,  223.58,  348.91
 603.79,  220.66,  473.85
 606.10,  217.73,  598.80
 602.55,  348.55,  351.82
 604.86,  345.62,  476.76
 607.16,  342.69,  601.71
 350.04,   98.59,  473.75
 349.52,   96.50,  598.73
 349.00,   94.41,  723.71
 350.30,  223.57,  475.84
 349.78,  221.48,  600.82
 349.27,  219.39,  725.80
 350.56,  348.55,  477.93
 350.05,  346.47,  602.91
 349.53,  344.38,  727.89
 475.03,   98.32,  474.26
 474.52,   96.23,  599.24
 474.00,   94.14,  724.22
 475.30,  223.30,  476.35
 474.78,  221.21,  601.33
 474.27,  219.12,  726.31
 475.56,  348.28,  478.44
 475.04,  346.19,  603.42
 474.53,  344.11,  728.40
 600.03,   98.05,  474.77
 599.52,   95.96,  599.75
 599.00,   93.87,  724.73
 600.30,  223.03,  476.86
 599.78,  220.94,  601.84
 599.27,  218.85,  726.82
 600.56,  348.01,  478.95
 600.04,  345.92,  603.93
 599.53,  343.83,  728.91
 349.58,  100.50,  598.90
 351.18,  100.76,  723.89
 352.78,  101.02,  848.88
 346.92,  225.47,  598.68
 348.52,  225.73,  723.67
 350.12,  225.99,  848.66
 344.26,  350.45,  598.46
 345.86,  350.70,  723.45
 347.46,  350.96,  848.44
 474.55,  103.16,  597.30
 476.15,  103.42,  722.29
 477.75,  103.67,  847.28
 471.88,  228.13,  597.08
 473.48,  228.39,  722.07
 475.08,  228.65,  847.06
 469.22,  353.10,  596.86
 470.82,  353.36,  721.85
 472.42,  353.62,  846.83
 599.51,  105.82,  595.69
 601.11,  106.08,  720.68
 602.71,  106.33,  845.67
 596.85,  230.79,  595.47
 598.45,  231.05,  720.46
 600.05,  231.30,  845.45
 594.18,  355.76,  595.25
 595.78,  356.02,  720.24
 597.38,  356.27,  845.23
 350.86,  223.01,  101.10
 352.92,  219.88,  226.05
 354.97,  216.75,  350.99
 352.29,  347.97,  104.21
 354.34,  344.83,  229.16
 356.40,  341.70,  354.10
 353.71,  472.92,  107.33
 355.77,  469.79,  232.27
 357.83,  466.65,  357.21
 475.84,  221.64,   99.01
 477.89,  218.51,  223.96
 479.95,  215.37,  348.90
 477.26,  346.59,  102.12
 479.32,  343.46,  227.07
 481.37,  340.32,  352.01
 478.69,  471.55,  105.23
 480.74,  468.41,  230.18
 482.80,  465.28,  355.12
 600.81,  220.27,   96.92
 602.87,  217.13,  221.87
 604.92,  214.00,  346.81
 602.24,  345.22,  100.03
 604.29,  342.08,  224.98
 606.35,  338.95,  349.92
 603.66,  470.17,  103.14
 605.72,  467.04,  228.09
 607.77,  463.90,  353.03
 349.54,  223.30,  224.90
 351.38,  226.13,  349.85
 353.21,  228.97,  474.80
 346.97,  348.24,  222.10
 348.81,  351.08,  347.05
 350.65,  353.92,  472.00
 344.40,  473.18,  219.30
 346.24,  476.02,  344.25
 348.08,  478.86,  469.20
 474.50,  225.82,  223.00
 476.34,  228.66,  347.95
 478.17,  231.50,  472.91
 471.93,  350.76,  220.20
 473.77,  353.60,  345.15
 475.61,  356.44,  470.11
 469.36,  475.71,  217.40
 471.20,  478.54,  342.35
 473.04,  481.38,  467.31
 599.46,  228.35,  221.10
 601.30,  231.18,  346.06
 603.13,  234.02,  471.01
 596.89,  353.29,  218.30
 598.73,  356.13,  343.26
 600.57,  358.96,  468.21
 594.32,  478.23,  215.50
 596.16,  481.07,  340.46
 598.00,  483.91,  465.41
 351.02,  223.64,  351.84
 349.51,  219.96,  476.77
 348.01,  216.29,  601.71
 352.65,  348.58,  355.53
 351.15,  344.90,  480.47
 349.65,  341.22,  605.41
 354.29,  473.51,  359.23
 352.78,  469.83,  484.17
 351.28,  466.16,  609.10
 476.00,  221.96,  353.29
 474.49,  218.29,  478.23
 472.99,  214.61,  603.17
 477.63,  346.90,  356.99
 476.13,  343.22,  481.93
 474.63,  339.54,  606.86
 479.27,  471.83,  360.68
 477.76,  468.15,  485.62
 476.26,  464.48,  610.56
 600.98,  220.28,  354.75
 599.47,  216.61,  479.68
 597.97,  212.93,  604.62
 602.61,  345.22,  358.44
 601.11,  341.54,  483.38
 599.61,  337.86,  608.32
 604.25,  470.15,  362.14
 602.74,  466.48,  487.08
 601.24,  462.80,  612.01
 350.91,  226.39,  476.12
 352.11,  228.79,  601.09
 353.32,  231.20,  726.06
 352.84,  351.35,  473.70
 354.04,  353.76,  598.67
 355.25,  356.16,  723.64
 354.77,  476.31,  471.27
 355.98,  478.72,  596.25
 357.18,  481.12,  721.22
 475.89,  224.43,  474.95
 477.09,  226.84,  599.92
 478.30,  229.24,  724.90
 477.82,  349.40,  472.53
 479.02,  351.80,  597.50
 480.23,  354.21,  722.47
 479.75,  474.36,  470.11
 480.96,  476.76,  595.08
 482.16,  479.17,  720.05
 600.87,  222.48,  473.79
 602.07,  224.88,  598.76
 603.28,  227.29,  723.73
 602.80,  347.44,  471.36
 604.00,  349.85,  596.33
 605.21,  352.25,  721.30
 604.73,  472.40,  468.94
 605.94,  474.81,  593.91
 607.14,  477.21,  718.88
 350.88,  224.65,  598.81
 349.04,  224.67,  723.80
 347.19,  224.68,  848.78
 353.45,  349.63,  598.83
 351.61,  349.64,  723.82
 349.77,  349.66,  848.81
 356.03,  474.60,  598.86
 354.18,  474.62,  723.84
 352.34,  474.63,  848.83
 475.84,  222.08,  600.65
 474.00,  222.10,  725.64
 472.15,  222.11,  850.63
 478.41,  347.05,  600.68
 476.57,  347.07,  725.66
 474.73,  347.08,  850.65
 480.99,  472.03,  600.70
 479.14,  472.04,  725.69
 477.30,  472.06,  850.67
 600.80,  219.51,  602.50
 598.96,  219.52,  727.48
 597.11,  219.54,  852.47
 603.37,  344.48,  602.52
 601.53,  344.50,  727.51
 599.69,  344.51,  852.49
 605.95,  469.45,  602.54
 604.10,  469.47,  727.53
 602.26,  469.48,  852.52
 351.04,  348.77,   98.47
 351.35,  352.47,  223.42
 351.65,  356.16,  348.36
 353.29,  473.70,   94.78
 353.60,  477.39,  219.72
 353.90,  481.09,  344.67
 355.54,  598.62,   91.08
 355.85,  602.32,  216.02
 356.15,  606.01,  340.97
 476.02,  346.51,   98.24
 476.33,  350.21,  223.18
 476.63,  353.90,  348.13
 478.27,  471.44,   94.54
 478.58,  475.13,  219.48
 478.88,  478.83,  344.43
 480.52,  596.36,   90.84
 480.83,  600.06,  215.78
 481.13,  603.75,  340.73
 601.00,  344.26,   98.00
 601.31,  347.95,  222.95
 601.61,  351.65,  347.89
 603.25,  469.18,   94.30
 603.56,  472.88,  219.25
 603.86,  476.57,  344.19
 605.50,  594.11,   90.60
 605.81,  597.80,  215.55
 606.11,  601.50,  340.49
 351.37,  349.19,  226.20
 353.28,  352.82,  351.13
 355.18,  356.46,  476.06
 354.86,  474.08,  222.51
 356.77,  477.72,  347.44
 358.68,  481.36,  472.37
 358.36,  598.98,  218.82
 360.27,  602.62,  343.75
 362.18,  606.26,  468.68
 476.30,  345.63,  224.39
 478.21,  349.27,  349.33
 480.12,  352.91,  474.26
 479.80,  470.53,  220.70
 481.71,  474.17,  345.64
 483.62,  477.81,  470.57
 483.30,  595.43,  217.01
 485.21,  599.07,  341.94
 487.12,  602.70,  466.88
 601.24,  342.08,  222.59
 603.15,  345.72,  347.52
 605.06,  349.36,  472.45
 604.74,  466.98,  218.90
 606.65,  470.62,  343.83
 608.56,  474.25,  468.76
 608.24,  591.87,  215.21
 610.14,  595.51,  340.14
 612.05,  599.15,  465.07
 351.55,  351.21,  350.77
 354.61,  347.57,  475.68
 357.68,  343.93,  600.59
 351.58,  476.16,  354.41
 354.65,  472.52,  479.32
 357.71,  468.88,  604.23
 351.62,  601.11,  358.06
 354.68,  597.46,  482.96
 357.75,  593.82,  607.87
 476.51,  351.27,  347.70
 479.58,  347.63,  472.61
 482.64,  343.98,  597.52
 476.54,  476.22,  351.35
 479.61,  472.57,  476.26
 482.68,  468.93,  601.16
 476.58,  601.16,  354.99
 479.64,  597.52,  479.90
 482.71,  593.88,  604.81
 601.47,  351.32,  344.64
 604.54,  347.68,  469.55
 607.60,  344.04,  594.46
 601.51,  476.27,  348.28
 604.57,  472.63,  473.19
 607.64,  468.99,  598.10
 601.54,  601.22,  351.92
 604.61,  597.57,  476.83
 607.67,  593.93,  601.74
 351.24,  350.18,  474.94
 352.00,  353.09,  599.91
 352.76,  356.01,  724.87
 350.06,  475.14,  472.03
 350.83,  478.05,  597.00
 351.59,  480.97,  721.96
 348.89,  600.10,  469.13
 349.65,  603.02,  594.09
 350.41,  605.93,  719.06
 476.23,  351.34,  474.15
 476.99,  354.25,  599.11
 477.76,  357.16,  724.08
 475.05,  476.30,  471.24
 475.82,  479.21,  596.21
 476.58,  482.13,  721.17
 473.88,  601.26,  468.34
 474.64,  604.17,  593.30
 475.41,  607.09,  718.27
 601.22,  352.49,  473.36
 601.98,  355.41,  598.32
 602.75,  358.32,  723.29
 600.05,  477.45,  470.45
 600.81,  480.37,  595.42
 601.57,  483.28,  720.38
 598.87,  602.42,  467.55
 599.63,  605.33,  592.51
 600.40,  608.24,  717.47
 351.62,  348.01,  600.88
 353.56,  348.13,  725.87
 355.50,  348.25,  850.85
 353.68,  472.99,  600.73
 355.62,  473.11,  725.72
 357.56,  473.23,  850.70
 355.74,  597.98,  600.58
 357.68,  598.10,  725.56
 359.62,  598.22,  850.55
 476.59,  345.95,  598.95
 478.53,  346.07,  723.93
 480.47,  346.19,  848.92
 478.65,  470.93,  598.79
 480.59,  471.05,  723.78
 482.53,  471.17,  848.76
 480.71,  595.91,  598.64
 482.65,  596.03,  723.63
 484.58,  596.16,  848.61
 601.56,  343.89,  597.01
 603.49,  344.01,  722.00
 605.43,  344.13,  846.98
 603.61,  468.87,  596.86
 605.55,  468.99,  721.84
 607.49,  469.11,  846.83
 605.67,  593.85,  596.70
 607.61,  593.97,  721.69
 609.55,  594.09,  846.67
 351.28,  476.91,   99.49
 352.84,  476.18,  224.48
 354.40,  475.45,  349.47
 352.39,  601.90,  100.21
 353.95,  601.17,  225.20
 355.51,  600.44,  350.19
 353.50,  726.89,  100.93
 355.06,  726.17,  225.91
 356.62,  725.44,  350.90
 476.26,  475.81,   97.93
 477.82,  475.08,  222.92
 479.38,  474.35,  347.91
 477.37,  600.80,   98.64
 478.93,  600.07,  223.63
 480.49,  599.34,  348.62
 478.48,  725.79,   99.36
 480.04,  725.06,  224.35
 481.60,  724.33,  349.34
 601.25,  474.71,   96.36
 602.81,  473.98,  221.35
 604.37,  473.25,  346.34
 602.36,  599.70,   97.08
 603.92,  598.97,  222.07
 605.48,  598.24,  347.06
 603.47,  724.69,   97.80
 605.03,  723.96,  222.78
 606.59,  723.23,  347.77
 351.21,  476.30,  223.94
 348.86,  479.11,  348.89
 346.51,  481.91,  473.83
 351.54,  601.27,  221.14
 349.19,  604.08,  346.09
 346.84,  606.88,  471.03
 351.87,  726.24,  218.34
 349.52,  729.05,  343.29
 347.17,  731.85,  468.23
 476.18,  476.03,  226.30
 473.83,  478.83,  351.24
 471.48,  481.64,  476.19
 476.51,  600.99,  223.50
 474.16,  603.80,  348.44
 471.81,  606.60,  473.39
 476.85,  725.96,  220.70
 474.50,  728.77,  345.64
 472.15,  731.57,  470.59
 601.16,  475.75,  228.65
 598.81,  478.55,  353.60
 596.46,  481.36,  478.55
 601.49,  600.72,  225.85
 599.14,  603.52,  350.80
 596.79,  606.33,  475.75
 601.82,  725.68,  223.06
 599.47,  728.49,  348.00
 597.12,  731.29,  472.95
 348.58,  473.79,  349.99
 350.97,  472.18,  474.96
 353.35,  470.56,  599.93
 345.57,  598.74,  351.67
 347.96,  597.13,  476.63
 350.34,  595.51,  601.60
 342.56,  723.70,  353.34
 344.94,  722.08,  478.31
 347.33,  720.46,  603.27
 473.52,  476.83,  347.65
 475.91,  475.22,  472.61
 478.30,  473.60,  597.58
 470.51,  601.79,  349.32
 472.90,  600.17,  474.29
 475.28,  598.56,  599.25
 467.50,  726.74,  350.99
 469.88,  725.12,  475.96
 472.27,  723.51,  600.93
 598.46,  479.88,  345.30
 600.85,  478.26,  470.27
 603.24,  476.65,  595.23
 595.45,  604.83,  346.97
 597.84,  603.22,  471.94
 600.22,  601.60,  596.91
 592.44,  729.78,  348.65
 594.82,  728.17,  473.61
 597.21,  726.55,  598.58
 351.50,  474.61,  475.92
 354.20,  475.72,  600.88
 356.90,  476.83,  725.85
 349.92,  599.60,  474.84
 352.62,  600.71,  599.80
 355.33,  601.82,  724.77
 348.35,  724.58,  473.76
 351.05,  725.69,  598.73
 353.75,  726.81,  723.69
 476.46,  476.16,  473.20
 479.16,  477.28,  598.16
 481.86,  478.39,  723.13
 474.88,  601.15,  472.12
 477.58,  602.26,  597.09
 480.29,  603.37,  722.05
 473.31,  726.14,  471.04
 476.01,  727.25,  596.01
 478.71,  728.36,  720.98
 601.42,  477.72,  470.48
 604.12,  478.83,  595.45
 606.82,  479.94,  720.41
 599.84,  602.70,  469.40
 602.55,  603.81,  594.37
 605.25,  604.92,  719.34
 598.27,  727.69,  468.33
 600.97,  728.80,  593.29
 603.67,  729.91,  718.26
 348.37,  475.63,  600.26
 346.01,  475.08,  725.23
 343.66,  474.53,  850.21
 347.76,  600.63,  600.79
 345.41,  600.08,  725.77
 343.06,  599.53,  850.75
 347.16,  725.63,  601.33
 344.81,  725.08,  726.31
 342.45,  724.53,  851.28
 473.34,  476.22,  602.61
 470.99,  475.67,  727.59
 468.63,  475.13,  852.57
 472.74,  601.22,  603.15
 470.39,  600.67,  728.13
 468.03,  600.12,  853.10
 472.14,  726.22,  603.69
 469.78,  725.67,  728.67
 467.43,  725.12,  853.64
 598.32,  476.81,  604.97
 595.96,  476.27,  729.95
 593.61,  475.72,  854.93
 597.72,  601.81,  605.51
 595.36,  601.26,  730.49
 593.01,  600.71,  855.46
 597.12,  726.81,  606.05
 594.76,  726.26,  731.02
 592.41,  725.71,  856.00
 350.71,  599.85,   98.92
 349.11,  603.59,  223.86
 347.51,  607.32,  348.79
 352.57,  724.78,   95.21
 350.97,  728.52,  220.15
 349.37,  732.25,  345.08
 354.43,  849.72,   91.50
 352.83,  853.45,  216.44
 351.23,  857.18,  341.37
 475.69,  598.04,  100.58
 474.09,  601.78,  225.51
 472.49,  605.51,  350.45
 477.55,  722.97,   96.87
 475.95,  726.71,  221.80
 474.35,  730.44,  346.74
 479.41,  847.91,   93.16
 477.81,  851.64,  218.09
 476.20,  855.37,  343.03
 600.67,  596.23,  102.23
 599.07,  599.97,  227.17
 597.46,  603.70,  352.10
 602.52,  721.17,   98.52
 600.92,  724.90,  223.46
 599.32,  728.63,  348.39
 604.38,  846.10,   94.81
 602.78,  849.83,  219.75
 601.18,  853.57,  344.68
 351.22,  600.06,  224.54
 352.03,  603.49,  349.49
 352.85,  606.92,  474.44
 353.39,  724.99,  221.10
 354.20,  728.42,  346.05
 355.02,  731.85,  471.00
 355.56,  849.92,  217.65
 356.38,  853.36,  342.60
 357.19,  856.79,  467.55
 476.19,  597.86,  223.79
 477.01,  601.29,  348.74
 477.83,  604.73,  473.69
 478.37,  722.80,  220.34
 479.18,  726.23,  345.29
 480.00,  729.66,  470.24
 480.54,  847.73,  216.90
 481.36,  851.16,  341.85
 482.17,  854.59,  466.80
 601.17,  595.67,  223.03
 601.99,  599.10,  347.98
 602.81,  602.53,  472.93
 603.35,  720.60,  219.58
 604.16,  724.03,  344.53
 604.98,  727.47,  469.48
 605.52,  845.54,  216.14
 606.33,  848.97,  341.09
 607.15,  852.40,  466.04
 349.75,  599.83,  351.64
 346.51,  602.00,  476.58
 343.27,  604.17,  601.52
 353.05,  724.77,  349.56
 349.81,  726.94,  474.50
 346.57,  729.11,  599.44
 356.35,  849.71,  347.48
 353.11,  851.88,  472.42
 349.87,  854.05,  597.35
 474.67,  596.59,  354.94
 471.42,  598.76,  479.88
 468.18,  600.92,  604.82
 477.97,  721.53,  352.86
 474.73,  723.70,  477.80
 471.48,  725.86,  602.74
 481.27,  846.47,  350.77
 478.03,  848.63,  475.71
 474.78,  850.80,  600.65
 599.58,  593.34,  358.24
 596.34,  595.51,  483.18
 593.10,  597.68,  608.12
 602.88,  718.28,  356.15
 599.64,  720.45,  481.09
 596.40,  722.62,  606.03
 606.18,  843.22,  354.07
 602.94,  845.39,  479.01
 599.70,  847.56,  603.95
 350.48,  598.70,  473.20
 349.04,  595.03,  598.14
 347.60,  591.36,  723.08
 348.21,  723.63,  476.84
 346.77,  719.96,  601.78
 345.33,  716.29,  726.72
 345.94,  848.55,  480.49
 344.51,  844.88,  605.43
 343.07,  841.21,  730.36
 475.45,  600.93,  474.70
 474.01,  597.26,  599.64
 472.57,  593.58,  724.58
 473.18,  725.85,  478.35
 471.74,  722.18,  603.29
 470.31,  718.51,  728.22
 470.91,  850.78,  481.99
 469.48,  847.11,  606.93
 468.04,  843.44,  731.87
 600.42,  603.15,  476.21
 598.98,  599.48,  601.14
 597.54,  595.81,  726.08
 598.15,  728.08,  479.85
 596.71,  724.41,  604.79
 595.28,  720.73,  729.73
 595.89,  853.00,  483.49
 594.45,  849.33,  608.43
 593.01,  845.66,  733.37
 351.99,  598.99,  601.41
 351.10,  600.52,  726.39
 350.22,  602.05,  851.38
 349.25,  723.95,  599.86
 348.36,  725.48,  724.85
 347.48,  727.01,  849.83
 346.51,  848.91,  598.31
 345.63,  850.44,  723.30
 344.74,  851.97,  848.29
 476.95,  601.74,  602.26
 476.07,  603.27,  727.24
 475.19,  604.80,  852.23
 474.21,  726.70,  600.71
 473.33,  728.23,  725.70
 472.45,  729.76,  850.68
 471.48,  851.66,  599.16
 470.59,  853.19,  724.15
 469.71,  854.72,  849.14
 601.92,  604.49,  603.11
 601.04,  606.02,  728.09
 600.15,  607.55,  853.08
 599.18,  729.45,  601.56
 598.30,  730.98,  726.55
 597.41,  732.51,  851.53
 596.44,  854.41,  600.01
 595.56,  855.94,  725.00
 594.68,  857.47,  849.99
 473.69,   98.84,  100.19
 475.79,  101.69,  225.14
 477.89,  104.55,  350.09
 470.02,  223.75,   97.40
 472.12,  226.61,  222.35
 474.22,  229.46,  347.29
 466.35,  348.67,   94.60
 468.45,  351.52,  219.55
 470.55,  354.38,  344.50
 598.62,  102.46,   98.00
 600.72,  105.32,  222.95
 602.82,  108.17,  347.90
 594.95,  227.38,   95.21
 597.05,  230.23,  220.16
 599.15,  233.08,  345.11
 591.27,  352.29,   92.42
 593.37,  355.15,  217.37
 595.47,  358.00,  342.32
 723.55,  106.09,   95.82
 725.65,  108.94,  220.77
 727.75,  111.79,  345.72
 719.87,  231.00,   93.03
 721.97,  233.85,  217.98
 724.07,  236.71,  342.93
 716.20,  355.92,   90.24
 718.30,  358.77,  215.19
 720.40,  361.62,  340.14
 475.64,   98.71,  225.61
 474.07,   99.38,  350.60
 472.51,  100.04,  475.59
 478.12,  223.68,  224.98
 476.56,  224.35,  349.97
 474.99,  225.01,  474.95
 480.61,  348.66,  224.34
 479.04,  349.32,  349.33
 477.48,  349.99,  474.32
 600.60,   96.23,  227.19
 599.04,   96.90,  352.18
 597.47,   97.56,  477.17
 603.09,  221.21,  226.56
 601.52,  221.87,  351.54
 599.96,  222.54,  476.53
 605.57,  346.18,  225.92
 604.01,  346.84,  350.91
 602.44,  347.51,  475.90
 725.57,   93.75,  228.77
 724.00,   94.42,  353.76
 722.44,   95.08,  478.75
 728.05,  218.73,  228.14
 726.49,  219.39,  353.12
 724.92,  220.06,  478.11
 730.54,  343.70,  227.50
 728.97,  344.37,  352.49
 727.41,  345.03,  477.48
 473.30,   98.20,  348.16
 471.35,   97.93,  473.14
 469.39,   97.66,  598.13
 476.18,  223.17,  348.47
 474.22,  222.90,  473.46
 472.27,  222.63,  598.44
 479.05,  348.13,  348.79
 477.10,  347.86,  473.77
 475.14,  347.60,  598.75
 598.25,   95.32,  350.11
 596.30,   95.05,  475.09
 594.34,   94.78,  600.08
 601.13,  220.29,  350.42
 599.17,  220.02,  475.40
 597.22,  219.75,  600.39
 604.00,  345.25,  350.73
 602.05,  344.98,  475.72
 600.09,  344.72,  600.70
 723.20,   92.44,  352.06
 721.25,   92.17,  477.04
 719.29,   91.90,  602.02
 726.08,  217.41,  352.37
 724.12,  217.14,  477.35
 722.17,  216.87,  602.34
 728.96,  342.37,  352.68
 727.00,  342.10,  477.67
 725.04,  341.84,  602.65
 473.28,  100.07,  473.32
 470.56,   99.45,  598.29
 467.84,   98.83,  723.26
 471.14,  225.05,  473.89
 468.42,  224.43,  598.86
 465.70,  223.81,  723.83
 469.00,  350.03,  474.47
 466.28,  349.41,  599.43
 463.56,  348.79,  724.40
 598.23,  102.20,  476.05
 595.51,  101.58,  601.02
 592.79,  100.96,  725.99
 596.09,  227.18,  476.62
 593.37,  226.56,  601.59
 590.65,  225.94,  726.56
 593.95,  352.16,  477.19
 591.23,  351.54,  602.16
 588.52,  350.92,  727.13
 723.18,  104.32,  478.78
 720.46,  103.70,  603.75
 717.75,  103.09,  728.71
 721.04,  229.30,  479.35
 718.32,  228.68,  604.32
 715.61,  228.07,  729.29
 718.90,  354.28,  479.92
 716.19,  353.67,  604.89
 713.47,  353.05,  729.86
 475.73,  101.51,  598.37
 476.79,  102.66,  723.36
 477.85,  103.81,  848.35
 477.53,  226.49,  597.21
 478.59,  227.64,  722.20
 479.64,  228.79,  847.19
 479.32,  351.47,  596.04
 480.38,  352.62,  721.03
 481.44,  353.77,  846.03
 600.71,   99.70,  597.33
 601.77,  100.85,  722.32
 602.83,  102.00,  847.31
 602.51,  224.69,  596.17
 603.57,  225.84,  721.16
 604.63,  226.98,  846.15
 604.31,  349.67,  595.00
 605.36,  350.82,  719.99
 606.42,  351.97,  844.98
 725.70,   97.90,  596.29
 726.75,   99.05,  721.28
 727.81,  100.20,  846.27
 727.49,  222.88,  595.13
 728.55,  224.03,  720.12
 729.61,  225.18,  845.11
 729.29,  347.86,  593.96
 730.35,  349.01,  718.95
 731.40,  350.16,  843.94
 476.65,  224.72,  100.61
 479.01,  225.89,  225.59
 481.37,  227.06,  350.56
 479.82,  349.68,   99.39
 482.18,  350.84,  224.36
 484.53,  352.01,  349.33
 482.99,  474.63,   98.16
 485.34,  475.80,  223.14
 487.70,  476.96,  348.11
 601.59,  221.54,   98.29
 603.95,  222.70,  223.26
 606.30,  223.87,  348.23
 604.76,  346.49,   97.06
 607.11,  347.65,  222.04
 609.47,  348.82,  347.01
 607.93,  471.44,   95.84
 610.28,  472.61,  220.81
 612.64,  473.77,  345.78
 726.53,  218.35,   95.96
 728.89,  219.51,  220.94
 731.24,  220.68,  345.91
 729.70,  343.30,   94.74
 732.05,  344.47,  219.71
 734.41,  345.63,  344.68
 732.86,  468.25,   93.51
 735.22,  469.42,  218.49
 737.58,  470.58,  343.46
 473.47,  225.99,  224.87
 471.99,  225.88,  349.86
 470.51,  225.78,  474.85
 472.68,  350.99,  224.96
 471.20,  350.88,  349.96
 469.72,  350.77,  474.95
 471.89,  475.99,  225.06
 470.41,  475.88,  350.05
 468.93,  475.77,  475.04
 598.46,  226.78,  226.35
 596.98,  226.67,  351.34
 595.50,  226.57,  476.33
 597.67,  351.78,  226.44
 596.19,  351.67,  351.43
 594.71,  351.56,  476.43
 596.87,  476.78,  226.54
 595.40,  476.67,  351.53
 593.92,  476.56,  476.52
 723.45,  227.57,  227.82
 721.97,  227.46,  352.82
 720.49,  227.36,  477.81
 722.65,  352.57,  227.92
 721.18,  352.46,  352.91
 719.70,  352.35,  477.91
 721.86,  477.57,  228.02
 720.38,  477.46,  353.01
 718.91,  477.35,  478.00
 475.22,  223.60,  348.08
 473.15,  223.14,  473.06
 471.09,  222.68,  598.04
 475.73,  348.60,  348.55
 473.66,  348.14,  473.53
 471.60,  347.68,  598.51
 476.24,  473.60,  349.02
 474.17,  473.14,  474.00
 472.11,  472.67,  598.98
 600.20,  223.08,  350.14
 598.14,  222.62,  475.12
 596.07,  222.16,  600.10
 600.71,  348.08,  350.61
 598.65,  347.62,  475.59
 596.58,  347.16,  600.57
 601.22,  473.08,  351.08
 599.16,  472.62,  476.06
 597.09,  472.16,  601.05
 725.18,  222.57,  352.20
 723.12,  222.10,  477.18
 721.05,  221.64,  602.17
 725.69,  347.56,  352.67
 723.63,  347.10,  477.65
 721.56,  346.64,  602.64
 726.20,  472.56,  353.14
 724.14,  472.10,  478.13
 722.07,  471.64,  603.11
 474.31,  223.60,  476.45
 472.88,  225.10,  601.43
 471.45,  226.60,  726.42
 476.15,  348.58,  474.97
 474.72,  350.08,  599.96
 473.30,  351.57,  724.94
 477.99,  473.56,  473.50
 476.57,  475.06,  598.48
 475.14,  476.55,  723.47
 599.29,  221.78,  477.90
 597.86,  223.28,  602.88
 596.43,  224.77,  727.86
 601.13,  346.76,  476.42
 599.70,  348.25,  601.41
 598.27,  349.75,  726.39
 602.97,  471.74,  474.95
 601.54,  473.23,  599.93
 600.12,  474.73,  724.91
 724.27,  219.96,  479.35
 722.84,  221.45,  604.33
 721.41,  222.95,  729.31
 726.11,  344.93,  477.87
 724.68,  346.43,  602.86
 723.25,  347.92,  727.84
 727.95,  469.91,  476.40
 726.52,  471.41,  601.38
 725.09,  472.90,  726.36
 474.99,  225.86,  601.80
 471.80,  224.96,  726.76
 468.61,  224.06,  851.72
 475.40,  350.85,  602.71
 472.21,  349.95,  727.67
 469.02,  349.05,  852.63
 475.80,  475.85,  603.62
 472.61,  474.95,  728.58
 469.43,  474.05,  853.54
 599.95,  225.43,  604.99
 596.76,  224.53,  729.95
 593.57,  223.63,  854.90
 600.35,  350.42,  605.90
 597.17,  349.52,  730.86
 593.98,  348.62,  855.81
 600.76,  475.42,  606.81
 597.57,  474.52,  731.77
 594.39,  473.62,  856.72
 724.91,  225.00,  608.17
 721.72,  224.10,  733.13
 718.53,  223.20,  858.09
 725.31,  349.99,  609.08
 722.13,  349.09,  734.04
 718.94,  348.19,  859.00
 725.72,  474.99,  609.99
 722.53,  474.09,  734.95
 719.34,  473.19,  859.91
 475.14,  350.02,  101.80
 476.76,  349.75,  226.79
 478.39,  349.49,  351.78
 476.03,  475.01,  102.06
 477.66,  474.75,  227.05
 479.28,  474.49,  352.04
 476.93,  600.01,  102.31
 478.55,  599.75,  227.30
 480.18,  599.48,  352.29
 600.12,  349.13,  100.18
 601.75,  348.86,  225.17
 603.38,  348.60,  350.15
 601.02,  474.12,  100.43
 602.64,  473.86,  225.42
 604.27,  473.59,  350.41
 601.91,  599.12,  100.68
 603.54,  598.86,  225.67
 605.16,  598.59,  350.66
 725.11,  348.24,   98.55
 726.74,  347.97,  223.54
 728.36,  347.71,  348.53
 726.00,  473.23,   98.80
 727.63,  472.97,  223.79
 729.26,  472.70,  348.78
 726.90,  598.23,   99.05
 728.52,  597.96,  224.04
 730.15,  597.70,  349.03
 474.71,  350.21,  226.59
 473.81,  346.85,  351.55
 472.91,  343.48,  476.50
 476.73,  475.15,  229.97
 475.83,  471.78,  354.92
 474.93,  468.42,  479.88
 478.76,  600.09,  233.35
 477.85,  596.72,  358.30
 476.95,  593.36,  483.25
 599.69,  348.16,  227.44
 598.79,  344.80,  352.39
 597.89,  341.44,  477.34
 601.71,  473.10,  230.82
 600.81,  469.74,  355.77
 599.91,  466.37,  480.72
 603.74,  598.04,  234.20
 602.83,  594.68,  359.15
 601.93,  591.31,  484.10
 724.67,  346.12,  228.29
 723.77,  342.75,  353.24
 722.87,  339.39,  478.19
 726.69,  471.06,  231.67
 725.79,  467.69,  356.62
 724.89,  464.33,  481.57
 728.72,  595.99,  235.05
 727.82,  592.63,  360.00
 726.91,  589.27,  484.95
 476.22,  350.30,  351.16
 478.41,  351.47,  476.14
 480.59,  352.63,  601.11
 473.60,  475.26,  350.04
 475.79,  476.43,  475.01
 477.98,  477.60,  599.99
 470.99,  600.23,  348.91
 473.18,  601.40,  473.89
 475.36,  602.57,  598.86
 601.17,  352.89,  348.95
 603.36,  354.06,  473.93
 605.55,  355.23,  598.90
 598.56,  477.86,  347.83
 600.74,  479.03,  472.80
 602.93,  480.20,  597.78
 595.94,  602.83,  346.70
 598.13,  604.00,  471.68
 600.32,  605.16,  596.65
 726.13,  355.49,  346.74
 728.31,  356.66,  471.72
 730.50,  357.82,  596.69
 723.51,  480.45,  345.62
 725.70,  481.62,  470.59
 727.88,  482.79,  595.57
 720.90,  605.42,  344.49
 723.08,  606.59,  469.47
 725.27,  607.76,  594.44
 474.02,  348.44,  476.65
 476.24,  352.01,  601.58
 478.45,  355.58,  726.51
 471.54,  473.37,  473.13
 473.75,  476.94,  598.06
 475.96,  480.51,  722.99
 469.05,  598.29,  469.60
 471.26,  601.86,  594.53
 473.48,  605.43,  719.46
 598.98,  350.86,  474.37
 601.19,  354.43,  599.30
 603.41,  358.00,  724.23
 596.49,  475.79,  470.84
 598.71,  479.36,  595.77
 600.92,  482.93,  720.70
 594.01,  600.72,  467.32
 596.22,  604.28,  592.25
 598.43,  607.85,  717.18
 723.93,  353.29,  472.08
 726.15,  356.85,  597.01
 728.36,  360.42,  721.94
 721.45,  478.21,  468.56
 723.66,  481.78,  593.49
 725.88,  485.35,  718.42
 718.96,  603.14,  465.03
 721.18,  606.71,  589.96
 723.39,  610.27,  714.89
 475.43,  351.96,  599.01
 474.73,  350.66,  724.00
 474.02,  349.35,  849.00
 477.38,  476.94,  600.33
 476.68,  475.63,  725.32
 475.97,  474.33,  850.31
 479.33,  601.92,  601.65
 478.63,  600.61,  726.64
 477.92,  599.30,  851.63
 600.41,  350.01,  599.70
 599.71,  348.70,  724.69
 599.01,  347.39,  849.68
 602.36,  474.99,  601.02
 601.66,  473.68,  726.01
 600.96,  472.37,  851.00
 604.31,  599.96,  602.33
 603.61,  598.66,  727.33
 602.91,  597.35,  852.32
 725.40,  348.05,  600.38
 724.69,  346.74,  725.37
 723.99,  345.43,  850.36
 727.35,  473.03,  601.70
 726.64,  471.72,  726.69
 725.94,  470.41,  851.68
 729.30,  598.01,  603.02
 728.59,  596.70,  728.01
 727.89,  595.39,  853.00
 476.71,  476.64,  101.61
 478.99,  476.53,  226.59
 481.28,  476.42,  351.57
 479.05,  601.62,  101.68
 481.34,  601.51,  226.66
 483.62,  601.40,  351.64
 481.40,  726.60,  101.75
 483.68,  726.49,  226.73
 485.97,  726.38,  351.71
 601.66,  474.30,   99.32
 603.95,  474.19,  224.30
 606.24,  474.08,  349.28
 604.01,  599.28,   99.39
 606.30,  599.16,  224.37
 608.58,  599.05,  349.35
 606.35,  724.25,   99.46
 608.64,  724.14,  224.44
 610.93,  724.03,  349.42
 726.62,  471.95,   97.03
 728.91,  471.84,  222.01
 731.19,  471.73,  346.99
 728.97,  596.93,   97.10
 731.25,  596.82,  222.08
 733.54,  596.71,  347.06
 731.31,  721.91,   97.17
 733.60,  721.80,  222.15
 735.88,  721.69,  347.13
 474.68,  475.55,  223.74
 476.98,  477.70,  348.70
 479.28,  479.84,  473.66
 473.20,  600.52,  221.62
 475.50,  602.67,  346.58
 477.81,  604.82,  471.54
 471.72,  725.49,  219.50
 474.03,  727.64,  344.46
 476.33,  729.79,  469.42
 599.65,  476.99,  221.41
 601.95,  479.13,  346.37
 604.25,  481.28,  471.33
 598.17,  601.96,  219.29
 600.47,  604.11,  344.25
 602.78,  606.26,  469.21
 596.69,  726.93,  217.17
 599.00,  729.08,  342.13
 601.30,  731.23,  467.09
 724.62,  478.43,  219.09
 726.92,  480.57,  344.05
 729.22,  482.72,  469.01
 723.14,  603.40,  216.96
 725.44,  605.55,  341.92
 727.75,  607.70,  466.88
 721.66,  728.37,  214.84
 723.97,  730.52,  339.80
 726.27,  732.67,  464.76
 476.81,  474.98,  349.98
 478.09,  473.89,  474.97
 479.37,  472.80,  599.95
 478.39,  599.97,  351.05
 479.67,  598.88,  476.04
 480.95,  597.78,  601.03
 479.98,  724.95,  352.13
 481.26,  723.86,  477.12
 482.54,  722.77,  602.11
 601.79,  473.41,  348.68
 603.07,  472.31,  473.67
 604.35,  471.22,  598.66
 603.38,  598.39,  349.76
 604.66,  597.30,  474.75
 605.94,  596.21,  599.74
 604.96,  723.38,  350.84
 606.24,  722.29,  475.82
 607.52,  721.19,  600.81
 726.77,  471.83,  347.39
 728.05,  470.74,  472.38
 729.33,  469.65,  597.37
 728.36,  596.82,  348.47
 729.64,  595.73,  473.45
 730.92,  594.63,  598.44
 729.94,  721.80,  349.54
 731.23,  720.71,  474.53
 732.51,  719.62,  599.52
 476.36,  475.31,  473.16
 474.18,  473.59,  598.13
 472.00,  471.88,  723.10
 475.85,  600.29,  474.87
 473.67,  598.58,  599.84
 471.49,  596.86,  724.81
 475.34,  725.28,  476.57
 473.17,  723.57,  601.54
 470.99,  721.85,  726.51
 601.34,  475.78,  475.35
 599.16,  474.07,  600.31
 596.98,  472.35,  725.28
 600.83,  600.77,  477.05
 598.65,  599.05,  602.02
 596.47,  597.34,  726.99
 600.32,  725.76,  478.76
 598.15,  724.04,  603.73
 595.97,  722.33,  728.70
 726.32,  476.26,  477.53
 724.14,  474.54,  602.50
 721.96,  472.83,  727.47
 725.81,  601.25,  479.24
 723.63,  599.53,  604.21
 721.45,  597.81,  729.18
 725.30,  726.23,  480.94
 723.13,  724.52,  605.91
 720.95,  722.80,  730.88
 474.31,  475.27,  598.18
 471.71,  477.55,  723.13
 469.11,  479.82,  848.08
 474.64,  600.25,  595.91
 472.04,  602.53,  720.86
 469.44,  604.80,  845.81
 474.98,  725.23,  593.64
 472.38,  727.50,  718.59
 469.78,  729.78,  843.54
 599.28,  474.98,  600.78
 596.68,  477.26,  725.73
 594.08,  479.53,  850.69
 599.61,  599.96,  598.51
 597.01,  602.24,  723.47
 594.41,  604.51,  848.42
 599.95,  724.94,  596.24
 597.35,  727.22,  721.20
 594.75,  729.49,  846.15
 724.25,  474.69,  603.39
 721.65,  476.97,  728.34
 719.05,  479.25,  853.29
 724.59,  599.67,  601.12
 721.99,  601.95,  726.07
 719.39,  604.22,  851.02
 724.92,  724.65,  598.85
 722.32,  726.93,  723.80
 719.72,  729.20,  848.75
 473.27,  601.21,  101.59
 472.86,  600.11,  226.58
 472.45,  599.02,  351.58
 469.73,  726.15,  102.67
 469.32,  725.06,  227.66
 468.91,  723.97,  352.66
 466.18,  851.10,  103.75
 465.77,  850.00,  228.74
 465.36,  848.91,  353.74
 598.22,  604.75,  102.03
 597.81,  603.65,  227.02
 597.40,  602.56,  352.02
 594.67,  729.69,  103.11
 594.27,  728.60,  228.10
 593.86,  727.51,  353.10
 591.13,  854.64,  104.19
 590.72,  853.54,  229.18
 590.31,  852.45,  354.18
 723.17,  608.29,  102.47
 722.76,  607.19,  227.46
 722.35,  606.10,  352.46
 719.62,  733.23,  103.55
 719.21,  732.14,  228.54
 718.81,  731.05,  353.54
 716.08,  858.18,  104.63
 715.67,  857.08,  229.62
 715.26,  855.99,  354.62
 476.11,  600.51,  226.74
 477.58,  598.46,  351.72
 479.05,  596.41,  476.69
 476.89,  725.49,  228.78
 478.36,  723.44,  353.76
 479.83,  721.39,  478.73
 477.66,  850.47,  230.82
 479.13,  848.42,  355.80
 480.60,  846.37,  480.77
 601.10,  599.76,  225.26
 602.57,  597.71,  350.24
 604.04,  595.66,  475.21
 601.88,  724.74,  227.30
 603.35,  722.69,  352.27
 604.81,  720.64,  477.25
 602.65,  849.72,  229.34
 604.12,  847.67,  354.31
 605.59,  845.62,  479.29
 726.09,  599.01,  223.78
 727.56,  596.96,  348.75
 729.03,  594.91,  473.73
 726.87,  723.99,  225.82
 728.33,  721.94,  350.79
 729.80,  719.89,  475.77
 727.64,  848.97,  227.86
 729.11,  846.92,  352.83
 730.58,  844.87,  477.81
 473.97,  598.15,  351.37
 476.88,  599.35,  476.33
 479.78,  600.54,  601.29
 474.97,  723.14,  350.15
 477.87,  724.34,  475.11
 480.78,  725.53,  600.07
 475.96,  848.13,  348.93
 478.87,  849.33,  473.89
 481.78,  850.52,  598.85
 598.93,  597.13,  348.47
 601.84,  598.32,  473.43
 604.75,  599.52,  598.39
 599.93,  722.12,  347.25
 602.84,  723.31,  472.21
 605.74,  724.51,  597.17
 600.92,  847.11,  346.03
 603.83,  848.30,  470.99
 606.74,  849.50,  595.95
 723.89,  596.10,  345.57
 726.80,  597.30,  470.53
 729.71,  598.49,  595.49
 724.89,  721.09,  344.35
 727.80,  722.29,  469.31
 730.70,  723.48,  594.28
 725.89,  846.08,  343.14
 728.79,  847.28,  468.10
 731.70,  848.47,  593.06
 473.09,  601.57,  474.81
 473.69,  600.74,  599.81
 474.29,  599.90,  724.80
 473.54,  726.57,  475.65
 474.14,  725.73,  600.64
 474.74,  724.90,  725.64
 473.99,  851.57,  476.48
 474.59,  850.73,  601.48
 475.19,  849.89,  726.47
 598.08,  601.13,  474.21
 598.68,  600.29,  599.20
 599.29,  599.45,  724.20
 598.54,  726.12,  475.04
 599.14,  725.29,  600.04
 599.74,  724.45,  725.03
 598.99,  851.12,  475.88
 599.59,  850.28,  600.87
 600.19,  849.45,  725.87
 723.08,  600.68,  473.60
 723.68,  599.84,  598.60
 724.28,  599.00,  723.59
 723.53,  725.67,  474.44
 724.13,  724.84,  599.43
 724.74,  724.00,  724.43
 723.99,  850.67,  475.27
 724.59,  849.83,  600.27
 725.19,  849.00,  725.26
 474.15,  598.73,  599.07
 474.59,  601.50,  724.04
 475.02,  604.27,  849.01
 474.46,  723.70,  596.30
 474.90,  726.46,  721.27
 475.34,  729.23,  846.24
 474.78,  848.66,  593.53
 475.21,  851.43,  718.50
 475.65,  854.20,  843.47
 599.15,  598.40,  598.64
 599.59,  601.17,  723.61
 600.02,  603.94,  848.58
 599.46,  723.37,  595.87
 599.90,  726.14,  720.84
 600.34,  728.91,  845.81
 599.77,  848.34,  593.10
 600.21,  851.11,  718.07
 600.65,  853.88,  843.04
 724.15,  598.08,  598.21
 724.58,  600.85,  723.18
 725.02,  603.62,  848.15
 724.46,  723.05,  595.44
 724.90,  725.82,  720.41
 725.33,  728.59,  845.38
 724.77,  848.02,  592.67
 725.21,  850.79,  717.64
 725.65,  853.56,  842.61
 598.08,   98.74,   98.93
 601.52,   95.49,  223.84
 604.96,   92.23,  348.75
 597.72,  223.70,  102.20
 601.15,  220.44,  227.11
 604.59,  217.19,  352.02
 597.35,  348.66,  105.46
 600.79,  345.40,  230.37
 604.23,  342.15,  355.28
 723.03,   99.20,   95.50
 726.47,   95.94,  220.41
 729.91,   92.69,  345.32
 722.67,  224.15,   98.77
 726.11,  220.90,  223.68
 729.54,  217.65,  348.59
 722.30,  349.11,  102.03
 725.74,  345.86,  226.94
 729.18,  342.60,  351.85
 847.99,   99.65,   92.08
 851.42,   96.40,  216.99
 854.86,   93.14,  341.90
 847.62,  224.61,   95.34
 851.06,  221.36,  220.25
 854.50,  218.10,  345.16
 847.26,  349.57,   98.61
 850.69,  346.31,  223.52
 854.13,  343.06,  348.43
 598.95,  100.43,  225.27
 596.29,  103.02,  350.21
 593.62,  105.60,  475.16
 595.93,  225.36,  222.62
 593.27,  227.95,  347.56
 590.60,  230.54,  472.51
 592.91,  350.30,  219.96
 590.25,  352.89,  344.91
 587.58,  355.47,  469.85
 723.88,  103.50,  227.87
 721.22,  106.09,  352.81
 718.56,  108.68,  477.76
 720.86,  228.44,  225.21
 718.20,  231.03,  350.16
 715.54,  233.61,  475.10
 717.84,  353.37,  222.56
 715.18,  355.96,  347.51
 712.52,  358.55,  472.45
 848.82,  106.58,  230.46
 846.16,  109.17,  355.41
 843.49,  111.75,  480.35
 845.80,  231.51,  227.81
 843.14,  234.10,  352.76
 840.47,  236.69,  477.70
 842.78,  356.45,  225.16
 840.12,  359.04,  350.10
 837.45,  361.62,  475.05
 600.76,  101.75,  348.85
 600.29,  101.82,  473.85
 599.83,  101.89,  598.85
 603.32,  226.72,  348.79
 602.85,  226.80,  473.79
 602.39,  226.87,  598.79
 605.88,  351.70,  348.73
 605.41,  351.77,  473.73
 604.94,  351.84,  598.73
 725.74,   99.19,  349.32
 725.27,   99.26,  474.32
 724.80,   99.34,  599.32
 728.29,  224.17,  349.26
 727.83,  224.24,  474.26
 727.36,  224.31,  599.26
 730.85,  349.14,  349.20
 730.39,  349.21,  474.20
 729.92,  349.28,  599.20
 850.71,   96.63,  349.79
 850.24,   96.71,  474.79
 849.77,   96.78,  599.79
 853.27,  221.61,  349.73
 852.80,  221.68,  474.73
 852.33,  221.75,  599.73
 855.83,  346.58,  349.67
 855.36,  346.65,  474.67
 854.89,  346.72,  599.67
 600.86,   98.58,  473.73
 601.46,   98.43,  598.73
 602.06,   98.28,  723.73
 604.45,  223.53,  473.87
 605.05,  223.38,  598.87
 605.65,  223.23,  723.86
 608.03,  348.48,  474.00
 608.63,  348.33,  599.00
 609.23,  348.18,  724.00
 725.81,   95.00,  473.13
 726.41,   94.85,  598.13
 727.01,   94.70,  723.13
 729.39,  219.95,  473.26
 729.99,  219.79,  598.26
 730.60,  219.64,  723.26
 732.98,  344.89,  473.40
 733.58,  344.74,  598.39
 734.18,  344.59,  723.39
 850.76,   91.41,  472.52
 851.36,   91.26,  597.52
 851.96,   91.11,  722.52
 854.34,  216.36,  472.66
 854.94,  216.21,  597.66
 855.54,  216.06,  722.65
 857.93,  341.31,  472.79
 858.53,  341.16,  597.79
 859.13,  341.01,  722.79
 601.52,  101.21,  598.06
 602.25,  102.36,  723.05
 602.97,  103.52,  848.04
 603.46,  226.19,  596.89
 604.18,  227.34,  721.88
 604.91,  228.49,  846.87
 605.40,  351.16,  595.72
 606.12,  352.32,  720.72
 606.85,  353.47,  845.71
 726.50,   99.26,  597.35
 727.23,  100.42,  722.34
 727.95,  101.57,  847.33
 728.44,  224.24,  596.18
 729.17,  225.40,  721.17
 729.89,  226.55,  846.17
 730.38,  349.22,  595.02
 731.11,  350.37,  720.01
 731.83,  351.53,  845.00
 851.49,   97.32,  596.64
 852.21,   98.47,  721.63
 852.94,   99.63,  846.63
 853.42,  222.30,  595.47
 854.15,  223.45,  720.47
 854.88,  224.61,  845.46
 855.36,  347.28,  594.31
 856.09,  348.43,  719.30
 856.81,  349.59,  844.29
 598.63,  223.48,  100.29
 597.16,  224.05,  225.28
 595.69,  224.63,  350.27
 600.03,  348.47,   99.73
 598.56,  349.04,  224.72
 597.09,  349.62,  349.71
 601.43,  473.46,   99.17
 599.96,  474.04,  224.16
 598.49,  474.61,  349.15
 723.61,  222.08,  101.77
 722.14,  222.66,  226.76
 720.67,  223.24,  351.75
 725.01,  347.07,  101.21
 723.54,  347.65,  226.20
 722.07,  348.23,  351.19
 726.41,  472.07,  100.65
 724.94,  472.64,  225.64
 723.47,  473.22,  350.63
 848.59,  220.69,  103.25
 847.12,  221.27,  228.24
 845.65,  221.84,  353.23
 849.99,  345.68,  102.69
 848.52,  346.26,  227.68
 847.05,  346.83,  352.67
 851.39,  470.67,  102.13
 849.92,  471.25,  227.12
 848.45,  471.82,  352.11
 599.37,  223.01,  225.95
 597.20,  222.16,  350.93
 595.04,  221.31,  475.91
 595.64,  347.95,  226.74
 593.48,  347.10,  351.72
 591.31,  346.25,  476.69
 591.92,  472.89,  227.52
 589.76,  472.04,  352.50
 587.59,  471.19,  477.48
 724.29,  226.71,  228.14
 722.13,  225.87,  353.12
 719.96,  225.02,  478.10
 720.57,  351.66,  228.93
 718.40,  350.81,  353.90
 716.24,  349.96,  478.88
 716.84,  476.60,  229.71
 714.68,  475.75,  354.69
 712.52,  474.90,  479.67
 849.22,  230.42,  230.33
 847.05,  229.57,  355.31
 844.89,  228.73,  480.29
 845.49,  355.37,  231.11
 843.33,  354.52,  356.09
 841.17,  353.67,  481.07
 841.77,  480.31,  231.90
 839.61,  479.46,  356.88
 837.44,  478.61,  481.85
 598.57,  223.73,  350.62
 601.82,  223.84,  475.58
 605.06,  223.95,  600.53
 598.80,  348.73,  350.50
 602.04,  348.84,  475.46
 605.29,  348.95,  600.42
 599.02,  473.73,  350.39
 602.27,  473.84,  475.34
 605.52,  473.95,  600.30
 723.53,  223.50,  347.37
 726.77,  223.61,  472.33
 730.02,  223.72,  597.29
 723.75,  348.50,  347.25
 727.00,  348.61,  472.21
 730.25,  348.72,  597.17
 723.98,  473.50,  347.14
 727.23,  473.61,  472.10
 730.48,  473.72,  597.05
 848.48,  223.27,  344.12
 851.73,  223.38,  469.08
 854.98,  223.49,  594.04
 848.71,  348.27,  344.01
 851.96,  348.38,  468.96
 855.21,  348.49,  593.92
 848.94,  473.27,  343.89
 852.19,  473.38,  468.85
 855.43,  473.49,  593.81
 601.38,  226.08,  475.81
 599.87,  228.64,  600.78
 598.35,  231.21,  725.74
 598.58,  351.02,  473.22
 597.07,  353.59,  598.18
 595.55,  356.15,  723.14
 595.78,  475.96,  470.62
 594.27,  478.53,  595.58
 592.75,  481.09,  720.55
 726.34,  228.91,  477.27
 724.83,  231.47,  602.23
 723.31,  234.04,  727.20
 723.54,  353.85,  474.67
 722.03,  356.42,  599.63
 720.51,  358.98,  724.60
 720.74,  478.79,  472.07
 719.23,  481.36,  597.04
 717.71,  483.92,  722.00
 851.30,  231.74,  478.72
 849.78,  234.31,  603.69
 848.27,  236.87,  728.65
 848.50,  356.68,  476.13
 846.98,  359.25,  601.09
 845.47,  361.81,  726.05
 845.70,  481.62,  473.53
 844.18,  484.19,  598.49
 842.67,  486.75,  723.46
 601.43,  226.97,  600.87
 603.73,  228.51,  725.84
 606.04,  230.04,  850.81
 599.33,  351.95,  599.37
 601.63,  353.48,  724.34
 603.94,  355.02,  849.31
 597.23,  476.92,  597.88
 599.54,  478.45,  722.85
 601.84,  479.99,  847.82
 726.39,  229.04,  598.54
 728.69,  230.58,  723.51
 731.00,  232.11,  848.48
 724.29,  354.02,  597.04
 726.59,  355.55,  722.01
 728.90,  357.09,  846.98
 722.19,  478.99,  595.55
 724.50,  480.52,  720.52
 726.80,  482.06,  845.48
 851.35,  231.11,  596.21
 853.65,  232.65,  721.18
 855.96,  234.18,  846.15
 849.25,  356.09,  594.71
 851.56,  357.62,  719.68
 853.86,  359.16,  844.65
 847.15,  481.06,  593.22
 849.46,  482.60,  718.18
 851.76,  484.13,  843.15
 601.76,  349.11,   98.01
 601.66,  347.42,  223.00
 601.57,  345.73,  347.99
 602.34,  474.09,   99.70
 602.25,  472.41,  224.69
 602.15,  470.72,  349.67
 602.93,  599.08,  101.38
 602.83,  597.39,  226.37
 602.74,  595.71,  351.36
 726.75,  348.52,   98.10
 726.66,  346.83,  223.09
 726.56,  345.15,  348.07
 727.34,  473.51,   99.78
 727.24,  471.82,  224.77
 727.15,  470.14,  349.76
 727.92,  598.50,  101.47
 727.83,  596.81,  226.46
 727.73,  595.12,  351.45
 851.75,  347.94,   98.18
 851.66,  346.25,  223.17
 851.56,  344.56,  348.16
 852.34,  472.92,   99.87
 852.24,  471.24,  224.86
 852.15,  469.55,  349.85
 852.92,  597.91,  101.56
 852.83,  596.22,  226.55
 852.73,  594.54,  351.53
 601.71,  349.72,  223.70
 599.03,  350.63,  348.67
 596.36,  351.53,  473.64
 603.32,  474.71,  222.83
 600.64,  475.61,  347.80
 597.97,  476.52,  472.77
 604.93,  599.70,  221.97
 602.25,  600.60,  346.93
 599.58,  601.50,  471.90
 726.67,  348.13,  226.39
 724.00,  349.04,  351.36
 721.32,  349.94,  476.33
 728.28,  473.12,  225.52
 725.61,  474.02,  350.49
 722.93,  474.93,  475.46
 729.89,  598.11,  224.65
 727.21,  599.01,  349.62
 724.54,  599.91,  474.59
 851.63,  346.54,  229.08
 848.96,  347.45,  354.05
 846.28,  348.35,  479.02
 853.24,  471.53,  228.21
 850.57,  472.43,  353.18
 847.89,  473.34,  478.15
 854.85,  596.52,  227.34
 852.18,  597.42,  352.31
 849.50,  598.32,  477.28
 598.76,  351.28,  350.59
 596.78,  352.17,  475.57
 594.80,  353.05,  600.55
 599.27,  476.28,  349.71
 597.29,  477.16,  474.69
 595.31,  478.05,  599.67
 599.79,  601.28,  348.83
 597.81,  602.16,  473.82
 595.83,  603.04,  598.80
 723.74,  350.78,  352.57
 721.76,  351.67,  477.55
 719.78,  352.55,  602.53
 724.26,  475.78,  351.69
 722.28,  476.66,  476.68
 720.30,  477.55,  601.66
 724.77,  600.78,  350.82
 722.79,  601.66,  475.80
 720.81,  602.54,  600.78
 848.73,  350.29,  354.55
 846.75,  351.17,  479.53
 844.77,  352.05,  604.52
 849.24,  475.28,  353.68
 847.26,  476.17,  478.66
 845.28,  477.05,  603.64
 849.75,  600.28,  352.80
 847.77,  601.16,  477.78
 845.79,  602.04,  602.76
 599.97,  349.55,  473.27
 603.59,  351.45,  598.20
 607.20,  353.36,  723.13
 601.86,  474.52,  471.31
 605.48,  476.42,  596.24
 609.09,  478.33,  721.17
 603.75,  599.49,  469.35
 607.37,  601.39,  594.28
 610.98,  603.30,  719.22
 724.91,  347.60,  469.68
 728.52,  349.51,  594.62
 732.14,  351.41,  719.55
 726.80,  472.57,  467.72
 730.41,  474.48,  592.66
 734.03,  476.38,  717.59
 728.68,  597.54,  465.76
 732.30,  599.45,  590.70
 735.92,  601.35,  715.63
 849.84,  345.66,  466.10
 853.46,  347.56,  591.03
 857.07,  349.47,  715.96
 851.73,  470.63,  464.14
 855.34,  472.53,  589.07
 858.96,  474.44,  714.00
 853.62,  595.60,  462.18
 857.23,  597.50,  587.11
 860.85,  599.41,  712.04
 598.89,  349.34,  598.38
 596.48,  352.96,  723.30
 594.07,  356.58,  848.22
 595.44,  474.24,  594.69
 593.03,  477.86,  719.62
 590.62,  481.47,  844.54
 591.98,  599.14,  591.01
 589.58,  602.75,  715.93
 587.17,  606.37,  840.86
 723.82,  352.86,  600.68
 721.41,  356.48,  725.61
 719.00,  360.10,  850.53
 720.37,  477.76,  597.00
 717.96,  481.38,  721.92
 715.55,  485.00,  846.85
 716.91,  602.66,  593.31
 714.50,  606.28,  718.24
 712.10,  609.89,  843.16
 848.75,  356.38,  602.99
 846.34,  360.00,  727.91
 843.93,  363.62,  852.84
 845.30,  481.28,  599.30
 842.89,  484.90,  724.23
 840.48,  488.52,  849.15
 841.84,  606.18,  595.62
 839.43,  609.80,  720.55
 837.02,  613.42,  845.47
 600.04,  475.83,  100.45
 603.07,  472.84,  225.38
 606.11,  469.86,  350.31
 596.74,  600.74,  103.52
 599.77,  597.76,  228.44
 602.81,  594.78,  353.37
 593.44,  725.66,  106.58
 596.48,  722.68,  231.51
 599.51,  719.70,  356.43
 724.96,  479.20,   97.49
 727.99,  476.21,  222.42
 731.03,  473.23,  347.35
 721.66,  604.12,  100.56
 724.69,  601.13,  225.49
 727.73,  598.15,  350.41
 718.36,  729.03,  103.62
 721.40,  726.05,  228.55
 724.43,  723.07,  353.48
 849.87,  482.57,   94.54
 852.91,  479.58,  219.47
 855.95,  476.60,  344.39
 846.58,  607.49,   97.60
 849.61,  604.50,  222.53
 852.65,  601.52,  347.46
 843.28,  732.41,  100.66
 846.31,  729.42,  225.59
 849.35,  726.44,  350.52
 600.36,  474.44,  226.66
 597.97,  472.21,  351.62
 595.57,  469.97,  476.57
 603.17,  599.39,  228.95
 600.78,  597.15,  353.91
 598.39,  594.91,  478.86
 605.99,  724.34,  231.24
 603.60,  722.10,  356.20
 601.21,  719.86,  481.16
 725.30,  471.59,  229.00
 722.91,  469.35,  353.96
 720.52,  467.11,  478.91
 728.12,  596.53,  231.29
 725.73,  594.29,  356.25
 723.34,  592.06,  481.21
 730.94,  721.48,  233.58
 728.54,  719.24,  358.54
 726.15,  717.00,  483.50
 850.25,  468.73,  231.34
 847.86,  466.49,  356.30
 845.46,  464.25,  481.25
 853.07,  593.67,  233.63
 850.67,  591.44,  358.59
 848.28,  589.20,  483.55
 855.88,  718.62,  235.93
 853.49,  716.38,  360.88
 851.10,  714.15,  485.84
 601.51,  474.45,  348.56
 598.51,  471.67,  473.49
 595.51,  468.89,  598.42
 604.18,  599.39,  351.40
 601.18,  596.61,  476.33
 598.18,  593.83,  601.27
 606.85,  724.33,  354.25
 603.85,  721.55,  479.18
 600.85,  718.77,  604.11
 726.45,  471.71,  351.50
 723.45,  468.93,  476.43
 720.45,  466.15,  601.36
 729.12,  596.65,  354.34
 726.12,  593.87,  479.27
 723.12,  591.09,  604.21
 731.79,  721.59,  357.18
 728.79,  718.81,  482.12
 725.79,  716.03,  607.05
 851.38,  468.98,  354.44
 848.38,  466.20,  479.37
 845.38,  463.42,  604.30
 854.05,  593.91,  357.28
 851.05,  591.14,  482.21
 848.05,  588.36,  607.15
 856.72,  718.85,  360.12
 853.72,  716.07,  485.06
 850.72,  713.29,  609.99
 600.29,  473.65,  473.86
 598.80,  469.99,  598.80
 597.30,  466.34,  723.74
 601.65,  598.59,  477.54
 600.16,  594.93,  602.48
 598.66,  591.27,  727.41
 603.01,  723.53,  481.21
 601.51,  719.87,  606.15
 600.02,  716.21,  731.09
 725.28,  472.25,  475.32
 723.78,  468.59,  600.26
 722.29,  464.93,  725.19
 726.64,  597.19,  478.99
 725.14,  593.53,  603.93
 723.64,  589.87,  728.87
 727.99,  722.13,  482.67
 726.50,  718.47,  607.61
 725.00,  714.81,  732.54
 850.26,  470.85,  476.77
 848.77,  467.19,  601.71
 847.27,  463.53,  726.65
 851.62,  595.79,  480.45
 850.12,  592.13,  605.39
 848.63,  588.47,  730.32
 852.98,  720.73,  484.12
 851.48,  717.07,  609.06
 849.99,  713.41,  734.00
 601.79,  473.76,  599.18
 598.05,  471.35,  724.10
 594.32,  468.94,  849.02
 602.13,  598.73,  601.60
 598.39,  596.33,  726.52
 594.66,  593.92,  851.44
 602.47,  723.71,  604.02
 598.73,  721.30,  728.94
 595.00,  718.89,  853.86
 726.73,  473.35,  602.91
 723.00,  470.94,  727.83
 719.26,  468.53,  852.75
 727.07,  598.32,  605.33
 723.34,  595.92,  730.25
 719.60,  593.51,  855.17
 727.41,  723.30,  607.75
 723.68,  720.89,  732.67
 719.94,  718.48,  857.59
 851.68,  472.94,  606.63
 847.94,  470.53,  731.56
 844.21,  468.12,  856.48
 852.01,  597.91,  609.05
 848.28,  595.51,  733.97
 844.55,  593.10,  858.90
 852.35,  722.89,  611.47
 848.62,  720.48,  736.39
 844.89,  718.07,  861.31
 598.16,  599.31,   98.92
 597.49,  597.61,  223.91
 596.82,  595.90,  348.90
 595.05,  724.26,  100.61
 594.38,  722.56,  225.60
 593.71,  720.85,  350.59
 591.94,  849.21,  102.30
 591.27,  847.51,  227.29
 590.60,  845.80,  352.27
 723.12,  602.41,   99.64
 722.45,  600.71,  224.63
 721.78,  599.00,  349.61
 720.01,  727.36,  101.33
 719.34,  725.66,  226.31
 718.67,  723.95,  351.30
 716.90,  852.31,  103.01
 716.23,  850.61,  228.00
 715.55,  848.90,  352.99
 848.08,  605.51,  100.35
 847.41,  603.81,  225.34
 846.74,  602.11,  350.33
 844.97,  730.46,  102.04
 844.30,  728.76,  227.03
 843.62,  727.06,  352.01
 841.86,  855.41,  103.73
 841.19,  853.71,  228.71
 840.51,  852.01,  353.70
 601.94,  600.96,  226.60
 600.32,  600.67,  351.59
 598.70,  600.38,  476.58
 605.67,  725.91,  226.94
 604.05,  725.62,  351.93
 602.42,  725.33,  476.92
 609.40,  850.85,  227.28
 607.77,  850.56,  352.27
 606.15,  850.27,  477.25
 726.87,  597.23,  228.21
 725.25,  596.94,  353.20
 723.63,  596.65,  478.19
 730.60,  722.18,  228.55
 728.98,  721.89,  353.54
 727.36,  721.60,  478.53
 734.33,  847.12,  228.89
 732.71,  846.83,  353.88
 731.08,  846.54,  478.87
 851.81,  593.50,  229.82
 850.19,  593.21,  354.81
 848.56,  592.92,  479.80
 855.54,  718.45,  230.16
 853.91,  718.15,  355.15
 852.29,  717.86,  480.14
 859.26,  843.39,  230.50
 857.64,  843.10,  355.49
 856.02,  842.81,  480.48
 598.09,  599.01,  348.17
 599.50,  598.58,  473.16
 600.90,  598.15,  598.15
 597.71,  724.01,  348.60
 599.12,  723.58,  473.59
 600.53,  723.15,  598.58
 597.34,  849.01,  349.04
 598.75,  848.58,  474.03
 600.16,  848.15,  599.02
 723.08,  599.39,  346.76
 724.49,  598.96,  471.75
 725.90,  598.53,  596.74
 722.70,  724.39,  347.19
 724.11,  723.96,  472.18
 725.52,  723.53,  597.18
 722.33,  849.39,  347.63
 723.74,  848.95,  472.62
 725.15,  848.52,  597.61
 848.07,  599.77,  345.35
 849.48,  599.34,  470.34
 850.89,  598.90,  595.33
 847.70,  724.77,  345.78
 849.11,  724.33,  470.78
 850.51,  723.90,  595.77
 847.32,  849.76,  346.22
 848.73,  849.33,  471.21
 850.14,  848.90,  596.20
 601.37,  600.34,  475.57
 600.26,  603.42,  600.53
 599.14,  606.51,  725.49
 602.63,  725.30,  472.50
 601.52,  728.38,  597.46
 600.41,  731.46,  722.42
 603.90,  850.25,  469.43
 602.79,  853.34,  594.39
 601.68,  856.42,  719.34
 726.36,  599.10,  476.72
 725.25,  602.19,  601.67
 724.13,  605.27,  726.63
 727.62,  724.06,  473.65
 726.51,  727.14,  598.60
 725.40,  730.22,  723.56
 728.89,  849.01,  470.57
 727.78,  852.10,  595.53
 726.66,  855.18,  720.49
 851.35,  597.87,  477.86
 850.23,  600.95,  602.82
 849.12,  604.03,  727.77
 852.61,  722.82,  474.79
 851.50,  725.90,  599.75
 850.39,  728.99,  724.70
 853.88,  847.78,  471.72
 852.77,  850.86,  596.67
 851.65,  853.94,  721.63
 598.20,  598.99,  599.77
 599.79,  596.54,  724.74
 601.39,  594.10,  849.70
 598.36,  723.97,  602.22
 599.95,  721.52,  727.18
 601.55,  719.07,  852.15
 598.52,  848.94,  604.66
 600.12,  846.50,  729.63
 601.71,  844.05,  854.59
 723.19,  598.86,  598.18
 724.78,  596.41,  723.14
 726.37,  593.97,  848.11
 723.35,  723.84,  600.62
 724.94,  721.39,  725.59
 726.54,  718.94,  850.55
 723.51,  848.81,  603.06
 725.11,  846.36,  728.03
 726.70,  843.92,  853.00
 848.18,  598.73,  596.58
 849.77,  596.28,  721.55
 851.36,  593.84,  846.51
 848.34,  723.70,  599.02
 849.93,  721.26,  723.99
 851.53,  718.81,  848.96
 848.50,  848.68,  601.47
 850.09,  846.23,  726.43
 851.69,  843.79,  851.40