27, 125, pa2-unknown-j-output1.txt
 208.23,  195.51,  199.43
 407.88,  391.90,  202.10
  99.60,  101.44,   99.39
  98.85,  104.44,  224.35
  98.11,  107.43,  349.31
  96.80,  226.37,   96.37
  96.05,  229.37,  221.34
  95.31,  232.37,  346.30
  93.99,  351.31,   93.36
  93.25,  354.30,  218.32
  92.50,  357.30,  343.29
 224.56,  104.26,  100.06
 223.82,  107.26,  225.03
 223.07,  110.25,  349.99
 221.76,  229.19,   97.05
 221.02,  232.19,  222.01
 220.27,  235.19,  346.98
 218.96,  354.12,   94.04
 218.21,  357.12,  219.00
 217.47,  360.12,  343.96
 349.53,  107.08,  100.74
 348.79,  110.08,  225.70
 348.04,  113.07,  350.67
 346.73,  232.01,   97.73
 345.98,  235.01,  222.69
 345.24,  238.01,  347.65
 343.93,  356.94,   94.72
 343.18,  359.94,  219.68
 342.44,  362.94,  344.64
  99.81,  101.68,  226.51
  98.84,  100.88,  351.50
  97.87,  100.08,  476.50
 102.75,  226.64,  227.34
 101.78,  225.84,  352.33
 100.81,  225.04,  477.32
 105.69,  351.60,  228.16
 104.72,  350.80,  353.15
 103.75,  350.00,  478.15
 224.77,   98.73,  227.46
 223.80,   97.93,  352.46
 222.83,   97.13,  477.45
 227.71,  223.69,  228.29
 226.74,  222.89,  353.28
 225.77,  222.09,  478.28
 230.65,  348.66,  229.11
 229.68,  347.86,  354.11
 228.71,  347.05,  479.10
 349.73,   95.78,  228.42
 348.76,   94.98,  353.41
 347.79,   94.18,  478.40
 352.67,  220.75,  229.24
 351.70,  219.95,  354.24
 350.73,  219.14,  479.23
 355.62,  345.71,  230.07
 354.64,  344.91,  355.06
 353.67,  344.11,  480.05
  99.03,  100.68,  349.47
  97.89,   97.89,  474.43
  96.76,   95.11,  599.40
 100.87,  225.63,  352.27
  99.73,  222.85,  477.23
  98.60,  220.06,  602.20
 102.70,  350.59,  355.07
 101.57,  347.80,  480.03
 100.43,  345.02,  605.00
 224.01,   98.81,  350.56
 222.87,   96.03,  475.53
 221.74,   93.25,  600.49
 225.85,  223.77,  353.36
 224.71,  220.98,  478.33
 223.58,  218.20,  603.29
 227.69,  348.72,  356.16
 226.55,  345.94,  481.13
 225.42,  343.16,  606.09
 348.99,   96.95,  351.66
 347.86,   94.17,  476.62
 346.72,   91.38,  601.58
 350.83,  221.91,  354.46
 349.69,  219.12,  479.42
 348.56,  216.34,  604.38
 352.67,  346.86,  357.26
 351.53,  344.08,  482.22
 350.40,  341.29,  607.18
 101.38,   99.63,  474.09
  99.64,  103.14,  599.03
  97.89,  106.65,  723.97
 100.83,  224.58,  470.57
  99.08,  228.09,  595.51
  97.34,  231.60,  720.45
 100.28,  349.52,  467.05
  98.53,  353.04,  591.99
  96.79,  356.55,  716.93
 226.37,  100.23,  475.82
 224.62,  103.74,  600.76
 222.88,  107.25,  725.70
 225.81,  225.18,  472.30
 224.07,  228.69,  597.24
 222.33,  232.20,  722.18
 225.26,  350.12,  468.78
 223.52,  353.64,  593.72
 221.78,  357.15,  718.66
 351.35,  100.83,  477.55
 349.61,  104.34,  602.49
 347.87,  107.85,  727.42
 350.80,  225.78,  474.03
 349.06,  229.29,  598.96
 347.31,  232.80,  723.90
 350.25,  350.72,  470.51
 348.51,  354.24,  595.44
 346.76,  357.75,  720.38
  98.95,   99.89,  598.83
  96.52,  102.06,  723.79
  94.09,  104.23,  848.74
 100.84,  224.86,  596.70
  98.40,  227.03,  721.65
  95.97,  229.20,  846.61
 102.72,  349.83,  594.57
 100.29,  352.00,  719.52
  97.86,  354.16,  844.48
 223.91,   98.05,  601.29
 221.48,  100.22,  726.25
 219.05,  102.39,  851.21
 225.80,  223.02,  599.16
 223.37,  225.19,  724.12
 220.93,  227.35,  849.08
 227.68,  347.99,  597.03
 225.25,  350.15,  721.99
 222.82,  352.32,  846.94
 348.87,   96.21,  603.76
 346.44,   98.37,  728.71
 344.01,  100.54,  853.67
 350.76,  221.17,  601.63
 348.33,  223.34,  726.58
 345.90,  225.51,  851.54
 352.65,  346.14,  599.49
 350.21,  348.31,  724.45
 347.78,  350.48,  849.41
 101.04,  224.47,  100.40
  97.79,  222.28,  225.34
  94.55,  220.08,  350.27
 102.64,  349.44,  102.63
  99.39,  347.25,  227.57
  96.15,  345.05,  352.51
 104.24,  474.41,  104.87
 100.99,  472.22,  229.81
  97.75,  470.02,  354.75
 225.99,  222.81,  103.61
 222.74,  220.62,  228.55
 219.49,  218.43,  353.49
 227.58,  347.78,  105.85
 224.34,  345.59,  230.79
 221.09,  343.40,  355.73
 229.18,  472.75,  108.09
 225.94,  470.56,  233.02
 222.69,  468.37,  357.96
 350.93,  221.16,  106.83
 347.69,  218.96,  231.77
 344.44,  216.77,  356.71
 352.53,  346.13,  109.07
 349.29,  343.93,  234.00
 346.04,  341.74,  358.94
 354.13,  471.10,  111.30
 350.89,  468.90,  236.24
 347.64,  466.71,  361.18
 100.46,  224.59,  225.59
  99.61,  224.27,  350.59
  98.76,  223.95,  475.58
  97.54,  349.55,  225.89
  96.69,  349.23,  350.88
  95.84,  348.92,  475.88
  94.61,  474.52,  226.18
  93.77,  474.20,  351.18
  92.92,  473.88,  476.18
 225.42,  227.51,  226.44
 224.57,  227.19,  351.44
 223.73,  226.87,  476.44
 222.50,  352.47,  226.74
 221.65,  352.15,  351.74
 220.80,  351.84,  476.73
 219.58,  477.44,  227.04
 218.73,  477.12,  352.03
 217.88,  476.80,  477.03
 350.38,  230.43,  227.30
 349.54,  230.11,  352.29
 348.69,  229.79,  477.29
 347.46,  355.39,  227.59
 346.61,  355.07,  352.59
 345.77,  354.76,  477.59
 344.54,  480.36,  227.89
 343.69,  480.04,  352.89
 342.85,  479.72,  477.88
 100.64,  226.46,  349.57
  97.72,  228.44,  474.52
  94.79,  230.42,  599.47
  97.06,  351.39,  347.51
  94.13,  353.37,  472.46
  91.21,  355.35,  597.41
  93.47,  476.33,  345.45
  90.55,  478.30,  470.40
  87.62,  480.28,  595.35
 225.56,  230.09,  352.43
 222.63,  232.07,  477.38
 219.70,  234.05,  602.33
 221.97,  355.03,  350.37
 219.05,  357.00,  475.32
 216.12,  358.98,  600.27
 218.39,  479.96,  348.31
 215.46,  481.93,  473.26
 212.54,  483.91,  598.21
 350.47,  233.73,  355.30
 347.55,  235.70,  480.25
 344.62,  237.68,  605.20
 346.89,  358.66,  353.24
 343.96,  360.63,  478.19
 341.03,  362.61,  603.14
 343.30,  483.59,  351.18
 340.38,  485.57,  476.13
 337.45,  487.54,  601.08
 100.52,  226.18,  476.12
 100.83,  224.76,  601.11
 101.14,  223.35,  726.10
 102.88,  351.15,  477.53
 103.19,  349.73,  602.52
 103.50,  348.32,  727.52
 105.23,  476.12,  478.94
 105.55,  474.70,  603.93
 105.86,  473.29,  728.93
 225.50,  223.83,  475.78
 225.81,  222.41,  600.77
 226.12,  220.99,  725.77
 227.85,  348.80,  477.19
 228.17,  347.38,  602.18
 228.48,  345.96,  727.18
 230.21,  473.77,  478.60
 230.52,  472.35,  603.60
 230.84,  470.93,  728.59
 350.47,  221.47,  475.44
 350.78,  220.05,  600.43
 351.10,  218.64,  725.43
 352.83,  346.44,  476.85
 353.14,  345.02,  601.85
 353.46,  343.61,  726.84
 355.19,  471.41,  478.27
 355.50,  469.99,  603.26
 355.81,  468.58,  728.25
  98.42,  226.33,  598.95
  97.18,  223.67,  723.91
  95.95,  221.01,  848.88
  95.05,  351.26,  601.57
  93.81,  348.59,  726.54
  92.58,  345.93,  851.51
  91.68,  476.18,  604.20
  90.45,  473.52,  729.17
  89.21,  470.86,  854.13
 223.36,  229.67,  600.25
 222.13,  227.01,  725.22
 220.90,  224.35,  850.18
 220.00,  354.60,  602.88
 218.76,  351.94,  727.84
 217.53,  349.27,  852.81
 216.63,  479.52,  605.51
 215.39,  476.86,  730.47
 214.16,  474.20,  855.44
 348.31,  233.01,  601.56
 347.08,  230.35,  726.52
 345.84,  227.69,  851.49
 344.94,  357.94,  604.18
 343.71,  355.28,  729.15
 342.48,  352.61,  854.12
 341.58,  482.87,  606.81
 340.34,  480.20,  731.78
 339.11,  477.54,  856.74
 101.90,  351.80,  100.94
  98.32,  349.06,  225.86
  94.74,  346.32,  350.78
 104.92,  476.73,  103.77
 101.34,  473.99,  228.68
  97.76,  471.25,  353.60
 107.94,  601.66,  106.59
 104.36,  598.92,  231.51
 100.78,  596.18,  356.43
 226.82,  348.70,  104.45
 223.24,  345.96,  229.37
 219.66,  343.22,  354.29
 229.83,  473.64,  107.28
 226.25,  470.89,  232.20
 222.67,  468.15,  357.11
 232.85,  598.57,  110.10
 229.27,  595.83,  235.02
 225.69,  593.09,  359.94
 351.73,  345.61,  107.96
 348.15,  342.87,  232.88
 344.57,  340.13,  357.80
 354.75,  470.54,  110.79
 351.17,  467.80,  235.71
 347.59,  465.06,  360.63
 357.76,  595.47,  113.62
 354.19,  592.73,  238.53
 350.61,  589.99,  363.45
 101.45,  351.54,  226.24
 100.20,  348.21,  351.19
  98.94,  344.87,  476.14
 101.12,  476.49,  229.57
  99.87,  473.16,  354.52
  98.61,  469.83,  479.47
 100.79,  601.45,  232.90
  99.54,  598.12,  357.85
  98.28,  594.78,  482.80
 226.44,  351.83,  227.51
 225.19,  348.50,  352.46
 223.93,  345.17,  477.41
 226.12,  476.79,  230.84
 224.86,  473.46,  355.79
 223.60,  470.12,  480.73
 225.79,  601.74,  234.16
 224.53,  598.41,  359.11
 223.28,  595.08,  484.06
 351.44,  352.13,  228.77
 350.18,  348.80,  353.72
 348.93,  345.46,  478.67
 351.11,  477.08,  232.10
 349.85,  473.75,  357.05
 348.60,  470.42,  482.00
 350.78,  602.04,  235.43
 349.53,  598.71,  360.38
 348.27,  595.37,  485.33
  99.09,  349.61,  348.31
 102.27,  350.15,  473.27
 105.45,  350.68,  598.23
  99.62,  474.61,  347.76
 102.79,  475.14,  472.72
 105.97,  475.68,  597.68
 100.14,  599.60,  347.21
 103.32,  600.14,  472.17
 106.49,  600.68,  597.12
 224.05,  349.07,  345.14
 227.23,  349.61,  470.09
 230.40,  350.15,  595.05
 224.58,  474.07,  344.58
 227.75,  474.61,  469.54
 230.93,  475.14,  594.50
 225.10,  599.07,  344.03
 228.28,  599.60,  468.99
 231.45,  600.14,  593.95
 349.01,  348.53,  341.96
 352.19,  349.07,  466.92
 355.36,  349.61,  591.88
 349.54,  473.53,  341.41
 352.71,  474.07,  466.37
 355.89,  474.61,  591.33
 350.06,  598.53,  340.86
 353.23,  599.07,  465.82
 356.41,  599.61,  590.78
 101.19,  350.53,  473.09
  98.65,  347.57,  598.03
  96.11,  344.60,  722.97
 101.54,  475.50,  476.06
  99.00,  472.53,  601.00
  96.46,  469.56,  725.94
 101.89,  600.46,  479.04
  99.35,  597.50,  603.98
  96.82,  594.53,  728.92
 226.16,  350.12,  475.62
 223.62,  347.16,  600.56
 221.09,  344.19,  725.49
 226.51,  475.09,  478.59
 223.97,  472.12,  603.53
 221.44,  469.15,  728.47
 226.86,  600.05,  481.57
 224.33,  597.08,  606.51
 221.79,  594.12,  731.44
 351.13,  349.71,  478.14
 348.60,  346.74,  603.08
 346.06,  343.78,  728.02
 351.48,  474.68,  481.12
 348.95,  471.71,  606.06
 346.41,  468.74,  731.00
 351.84,  599.64,  484.09
 349.30,  596.67,  609.03
 346.76,  593.70,  733.97
 100.36,  350.62,  599.16
 100.78,  352.23,  724.15
 101.20,  353.83,  849.14
  96.89,  475.56,  597.56
  97.31,  477.17,  722.55
  97.73,  478.78,  847.54
  93.43,  600.50,  595.96
  93.85,  602.11,  720.95
  94.27,  603.72,  845.94
 225.31,  354.08,  598.69
 225.73,  355.69,  723.68
 226.15,  357.29,  848.67
 221.84,  479.02,  597.10
 222.26,  480.63,  722.09
 222.68,  482.24,  847.08
 218.38,  603.96,  595.50
 218.80,  605.57,  720.49
 219.22,  607.18,  845.48
 350.26,  357.54,  598.23
 350.68,  359.14,  723.22
 351.10,  360.75,  848.21
 346.80,  482.48,  596.63
 347.22,  484.09,  721.62
 347.64,  485.70,  846.61
 343.33,  607.42,  595.04
 343.75,  609.03,  720.02
 344.17,  610.64,  845.01
  98.22,  475.31,  100.03
  95.95,  477.14,  225.00
  93.68,  478.98,  349.96
 100.25,  600.28,   98.23
  97.98,  602.11,  223.20
  95.71,  603.95,  348.17
 102.27,  725.25,   96.44
 100.01,  727.08,  221.40
  97.74,  728.92,  346.37
 223.18,  473.32,  102.33
 220.91,  475.15,  227.29
 218.65,  476.98,  352.26
 225.21,  598.29,  100.53
 222.94,  600.12,  225.50
 220.67,  601.95,  350.46
 227.24,  723.26,   98.73
 224.97,  725.09,  223.70
 222.70,  726.92,  348.67
 348.14,  471.32,  104.63
 345.88,  473.16,  229.59
 343.61,  474.99,  354.56
 350.17,  596.29,  102.83
 347.90,  598.13,  227.79
 345.64,  599.96,  352.76
 352.20,  721.26,  101.03
 349.93,  723.10,  226.00
 347.66,  724.93,  350.96
  99.17,  473.88,  223.97
  96.06,  475.87,  348.92
  92.95,  477.85,  473.86
  95.93,  598.83,  221.91
  92.82,  600.81,  346.86
  89.71,  602.79,  471.80
  92.70,  723.77,  219.85
  89.59,  725.75,  344.79
  86.48,  727.73,  469.74
 224.09,  477.17,  227.03
 220.97,  479.15,  351.98
 217.86,  481.13,  476.92
 220.85,  602.11,  224.97
 217.74,  604.09,  349.91
 214.63,  606.07,  474.86
 217.62,  727.05,  222.91
 214.51,  729.03,  347.85
 211.40,  731.01,  472.80
 349.00,  480.45,  230.09
 345.89,  482.43,  355.03
 342.78,  484.41,  479.98
 345.77,  605.39,  228.03
 342.66,  607.37,  352.97
 339.55,  609.36,  477.92
 342.54,  730.33,  225.96
 339.43,  732.32,  350.91
 336.32,  734.30,  475.86
  99.66,  476.43,  348.50
 102.50,  479.33,  473.43
 105.33,  482.23,  598.37
  97.16,  601.37,  345.65
  99.99,  604.27,  470.59
 102.83,  607.18,  595.52
  94.65,  726.31,  342.81
  97.49,  729.22,  467.74
 100.33,  732.12,  592.67
 224.60,  478.87,  345.60
 227.44,  481.77,  470.54
 230.28,  484.67,  595.47
 222.10,  603.81,  342.76
 224.94,  606.71,  467.69
 227.77,  609.61,  592.63
 219.59,  728.75,  339.91
 222.43,  731.65,  464.85
 225.27,  734.56,  589.78
 349.54,  481.31,  342.71
 352.38,  484.21,  467.64
 355.22,  487.11,  592.58
 347.04,  606.25,  339.86
 349.88,  609.15,  464.80
 352.72,  612.05,  589.73
 344.54,  731.19,  337.02
 347.37,  734.09,  461.95
 350.21,  736.99,  586.89
 100.47,  476.77,  475.07
 101.31,  478.85,  600.05
 102.14,  480.94,  725.03
 101.30,  601.75,  472.98
 102.14,  603.83,  597.96
 102.97,  605.92,  722.94
 102.14,  726.73,  470.89
 102.97,  728.81,  595.87
 103.80,  730.90,  720.85
 225.47,  475.93,  474.25
 226.30,  478.01,  599.23
 227.14,  480.09,  724.21
 226.30,  600.91,  472.16
 227.13,  602.99,  597.14
 227.97,  605.07,  722.12
 227.13,  725.89,  470.07
 227.96,  727.97,  595.05
 228.80,  730.05,  720.03
 350.46,  475.08,  473.43
 351.30,  477.16,  598.40
 352.13,  479.25,  723.38
 351.29,  600.06,  471.34
 352.13,  602.14,  596.32
 352.96,  604.23,  721.30
 352.12,  725.04,  469.25
 352.96,  727.12,  594.23
 353.79,  729.21,  719.21
 101.43,  475.89,  598.23
 104.35,  478.24,  723.18
 107.28,  480.59,  848.12
 101.62,  600.87,  595.88
 104.54,  603.22,  720.82
 107.46,  605.57,  845.76
 101.81,  725.84,  593.52
 104.73,  728.20,  718.46
 107.65,  730.55,  843.40
 226.40,  475.64,  595.32
 229.32,  478.00,  720.26
 232.24,  480.35,  845.20
 226.59,  600.62,  592.96
 229.51,  602.98,  717.90
 232.43,  605.33,  842.85
 226.77,  725.60,  590.60
 229.70,  727.95,  715.54
 232.62,  730.31,  840.49
 351.36,  475.40,  592.40
 354.29,  477.76,  717.34
 357.21,  480.11,  842.29
 351.55,  600.38,  590.04
 354.47,  602.73,  714.98
 357.39,  605.09,  839.93
 351.74,  725.36,  587.68
 354.66,  727.71,  712.63
 357.58,  730.06,  837.57
  99.10,  599.83,   99.87
 101.83,  599.07,  224.84
 104.56,  598.31,  349.80
  95.89,  724.79,  100.70
  98.62,  724.03,  225.67
 101.35,  723.27,  350.63
  92.68,  849.75,  101.53
  95.41,  848.99,  226.50
  98.14,  848.23,  351.46
 224.03,  603.06,   97.16
 226.76,  602.30,  222.13
 229.49,  601.54,  347.10
 220.82,  728.02,   97.99
 223.55,  727.26,  222.96
 226.28,  726.50,  347.93
 217.61,  852.97,   98.82
 220.34,  852.21,  223.79
 223.07,  851.45,  348.76
 348.96,  606.29,   94.45
 351.69,  605.53,  219.42
 354.42,  604.77,  344.39
 345.75,  731.25,   95.28
 348.48,  730.49,  220.25
 351.21,  729.73,  345.22
 342.54,  856.20,   96.11
 345.27,  855.44,  221.08
 348.00,  854.68,  346.05
 101.07,  600.71,  226.72
 104.69,  602.55,  351.65
 108.30,  604.38,  476.59
 104.71,  725.65,  224.78
 108.33,  727.48,  349.71
 111.94,  729.32,  474.65
 108.35,  850.58,  222.84
 111.97,  852.41,  347.77
 115.58,  854.25,  472.71
 225.97,  597.02,  223.16
 229.58,  598.85,  348.09
 233.19,  600.69,  473.03
 229.61,  721.95,  221.22
 233.22,  723.79,  346.15
 236.83,  725.62,  471.09
 233.25,  846.88,  219.28
 236.86,  848.72,  344.21
 240.47,  850.55,  469.15
 350.86,  593.33,  219.60
 354.48,  595.16,  344.54
 358.09,  597.00,  469.47
 354.50,  718.26,  217.66
 358.12,  720.09,  342.59
 361.73,  721.93,  467.53
 358.14,  843.19,  215.72
 361.76,  845.02,  340.65
 365.37,  846.86,  465.59
 101.73,  599.64,  350.87
 104.04,  599.88,  475.84
 106.35,  600.11,  600.82
 102.81,  724.64,  350.61
 105.12,  724.87,  475.59
 107.43,  725.11,  600.57
 103.89,  849.63,  350.36
 106.20,  849.87,  475.33
 108.51,  850.10,  600.31
 226.70,  598.56,  348.56
 229.01,  598.79,  473.54
 231.33,  599.03,  598.51
 227.79,  723.55,  348.30
 230.10,  723.79,  473.28
 232.41,  724.02,  598.26
 228.87,  848.55,  348.05
 231.18,  848.78,  473.03
 233.49,  849.02,  598.01
 351.68,  597.47,  346.25
 353.99,  597.71,  471.23
 356.30,  597.94,  596.21
 352.76,  722.47,  345.99
 355.07,  722.70,  470.97
 357.38,  722.94,  595.95
 353.84,  847.46,  345.74
 356.15,  847.70,  470.72
 358.46,  847.93,  595.70
 101.03,  601.35,  475.85
  97.96,  604.08,  600.78
  94.89,  606.80,  725.72
  99.49,  726.31,  473.09
  96.42,  729.04,  598.02
  93.35,  731.76,  722.95
  97.95,  851.27,  470.32
  94.88,  854.00,  595.25
  91.81,  856.72,  720.19
 225.98,  602.96,  478.89
 222.91,  605.68,  603.82
 219.84,  608.41,  728.75
 224.44,  727.92,  476.12
 221.37,  730.64,  601.05
 218.30,  733.37,  725.99
 222.90,  852.88,  473.36
 219.83,  855.60,  598.29
 216.76,  858.33,  723.22
 350.93,  604.56,  481.92
 347.86,  607.29,  606.85
 344.79,  610.02,  731.79
 349.39,  729.52,  479.16
 346.32,  732.25,  604.09
 343.25,  734.98,  729.02
 347.85,  854.48,  476.39
 344.78,  857.21,  601.32
 341.71,  859.94,  726.26
  99.99,  598.45,  600.42
  98.52,  600.75,  725.39
  97.04,  603.05,  850.36
 101.64,  723.42,  598.14
 100.17,  725.72,  723.11
  98.69,  728.02,  848.08
 103.29,  848.39,  595.86
 101.82,  850.69,  720.83
 100.34,  852.99,  845.80
 224.97,  596.83,  601.93
 223.50,  599.13,  726.90
 222.02,  601.43,  851.87
 226.62,  721.80,  599.65
 225.15,  724.10,  724.62
 223.67,  726.40,  849.59
 228.27,  846.77,  597.37
 226.80,  849.07,  722.34
 225.32,  851.37,  847.31
 349.95,  595.21,  603.43
 348.48,  597.51,  728.40
 347.00,  599.81,  853.37
 351.60,  720.18,  601.15
 350.13,  722.48,  726.12
 348.65,  724.78,  851.09
 353.25,  845.14,  598.87
 351.78,  847.44,  723.84
 350.30,  849.74,  848.81
 224.59,  100.63,   98.29
 225.33,  102.52,  223.28
 226.07,  104.41,  348.26
 224.74,  225.61,   96.40
 225.47,  227.50,  221.39
 226.21,  229.39,  346.37
 224.88,  350.60,   94.51
 225.62,  352.49,  219.49
 226.36,  354.38,  344.48
 349.59,  100.47,   97.56
 350.33,  102.36,  222.54
 351.07,  104.25,  347.52
 349.73,  225.46,   95.67
 350.47,  227.35,  220.65
 351.21,  229.24,  345.63
 349.88,  350.44,   93.77
 350.62,  352.33,  218.76
 351.35,  354.22,  343.74
 474.59,  100.32,   96.82
 475.33,  102.21,  221.80
 476.07,  104.10,  346.79
 474.73,  225.30,   94.93
 475.47,  227.19,  219.91
 476.21,  229.08,  344.90
 474.87,  350.29,   93.04
 475.61,  352.18,  218.02
 476.35,  354.07,  343.01
 226.35,   99.10,  224.18
 224.10,   95.57,  349.11
 221.86,   92.05,  474.04
 225.64,  224.05,  227.70
 223.39,  220.52,  352.63
 221.15,  217.00,  477.56
 224.93,  349.00,  231.21
 222.68,  345.47,  356.14
 220.44,  341.95,  481.07
 351.32,   99.75,  226.45
 349.08,   96.22,  351.38
 346.84,   92.70,  476.31
 350.61,  224.70,  229.96
 348.37,  221.17,  354.89
 346.13,  217.64,  479.82
 349.90,  349.65,  233.48
 347.66,  346.12,  358.41
 345.42,  342.59,  483.34
 476.30,  100.40,  228.71
 474.06,   96.87,  353.64
 471.82,   93.34,  478.57
 475.59,  225.34,  232.22
 473.35,  221.82,  357.15
 471.11,  218.29,  482.08
 474.88,  350.29,  235.74
 472.64,  346.77,  360.67
 470.39,  343.24,  485.60
 224.30,   99.94,  349.16
 220.99,  101.44,  474.11
 217.67,  102.94,  599.06
 224.46,  224.94,  347.67
 221.15,  226.43,  472.62
 217.83,  227.93,  597.56
 224.63,  349.93,  346.18
 221.31,  351.42,  471.12
 217.99,  352.92,  596.07
 349.26,   99.82,  352.48
 345.94,  101.32,  477.43
 342.63,  102.81,  602.38
 349.42,  224.81,  350.99
 346.10,  226.31,  475.94
 342.79,  227.81,  600.88
 349.58,  349.80,  349.50
 346.27,  351.30,  474.44
 342.95,  352.80,  599.39
 474.21,   99.70,  355.80
 470.90,  101.20,  480.75
 467.58,  102.69,  605.69
 474.38,  224.69,  354.31
 471.06,  226.19,  479.25
 467.74,  227.68,  604.20
 474.54,  349.68,  352.81
 471.22,  351.18,  477.76
 467.91,  352.67,  602.71
 223.85,   98.13,  474.94
 220.54,   98.21,  599.90
 217.24,   98.28,  724.86
 224.21,  223.13,  474.88
 220.90,  223.20,  599.83
 217.60,  223.28,  724.79
 224.56,  348.13,  474.81
 221.26,  348.20,  599.76
 217.96,  348.28,  724.72
 348.80,   97.77,  478.25
 345.50,   97.85,  603.20
 342.19,   97.93,  728.16
 349.16,  222.77,  478.18
 345.86,  222.85,  603.14
 342.55,  222.93,  728.09
 349.52,  347.77,  478.11
 346.22,  347.85,  603.07
 342.91,  347.93,  728.02
 473.76,   97.41,  481.55
 470.45,   97.49,  606.51
 467.15,   97.57,  731.46
 474.12,  222.41,  481.48
 470.81,  222.49,  606.44
 467.51,  222.57,  731.40
 474.48,  347.41,  481.42
 471.17,  347.49,  606.37
 467.87,  347.57,  731.33
 223.87,   98.28,  599.49
 224.04,   95.49,  724.46
 224.20,   92.69,  849.43
 222.99,  223.25,  602.29
 223.16,  220.45,  727.26
 223.33,  217.66,  852.22
 222.12,  348.21,  605.08
 222.28,  345.42,  730.05
 222.45,  342.62,  855.02
 348.87,   99.16,  599.34
 349.03,   96.37,  724.31
 349.20,   93.57,  849.28
 347.99,  224.13,  602.14
 348.16,  221.33,  727.11
 348.32,  218.54,  852.08
 347.11,  349.09,  604.93
 347.28,  346.30,  729.90
 347.45,  343.51,  854.87
 473.86,  100.04,  599.20
 474.03,   97.25,  724.17
 474.20,   94.45,  849.13
 472.99,  225.01,  601.99
 473.15,  222.21,  726.96
 473.32,  219.42,  851.93
 472.11,  349.97,  604.79
 472.28,  347.18,  729.75
 472.44,  344.39,  854.72
 223.75,  226.18,  100.14
 226.40,  229.18,  225.07
 229.05,  232.18,  350.01
 224.83,  351.14,   97.11
 227.48,  354.14,  222.05
 230.14,  357.13,  346.99
 225.91,  476.10,   94.09
 228.57,  479.10,  219.03
 231.22,  482.09,  343.97
 348.72,  225.03,   97.51
 351.37,  228.03,  222.45
 354.02,  231.03,  347.38
 349.80,  349.99,   94.49
 352.45,  352.99,  219.42
 355.10,  355.99,  344.36
 350.88,  474.95,   91.47
 353.53,  477.95,  216.40
 356.19,  480.95,  341.34
 473.68,  223.89,   94.88
 476.34,  226.89,  219.82
 478.99,  229.88,  344.76
 474.77,  348.85,   91.86
 477.42,  351.84,  216.80
 480.07,  354.84,  341.73
 475.85,  473.81,   88.84
 478.50,  476.80,  213.78
 481.15,  479.80,  338.71
 225.28,  224.15,  224.64
 223.57,  224.27,  349.62
 221.86,  224.39,  474.61
 222.58,  349.12,  224.48
 220.87,  349.24,  349.47
 219.16,  349.36,  474.46
 219.88,  474.10,  224.33
 218.17,  474.21,  349.31
 216.46,  474.33,  474.30
 350.24,  226.85,  226.34
 348.53,  226.97,  351.33
 346.82,  227.09,  476.32
 347.54,  351.82,  226.19
 345.83,  351.94,  351.18
 344.12,  352.06,  476.17
 344.84,  476.79,  226.03
 343.13,  476.91,  351.02
 341.42,  477.03,  476.01
 475.20,  229.55,  228.05
 473.49,  229.67,  353.04
 471.78,  229.79,  478.03
 472.50,  354.52,  227.90
 470.79,  354.64,  352.89
 469.08,  354.76,  477.87
 469.80,  479.49,  227.74
 468.09,  479.61,  352.73
 466.38,  479.73,  477.72
 223.50,  223.77,  351.25
 223.83,  226.39,  476.22
 224.16,  229.00,  601.19
 226.69,  348.70,  348.63
 227.02,  351.32,  473.60
 227.35,  353.93,  598.57
 229.89,  473.63,  346.01
 230.22,  476.25,  470.98
 230.55,  478.86,  595.95
 348.46,  220.57,  350.99
 348.79,  223.19,  475.96
 349.12,  225.80,  600.93
 351.65,  345.50,  348.37
 351.98,  348.12,  473.34
 352.31,  350.73,  598.31
 354.85,  470.43,  345.74
 355.18,  473.05,  470.72
 355.50,  475.66,  595.69
 473.42,  217.37,  350.72
 473.75,  219.99,  475.70
 474.08,  222.60,  600.67
 476.61,  342.30,  348.10
 476.94,  344.92,  473.08
 477.27,  347.53,  598.05
 479.80,  467.23,  345.48
 480.13,  469.85,  470.45
 480.46,  472.46,  595.43
 223.60,  226.12,  475.66
 220.45,  222.42,  600.57
 217.30,  218.72,  725.47
 226.77,  351.02,  479.44
 223.62,  347.32,  604.35
 220.47,  343.62,  729.25
 229.94,  475.93,  483.22
 226.79,  472.22,  608.13
 223.64,  468.52,  733.03
 348.52,  222.86,  478.71
 345.37,  219.16,  603.62
 342.22,  215.45,  728.52
 351.69,  347.76,  482.49
 348.54,  344.06,  607.40
 345.39,  340.36,  732.31
 354.86,  472.66,  486.28
 351.71,  468.96,  611.18
 348.56,  465.26,  736.09
 473.44,  219.59,  481.77
 470.29,  215.89,  606.67
 467.14,  212.19,  731.58
 476.61,  344.50,  485.55
 473.46,  340.79,  610.45
 470.31,  337.09,  735.36
 479.78,  469.40,  489.33
 476.63,  465.70,  614.23
 473.48,  462.00,  739.14
 225.51,  223.92,  599.98
 226.67,  226.28,  724.96
 227.82,  228.64,  849.93
 226.98,  348.89,  597.61
 228.14,  351.25,  722.58
 229.29,  353.61,  847.56
 228.45,  473.86,  595.24
 229.61,  476.22,  720.21
 230.76,  478.58,  845.19
 350.50,  222.43,  598.86
 351.65,  224.79,  723.83
 352.81,  227.15,  848.80
 351.97,  347.40,  596.49
 353.12,  349.76,  721.46
 354.28,  352.12,  846.43
 353.44,  472.37,  594.11
 354.59,  474.73,  719.09
 355.75,  477.08,  844.06
 475.48,  220.94,  597.73
 476.64,  223.30,  722.70
 477.79,  225.66,  847.67
 476.95,  345.91,  595.36
 478.11,  348.27,  720.33
 479.26,  350.62,  845.30
 478.42,  470.88,  592.99
 479.58,  473.24,  717.96
 480.73,  475.59,  842.93
 225.90,  348.24,   98.76
 229.40,  348.08,  223.71
 232.90,  347.93,  348.66
 227.45,  473.23,   98.87
 230.95,  473.07,  223.82
 234.45,  472.92,  348.77
 229.00,  598.22,   98.98
 232.50,  598.06,  223.93
 236.00,  597.91,  348.88
 350.84,  346.69,   95.26
 354.34,  346.53,  220.21
 357.84,  346.38,  345.16
 352.39,  471.68,   95.37
 355.89,  471.52,  220.32
 359.39,  471.37,  345.27
 353.95,  596.67,   95.48
 357.45,  596.51,  220.43
 360.95,  596.36,  345.38
 475.78,  345.14,   91.75
 479.28,  344.98,  216.70
 482.78,  344.83,  341.66
 477.33,  470.13,   91.86
 480.83,  469.97,  216.81
 484.33,  469.82,  341.77
 478.89,  595.12,   91.97
 482.39,  594.96,  216.92
 485.89,  594.81,  341.88
 226.62,  349.78,  226.51
 223.75,  346.12,  351.43
 220.89,  342.45,  476.34
 228.24,  474.72,  230.22
 225.38,  471.05,  355.13
 222.52,  467.38,  480.04
 229.87,  599.65,  233.92
 227.01,  595.98,  358.83
 224.14,  592.32,  483.75
 351.57,  348.07,  229.33
 348.71,  344.40,  354.24
 345.85,  340.74,  479.15
 353.20,  473.00,  233.03
 350.34,  469.34,  357.94
 347.47,  465.67,  482.86
 354.83,  597.94,  236.73
 351.96,  594.27,  361.65
 349.10,  590.61,  486.56
 476.53,  346.36,  232.14
 473.67,  342.69,  357.05
 470.80,  339.03,  481.97
 478.16,  471.29,  235.84
 475.29,  467.63,  360.76
 472.43,  463.96,  485.67
 479.78,  596.23,  239.55
 476.92,  592.56,  364.46
 474.06,  588.90,  489.38
 225.60,  348.49,  348.22
 223.21,  344.76,  473.14
 220.82,  341.02,  598.06
 226.45,  473.43,  351.97
 224.06,  469.70,  476.89
 221.66,  465.96,  601.82
 227.30,  598.37,  355.72
 224.91,  594.64,  480.64
 222.51,  590.90,  605.57
 350.58,  347.57,  350.59
 348.18,  343.83,  475.51
 345.79,  340.10,  600.43
 351.43,  472.51,  354.34
 349.03,  468.78,  479.26
 346.64,  465.04,  604.18
 352.28,  597.45,  358.09
 349.88,  593.72,  483.01
 347.49,  589.98,  607.93
 475.55,  346.65,  352.96
 473.16,  342.91,  477.88
 470.76,  339.18,  602.80
 476.40,  471.59,  356.71
 474.01,  467.86,  481.63
 471.61,  464.12,  606.55
 477.25,  596.53,  360.46
 474.86,  592.80,  485.38
 472.46,  589.06,  610.30
 226.33,  350.14,  475.01
 228.49,  349.95,  599.99
 230.64,  349.77,  724.97
 227.53,  475.13,  475.17
 229.69,  474.95,  600.15
 231.84,  474.77,  725.14
 228.73,  600.12,  475.34
 230.89,  599.94,  600.32
 233.05,  599.76,  725.30
 351.31,  348.94,  472.85
 353.46,  348.76,  597.84
 355.62,  348.57,  722.82
 352.51,  473.93,  473.02
 354.66,  473.75,  598.00
 356.82,  473.57,  722.98
 353.71,  598.93,  473.18
 355.87,  598.74,  598.16
 358.02,  598.56,  723.14
 476.28,  347.74,  470.70
 478.44,  347.56,  595.68
 480.59,  347.38,  720.66
 477.48,  472.73,  470.86
 479.64,  472.55,  595.84
 481.80,  472.37,  720.82
 478.68,  597.73,  471.02
 480.84,  597.55,  596.00
 483.00,  597.36,  720.98
 224.71,  348.18,  600.51
 227.58,  345.49,  725.45
 230.46,  342.80,  850.39
 222.83,  473.14,  603.25
 225.71,  470.45,  728.19
 228.58,  467.76,  853.12
 220.96,  598.09,  605.98
 223.83,  595.40,  730.92
 226.70,  592.71,  855.86
 349.66,  350.12,  597.68
 352.54,  347.43,  722.62
 355.41,  344.74,  847.56
 347.79,  475.08,  600.42
 350.66,  472.39,  725.35
 353.53,  469.70,  850.29
 345.91,  600.03,  603.15
 348.78,  597.34,  728.09
 351.65,  594.65,  853.03
 474.62,  352.06,  594.85
 477.49,  349.37,  719.79
 480.36,  346.68,  844.73
 472.74,  477.02,  597.59
 475.61,  474.33,  722.52
 478.48,  471.64,  847.46
 470.86,  601.97,  600.32
 473.73,  599.28,  725.26
 476.61,  596.59,  850.20
 224.83,  474.46,   99.32
 223.82,  471.38,  224.28
 222.80,  468.31,  349.24
 221.69,  599.38,  102.37
 220.67,  596.31,  227.33
 219.66,  593.23,  352.29
 218.54,  724.30,  105.42
 217.53,  721.23,  230.38
 216.51,  718.15,  355.34
 349.79,  477.58,  100.42
 348.77,  474.50,  225.38
 347.76,  471.43,  350.33
 346.64,  602.50,  103.47
 345.63,  599.43,  228.42
 344.61,  596.35,  353.38
 343.50,  727.42,  106.51
 342.48,  724.35,  231.47
 341.47,  721.27,  356.43
 474.75,  480.70,  101.51
 473.73,  477.62,  226.47
 472.71,  474.55,  351.43
 471.60,  605.62,  104.56
 470.58,  602.55,  229.52
 469.57,  599.47,  354.47
 468.45,  730.54,  107.61
 467.44,  727.47,  232.57
 466.42,  724.39,  357.52
 226.32,  474.03,  224.70
 228.52,  476.02,  349.66
 230.72,  478.02,  474.63
 224.43,  599.00,  222.74
 226.63,  600.99,  347.70
 228.83,  602.99,  472.67
 222.53,  723.97,  220.78
 224.73,  725.96,  345.74
 226.93,  727.96,  470.70
 351.29,  475.89,  222.47
 353.49,  477.89,  347.43
 355.69,  479.88,  472.40
 349.39,  600.86,  220.51
 351.59,  602.86,  345.47
 353.79,  604.85,  470.44
 347.49,  725.83,  218.55
 349.69,  727.83,  343.51
 351.89,  729.82,  468.48
 476.26,  477.76,  220.24
 478.46,  479.75,  345.20
 480.66,  481.75,  470.17
 474.36,  602.73,  218.28
 476.56,  604.72,  343.24
 478.76,  606.72,  468.21
 472.46,  727.70,  216.32
 474.66,  729.69,  341.28
 476.86,  731.69,  466.25
 225.74,  475.77,  348.76
 223.08,  473.69,  473.72
 220.42,  471.61,  598.67
 222.67,  600.71,  350.77
 220.01,  598.64,  475.73
 217.35,  596.56,  600.68
 219.60,  725.66,  352.78
 216.94,  723.58,  477.74
 214.28,  721.51,  602.69
 350.67,  478.79,  351.47
 348.01,  476.71,  476.43
 345.35,  474.64,  601.38
 347.61,  603.74,  353.48
 344.95,  601.66,  478.44
 342.29,  599.58,  603.39
 344.54,  728.68,  355.49
 341.88,  726.61,  480.45
 339.22,  724.53,  605.40
 475.61,  481.81,  354.18
 472.95,  479.74,  479.14
 470.29,  477.66,  604.09
 472.54,  606.76,  356.19
 469.88,  604.68,  481.15
 467.22,  602.61,  606.10
 469.47,  731.71,  358.20
 466.81,  729.63,  483.16
 464.15,  727.55,  608.11
 224.44,  474.84,  475.58
 224.87,  476.49,  600.56
 225.30,  478.13,  725.55
 221.84,  599.81,  473.94
 222.26,  601.45,  598.93
 222.69,  603.09,  723.92
 219.23,  724.77,  472.30
 219.66,  726.41,  597.29
 220.09,  728.06,  722.28
 349.41,  477.44,  475.11
 349.84,  479.09,  600.10
 350.27,  480.73,  725.09
 346.81,  602.40,  473.48
 347.24,  604.05,  598.47
 347.66,  605.69,  723.45
 344.21,  727.36,  471.84
 344.63,  729.01,  596.83
 345.06,  730.65,  721.82
 474.38,  480.04,  474.65
 474.81,  481.68,  599.64
 475.24,  483.33,  724.63
 471.78,  605.00,  473.02
 472.21,  606.64,  598.00
 472.64,  608.29,  722.99
 469.18,  729.96,  471.38
 469.61,  731.61,  596.37
 470.03,  733.25,  721.36
 226.97,  474.15,  601.47
 229.21,  476.44,  726.43
 231.44,  478.74,  851.39
 227.42,  599.13,  599.17
 229.66,  601.42,  724.13
 231.90,  603.71,  849.09
 227.88,  724.10,  596.87
 230.11,  726.40,  721.83
 232.35,  728.69,  846.79
 351.95,  473.66,  599.25
 354.19,  475.95,  724.21
 356.42,  478.24,  849.16
 352.40,  598.63,  596.94
 354.64,  600.93,  721.90
 356.87,  603.22,  846.86
 352.85,  723.61,  594.64
 355.09,  725.91,  719.60
 357.33,  728.20,  844.56
 476.93,  473.16,  597.02
 479.17,  475.46,  721.98
 481.40,  477.75,  846.94
 477.38,  598.14,  594.72
 479.62,  600.44,  719.68
 481.85,  602.73,  844.64
 477.83,  723.12,  592.41
 480.07,  725.41,  717.37
 482.31,  727.71,  842.33
 225.39,  599.61,   98.95
 226.55,  599.57,  223.95
 227.72,  599.52,  348.94
 223.88,  724.60,   99.01
 225.04,  724.56,  224.00
 226.20,  724.51,  349.00
 222.36,  849.59,   99.07
 223.52,  849.55,  224.06
 224.68,  849.50,  349.06
 350.38,  601.13,   97.79
 351.54,  601.08,  222.78
 352.70,  601.04,  347.78
 348.86,  726.12,   97.85
 350.02,  726.07,  222.84
 351.18,  726.03,  347.84
 347.34,  851.11,   97.91
 348.51,  851.06,  222.90
 349.67,  851.02,  347.90
 475.36,  602.64,   96.63
 476.53,  602.60,  221.62
 477.69,  602.56,  346.62
 473.85,  727.64,   96.69
 475.01,  727.59,  221.68
 476.17,  727.55,  346.68
 472.33,  852.63,   96.75
 473.49,  852.58,  221.74
 474.65,  852.54,  346.74
 226.80,  600.04,  226.19
 229.85,  601.61,  351.15
 232.89,  603.17,  476.10
 223.63,  724.99,  224.70
 226.68,  726.56,  349.66
 229.73,  728.13,  474.61
 220.46,  849.94,  223.21
 223.51,  851.51,  348.17
 226.56,  853.08,  473.12
 351.72,  603.17,  223.11
 354.77,  604.74,  348.06
 357.82,  606.30,  473.01
 348.55,  728.12,  221.62
 351.60,  729.69,  346.57
 354.65,  731.25,  471.52
 345.39,  853.07,  220.13
 348.44,  854.64,  345.08
 351.48,  856.21,  470.03
 476.64,  606.30,  220.02
 479.69,  607.86,  344.97
 482.74,  609.43,  469.92
 473.48,  731.25,  218.53
 476.52,  732.82,  343.48
 479.57,  734.38,  468.43
 470.31,  856.20,  217.04
 473.36,  857.77,  341.99
 476.41,  859.33,  466.94
 223.89,  600.51,  348.82
 226.04,  603.29,  473.77
 228.19,  606.08,  598.72
 226.72,  725.45,  345.99
 228.87,  728.23,  470.94
 231.02,  731.01,  595.89
 229.55,  850.38,  343.16
 231.70,  853.17,  468.11
 233.85,  855.95,  593.06
 348.84,  597.63,  346.73
 350.99,  600.42,  471.68
 353.14,  603.20,  596.64
 351.67,  722.57,  343.90
 353.82,  725.35,  468.85
 355.97,  728.13,  593.81
 354.50,  847.51,  341.07
 356.65,  850.29,  466.02
 358.80,  853.07,  590.98
 473.79,  594.76,  344.65
 475.94,  597.54,  469.60
 478.09,  600.32,  594.55
 476.62,  719.69,  341.82
 478.77,  722.47,  466.77
 480.92,  725.25,  591.72
 479.45,  844.63,  338.99
 481.60,  847.41,  463.94
 483.75,  850.19,  588.89
 224.97,  600.61,  474.95
 222.17,  603.48,  599.88
 219.38,  606.36,  724.82
 224.38,  725.57,  472.05
 221.59,  728.45,  596.99
 218.79,  731.33,  721.93
 223.80,  850.54,  469.16
 221.01,  853.41,  594.10
 218.21,  856.29,  719.04
 349.93,  601.25,  477.73
 347.14,  604.13,  602.66
 344.34,  607.01,  727.60
 349.35,  726.22,  474.83
 346.56,  729.10,  599.77
 343.76,  731.97,  724.71
 348.77,  851.19,  471.94
 345.97,  854.06,  596.88
 343.18,  856.94,  721.82
 474.90,  601.90,  480.51
 472.11,  604.78,  605.44
 469.31,  607.66,  730.38
 474.32,  726.87,  477.62
 471.52,  729.74,  602.55
 468.73,  732.62,  727.49
 473.73,  851.83,  474.72
 470.94,  854.71,  599.66
 468.15,  857.59,  724.60
 223.65,  600.68,  600.99
 222.21,  598.77,  725.96
 220.77,  596.86,  850.94
 224.19,  725.66,  602.90
 222.76,  723.75,  727.88
 221.32,  721.84,  852.86
 224.74,  850.65,  604.82
 223.30,  848.74,  729.80
 221.87,  846.83,  854.77
 348.64,  600.11,  602.41
 347.20,  598.20,  727.39
 345.77,  596.29,  852.37
 349.18,  725.09,  604.33
 347.75,  723.18,  729.31
 346.31,  721.27,  854.28
 349.73,  850.08,  606.25
 348.29,  848.17,  731.22
 346.86,  846.26,  856.20
 473.63,  599.54,  603.84
 472.19,  597.63,  728.82
 470.76,  595.72,  853.80
 474.17,  724.52,  605.76
 472.74,  722.61,  730.73
 471.30,  720.70,  855.71
 474.72,  849.51,  607.67
 473.28,  847.60,  732.65
 471.85,  845.69,  857.63
 348.71,   99.09,   98.11
 349.99,  100.68,  223.10
 351.28,  102.28,  348.08
 350.99,  224.06,   96.50
 352.28,  225.65,  221.48
 353.56,  227.25,  346.46
 353.28,  349.02,   94.88
 354.56,  350.62,  219.86
 355.85,  352.22,  344.84
 473.68,   96.79,   96.86
 474.97,   98.38,  221.84
 476.25,   99.98,  346.83
 475.97,  221.75,   95.24
 477.25,  223.35,  220.22
 478.53,  224.95,  345.21
 478.25,  346.72,   93.62
 479.54,  348.32,  218.60
 480.82,  349.91,  343.59
 598.66,   94.49,   95.61
 599.94,   96.08,  220.59
 601.22,   97.68,  345.57
 600.94,  219.45,   93.99
 602.22,  221.05,  218.97
 603.51,  222.65,  343.95
 603.22,  344.42,   92.37
 604.51,  346.02,  217.35
 605.79,  347.61,  342.33
 350.09,  100.52,  224.97
 352.91,  104.06,  349.89
 355.73,  107.60,  474.81
 348.75,  225.46,  221.46
 351.57,  229.00,  346.38
 354.39,  232.54,  471.30
 347.41,  350.41,  217.95
 350.23,  353.95,  342.87
 353.05,  357.49,  467.79
 475.05,  101.78,  222.12
 477.87,  105.32,  347.04
 480.69,  108.86,  471.95
 473.71,  226.72,  218.61
 476.53,  230.26,  343.53
 479.35,  233.80,  468.44
 472.37,  351.67,  215.10
 475.19,  355.21,  340.02
 478.01,  358.75,  464.93
 600.01,  103.04,  219.26
 602.83,  106.58,  344.18
 605.65,  110.12,  469.10
 598.67,  227.98,  215.75
 601.49,  231.52,  340.67
 604.31,  235.06,  465.59
 597.33,  352.93,  212.24
 600.15,  356.47,  337.16
 602.97,  360.01,  462.08
 351.59,  101.17,  348.02
 349.25,  100.53,  473.00
 346.91,   99.89,  597.97
 351.76,  226.17,  348.66
 349.42,  225.53,  473.64
 347.08,  224.89,  598.62
 351.92,  351.16,  349.31
 349.58,  350.53,  474.28
 347.24,  349.89,  599.26
 476.57,  100.99,  350.36
 474.23,  100.35,  475.34
 471.89,   99.71,  600.31
 476.73,  225.99,  351.00
 474.39,  225.35,  475.98
 472.06,  224.71,  600.95
 476.90,  350.99,  351.64
 474.56,  350.35,  476.62
 472.22,  349.71,  601.60
 601.55,  100.82,  352.70
 599.21,  100.18,  477.67
 596.87,   99.54,  602.65
 601.71,  225.81,  353.34
 599.37,  225.18,  478.32
 597.03,  224.54,  603.29
 601.87,  350.81,  353.98
 599.54,  350.17,  478.96
 597.20,  349.54,  603.93
 348.74,  101.86,  473.94
 345.79,   98.80,  598.87
 342.84,   95.74,  723.80
 349.97,  226.82,  477.03
 347.02,  223.76,  601.96
 344.08,  220.70,  726.89
 351.21,  351.77,  480.12
 348.26,  348.71,  605.05
 345.31,  345.66,  729.98
 473.70,  100.56,  476.86
 470.75,   97.50,  601.79
 467.80,   94.44,  726.72
 474.93,  225.51,  479.95
 471.98,  222.45,  604.88
 469.04,  219.40,  729.81
 476.16,  350.47,  483.04
 473.22,  347.41,  607.96
 470.27,  344.35,  732.89
 598.66,   99.25,  479.78
 595.71,   96.19,  604.71
 592.76,   93.14,  729.63
 599.89,  224.21,  482.87
 596.94,  221.15,  607.79
 593.99,  218.09,  732.72
 601.12,  349.16,  485.95
 598.18,  346.11,  610.88
 595.23,  343.05,  735.81
 350.39,   99.94,  598.39
 347.72,  100.64,  723.36
 345.04,  101.34,  848.33
 352.03,  224.93,  597.73
 349.35,  225.63,  722.70
 346.68,  226.32,  847.67
 353.67,  349.92,  597.07
 350.99,  350.61,  722.04
 348.32,  351.31,  847.00
 475.35,   98.32,  601.08
 472.68,   99.01,  726.04
 470.00,   99.71,  851.01
 476.99,  223.30,  600.41
 474.31,  224.00,  725.38
 471.64,  224.70,  850.35
 478.63,  348.29,  599.75
 475.95,  348.99,  724.72
 473.28,  349.69,  849.69
 600.31,   96.69,  603.76
 597.64,   97.39,  728.73
 594.96,   98.09,  853.70
 601.95,  221.68,  603.10
 599.28,  222.38,  728.07
 596.60,  223.07,  853.04
 603.59,  346.67,  602.44
 600.91,  347.37,  727.41
 598.24,  348.06,  852.37
 351.57,  226.21,   98.58
 352.72,  225.64,  223.57
 353.88,  225.06,  348.57
 349.28,  351.19,   99.18
 350.44,  350.62,  224.17
 351.60,  350.04,  349.16
 347.00,  476.17,   99.78
 348.16,  475.59,  224.77
 349.31,  475.02,  349.76
 476.54,  228.50,   97.43
 477.70,  227.93,  222.43
 478.86,  227.35,  347.42
 474.26,  353.48,   98.03
 475.41,  352.90,  223.02
 476.57,  352.33,  348.02
 471.97,  478.46,   98.63
 473.13,  477.88,  223.62
 474.29,  477.31,  348.62
 601.51,  230.79,   96.29
 602.67,  230.21,  221.28
 603.83,  229.64,  346.27
 599.23,  355.77,   96.88
 600.39,  355.19,  221.88
 601.55,  354.62,  346.87
 596.95,  480.75,   97.48
 598.10,  480.17,  222.48
 599.26,  479.59,  347.47
 348.60,  224.03,  224.15
 345.25,  226.86,  349.07
 341.91,  229.69,  474.00
 345.83,  348.96,  221.25
 342.49,  351.79,  346.17
 339.14,  354.62,  471.09
 343.06,  473.90,  218.34
 339.72,  476.73,  343.27
 336.37,  479.56,  468.19
 473.52,  226.87,  227.43
 470.18,  229.70,  352.36
 466.83,  232.53,  477.28
 470.76,  351.81,  224.53
 467.41,  354.64,  349.45
 464.07,  357.47,  474.37
 467.99,  476.74,  221.62
 464.64,  479.57,  346.55
 461.30,  482.40,  471.47
 598.45,  229.72,  230.71
 595.10,  232.55,  355.64
 591.76,  235.38,  480.56
 595.68,  354.65,  227.81
 592.34,  357.48,  352.73
 588.99,  360.31,  477.66
 592.91,  479.59,  224.90
 589.57,  482.42,  349.83
 586.22,  485.25,  474.75
 351.77,  223.08,  348.25
 353.82,  224.37,  473.23
 355.87,  225.66,  598.20
 348.88,  348.04,  347.01
 350.94,  349.33,  471.99
 352.99,  350.62,  596.96
 346.00,  473.00,  345.77
 348.05,  474.29,  470.75
 350.10,  475.58,  595.72
 476.72,  225.94,  346.17
 478.77,  227.23,  471.15
 480.82,  228.52,  596.12
 473.83,  350.90,  344.93
 475.89,  352.19,  469.91
 477.94,  353.48,  594.88
 470.95,  475.86,  343.69
 473.00,  477.15,  468.67
 475.05,  478.44,  593.64
 601.67,  228.81,  344.09
 603.72,  230.09,  469.07
 605.77,  231.38,  594.04
 598.78,  353.77,  342.85
 600.84,  355.05,  467.83
 602.89,  356.34,  592.80
 595.90,  478.73,  341.61
 597.95,  480.02,  466.59
 600.00,  481.30,  591.56
 348.83,  223.40,  473.25
 348.32,  220.03,  598.20
 347.81,  216.66,  723.16
 345.73,  348.32,  476.61
 345.23,  344.95,  601.56
 344.72,  341.58,  726.51
 342.64,  473.23,  479.96
 342.13,  469.86,  604.92
 341.62,  466.49,  729.87
 473.79,  226.48,  473.84
 473.28,  223.11,  598.80
 472.78,  219.74,  723.75
 470.69,  351.40,  477.20
 470.19,  348.03,  602.15
 469.68,  344.66,  727.11
 467.60,  476.32,  480.56
 467.09,  472.95,  605.51
 466.58,  469.58,  730.46
 598.75,  229.57,  474.43
 598.24,  226.20,  599.39
 597.74,  222.82,  724.34
 595.66,  354.48,  477.79
 595.15,  351.11,  602.74
 594.64,  347.74,  727.70
 592.56,  479.40,  481.15
 592.05,  476.03,  606.10
 591.54,  472.66,  731.05
 349.52,  225.26,  598.19
 347.39,  223.43,  723.16
 345.25,  221.61,  848.12
 352.45,  350.21,  600.06
 350.32,  348.39,  725.03
 348.19,  346.56,  850.00
 355.38,  475.16,  601.94
 353.25,  473.34,  726.91
 351.12,  471.51,  851.88
 474.47,  222.30,  600.28
 472.33,  220.47,  725.24
 470.20,  218.65,  850.21
 477.40,  347.25,  602.15
 475.27,  345.42,  727.12
 473.13,  343.60,  852.09
 480.33,  472.20,  604.03
 478.20,  470.37,  729.00
 476.06,  468.55,  853.96
 599.41,  219.34,  602.36
 597.28,  217.51,  727.33
 595.15,  215.68,  852.30
 602.35,  344.29,  604.24
 600.21,  342.46,  729.21
 598.08,  340.64,  854.18
 605.28,  469.24,  606.12
 603.14,  467.41,  731.08
 601.01,  465.59,  856.05
 351.34,  350.89,   99.98
 354.53,  348.09,  224.90
 357.72,  345.30,  349.83
 352.33,  475.85,  102.75
 355.52,  473.06,  227.68
 358.71,  470.26,  352.60
 353.32,  600.82,  105.52
 356.51,  598.02,  230.45
 359.70,  595.23,  355.38
 476.30,  349.97,   96.77
 479.49,  347.18,  221.69
 482.68,  344.38,  346.62
 477.29,  474.94,   99.54
 480.48,  472.14,  224.47
 483.67,  469.34,  349.39
 478.27,  599.90,  102.31
 481.46,  597.11,  227.24
 484.65,  594.31,  352.17
 601.26,  349.06,   93.56
 604.44,  346.26,  218.48
 607.63,  343.46,  343.41
 602.24,  474.02,   96.33
 605.43,  471.23,  221.26
 608.62,  468.43,  346.18
 603.23,  598.99,   99.10
 606.42,  596.19,  224.03
 609.61,  593.39,  348.96
 351.04,  348.80,  223.43
 354.46,  346.10,  348.35
 357.87,  343.41,  473.28
 351.36,  473.77,  226.12
 354.77,  471.07,  351.04
 358.19,  468.38,  475.96
 351.67,  598.74,  228.80
 355.09,  596.04,  353.73
 358.50,  593.35,  478.65
 475.99,  348.55,  220.01
 479.41,  345.86,  344.93
 482.83,  343.17,  469.86
 476.31,  473.52,  222.69
 479.73,  470.83,  347.62
 483.14,  468.14,  472.54
 476.63,  598.50,  225.38
 480.04,  595.80,  350.30
 483.46,  593.11,  475.23
 600.95,  348.31,  216.59
 604.36,  345.62,  341.51
 607.78,  342.92,  466.43
 601.26,  473.28,  219.27
 604.68,  470.59,  344.20
 608.09,  467.89,  469.12
 601.58,  598.25,  221.96
 604.99,  595.56,  346.88
 608.41,  592.87,  471.81
 350.12,  351.02,  350.98
 350.95,  349.71,  475.97
 351.78,  348.40,  600.96
 352.92,  475.98,  352.27
 353.75,  474.67,  477.26
 354.58,  473.36,  602.25
 355.72,  600.94,  353.56
 356.55,  599.63,  478.55
 357.38,  598.32,  603.54
 475.08,  348.23,  350.12
 475.91,  346.92,  475.11
 476.74,  345.61,  600.10
 477.88,  473.19,  351.41
 478.71,  471.88,  476.40
 479.54,  470.57,  601.39
 480.68,  598.15,  352.70
 481.51,  596.84,  477.69
 482.34,  595.53,  602.68
 600.05,  345.44,  349.26
 600.88,  344.13,  474.25
 601.71,  342.82,  599.24
 602.85,  470.40,  350.55
 603.68,  469.09,  475.54
 604.51,  467.78,  600.53
 605.65,  595.36,  351.84
 606.48,  594.05,  476.83
 607.31,  592.74,  601.82
 350.06,  351.17,  473.24
 346.54,  348.51,  598.16
 343.01,  345.85,  723.08
 348.73,  476.14,  475.86
 345.20,  473.48,  600.78
 341.68,  470.82,  725.71
 347.39,  601.10,  478.48
 343.87,  598.44,  603.41
 340.35,  595.78,  728.33
 475.00,  352.43,  476.79
 471.48,  349.77,  601.71
 467.96,  347.11,  726.63
 473.67,  477.40,  479.41
 470.15,  474.74,  604.33
 466.62,  472.08,  729.26
 472.34,  602.36,  482.03
 468.81,  599.70,  606.96
 465.29,  597.04,  731.88
 599.95,  353.69,  480.34
 596.42,  351.03,  605.26
 592.90,  348.37,  730.19
 598.61,  478.65,  482.96
 595.09,  476.00,  607.89
 591.57,  473.34,  732.81
 597.28,  603.62,  485.59
 593.76,  600.96,  610.51
 590.23,  598.30,  735.43
 350.70,  349.39,  601.84
 347.42,  352.26,  726.77
 344.14,  355.13,  851.69
 351.62,  474.35,  599.00
 348.34,  477.22,  723.92
 345.06,  480.09,  848.84
 352.54,  599.32,  596.15
 349.26,  602.19,  721.08
 345.98,  605.05,  846.00
 475.65,  348.54,  605.14
 472.37,  351.41,  730.07
 469.09,  354.28,  854.99
 476.57,  473.51,  602.30
 473.29,  476.38,  727.22
 470.01,  479.24,  852.14
 477.50,  598.47,  599.45
 474.22,  601.34,  724.38
 470.94,  604.21,  849.30
 600.61,  347.70,  608.44
 597.33,  350.57,  733.37
 594.05,  353.43,  858.29
 601.53,  472.66,  605.60
 598.25,  475.53,  730.52
 594.97,  478.40,  855.44
 602.45,  597.63,  602.75
 599.17,  600.49,  727.68
 595.89,  603.36,  852.60
 351.96,  476.98,  101.62
 354.55,  473.43,  226.54
 357.14,  469.87,  351.47
 353.76,  601.92,  105.14
 356.34,  598.36,  230.06
 358.93,  594.81,  354.98
 355.55,  726.85,  108.65
 358.14,  723.30,  233.58
 360.73,  719.75,  358.50
 476.92,  475.25,   98.98
 479.51,  471.70,  223.91
 482.10,  468.15,  348.83
 478.72,  600.19,  102.50
 481.30,  596.64,  227.42
 483.89,  593.08,  352.34
 480.51,  725.13,  106.02
 483.10,  721.58,  230.94
 485.69,  718.02,  355.86
 601.88,  473.53,   96.34
 604.47,  469.98,  221.27
 607.06,  466.42,  346.19
 603.68,  598.47,   99.86
 606.27,  594.91,  224.78
 608.85,  591.36,  349.71
 605.47,  723.41,  103.38
 608.06,  719.85,  228.30
 610.65,  716.30,  353.22
 350.42,  476.38,  223.69
 352.63,  476.23,  348.68
 354.84,  476.08,  473.66
 350.08,  601.38,  223.85
 352.30,  601.23,  348.83
 354.51,  601.08,  473.81
 349.75,  726.38,  224.00
 351.96,  726.23,  348.98
 354.17,  726.08,  473.97
 475.40,  476.72,  221.48
 477.61,  476.57,  346.46
 479.82,  476.42,  471.44
 475.06,  601.72,  221.64
 477.28,  601.57,  346.62
 479.49,  601.42,  471.60
 474.73,  726.72,  221.79
 476.94,  726.57,  346.77
 479.15,  726.42,  471.75
 600.38,  477.06,  219.27
 602.59,  476.91,  344.25
 604.80,  476.76,  469.23
 600.04,  602.06,  219.43
 602.26,  601.91,  344.41
 604.47,  601.76,  469.39
 599.71,  727.06,  219.58
 601.92,  726.91,  344.56
 604.13,  726.76,  469.54
 350.66,  475.37,  348.81
 354.32,  476.54,  473.75
 357.98,  477.71,  598.69
 351.18,  600.36,  347.62
 354.85,  601.53,  472.57
 358.51,  602.70,  597.51
 351.71,  725.36,  346.44
 355.37,  726.53,  471.38
 359.04,  727.70,  596.32
 475.60,  474.81,  345.15
 479.27,  475.98,  470.09
 482.93,  477.15,  595.03
 476.13,  599.80,  343.97
 479.79,  600.97,  468.91
 483.46,  602.14,  593.85
 476.65,  724.80,  342.78
 480.32,  725.97,  467.72
 483.98,  727.14,  592.66
 600.55,  474.25,  341.49
 604.21,  475.42,  466.43
 607.87,  476.59,  591.37
 601.07,  599.24,  340.31
 604.74,  600.41,  465.25
 608.40,  601.58,  590.19
 601.60,  724.23,  339.12
 605.26,  725.40,  464.06
 608.93,  726.57,  589.00
 350.17,  475.07,  476.01
 351.49,  475.11,  601.01
 352.82,  475.16,  726.00
 350.22,  600.07,  475.97
 351.54,  600.11,  600.96
 352.87,  600.16,  725.95
 350.27,  725.07,  475.92
 351.59,  725.11,  600.92
 352.92,  725.16,  725.91
 475.16,  475.02,  474.69
 476.49,  475.06,  599.68
 477.81,  475.11,  724.67
 475.21,  600.02,  474.64
 476.54,  600.06,  599.64
 477.86,  600.11,  724.63
 475.26,  725.02,  474.60
 476.59,  725.06,  599.59
 477.91,  725.11,  724.58
 600.15,  474.97,  473.36
 601.48,  475.01,  598.36
 602.80,  475.05,  723.35
 600.20,  599.97,  473.32
 601.53,  600.01,  598.31
 602.85,  600.05,  723.30
 600.25,  724.97,  473.27
 601.58,  725.01,  598.27
 602.90,  725.05,  723.26
 349.40,  474.52,  598.73
 347.04,  472.53,  723.69
 344.68,  470.54,  848.65
 348.87,  599.50,  600.71
 346.51,  597.51,  725.67
 344.15,  595.52,  850.63
 348.35,  724.49,  602.69
 345.98,  722.49,  727.65
 343.62,  720.50,  852.62
 474.38,  475.01,  601.10
 472.02,  473.02,  726.06
 469.65,  471.02,  851.02
 473.85,  599.99,  603.08
 471.49,  598.00,  728.04
 469.13,  596.01,  853.00
 473.32,  724.98,  605.06
 470.96,  722.98,  730.02
 468.60,  720.99,  854.98
 599.35,  475.50,  603.46
 596.99,  473.51,  728.43
 594.63,  471.51,  853.39
 598.83,  600.48,  605.45
 596.47,  598.49,  730.41
 594.10,  596.50,  855.37
 598.30,  725.47,  607.43
 595.94,  723.47,  732.39
 593.58,  721.48,  857.35
 351.25,  599.97,  101.63
 351.16,  602.86,  226.59
 351.08,  605.75,  351.56
 348.12,  724.90,   98.74
 348.04,  727.79,  223.70
 347.96,  730.68,  348.67
 345.00,  849.83,   95.85
 344.92,  852.72,  220.81
 344.83,  855.61,  345.78
 476.21,  603.10,  101.64
 476.12,  605.99,  226.60
 476.04,  608.88,  351.57
 473.08,  728.03,   98.75
 473.00,  730.92,  223.71
 472.92,  733.80,  348.68
 469.96,  852.95,   95.86
 469.88,  855.84,  220.83
 469.79,  858.73,  345.79
 601.17,  606.22,  101.65
 601.09,  609.11,  226.61
 601.00,  612.00,  351.58
 598.04,  731.15,   98.76
 597.96,  734.04,  223.72
 597.88,  736.93,  348.69
 594.92,  856.08,   95.87
 594.84,  858.97,  220.84
 594.75,  861.86,  345.80
 350.59,  601.27,  226.80
 348.85,  602.49,  351.78
 347.12,  603.71,  476.77
 347.98,  726.24,  225.55
 346.24,  727.45,  350.53
 344.51,  728.67,  475.51
 345.37,  851.20,  224.29
 343.63,  852.42,  349.27
 341.90,  853.64,  474.26
 475.55,  603.90,  228.51
 473.81,  605.11,  353.49
 472.08,  606.33,  478.47
 472.94,  728.86,  227.25
 471.20,  730.08,  352.24
 469.47,  731.30,  477.22
 470.33,  853.83,  226.00
 468.59,  855.05,  350.98
 466.86,  856.27,  475.96
 600.51,  606.52,  230.22
 598.77,  607.74,  355.20
 597.04,  608.96,  480.18
 597.90,  731.49,  228.96
 596.16,  732.71,  353.95
 594.43,  733.93,  478.93
 595.29,  856.46,  227.71
 593.55,  857.67,  352.69
 591.82,  858.89,  477.67
 350.53,  598.58,  349.87
 352.13,  602.04,  474.81
 353.73,  605.49,  599.75
 351.60,  723.53,  346.40
 353.20,  726.98,  471.34
 354.80,  730.44,  596.28
 352.67,  848.47,  342.93
 354.27,  851.93,  467.87
 355.86,  855.39,  592.81
 475.52,  597.47,  348.30
 477.12,  600.92,  473.25
 478.71,  604.38,  598.19
 476.59,  722.41,  344.83
 478.18,  725.87,  469.77
 479.78,  729.33,  594.72
 477.65,  847.36,  341.36
 479.25,  850.82,  466.30
 480.85,  854.27,  591.25
 600.50,  596.35,  346.74
 602.10,  599.81,  471.68
 603.70,  603.27,  596.62
 601.57,  721.30,  343.27
 603.17,  724.76,  468.21
 604.77,  728.21,  593.15
 602.64,  846.25,  339.80
 604.24,  849.71,  464.74
 605.83,  853.16,  589.68
 350.54,  600.45,  474.07
 351.24,  602.42,  599.05
 351.93,  604.39,  724.04
 347.62,  725.40,  472.12
 348.31,  727.37,  597.10
 349.01,  729.34,  722.08
 344.70,  850.35,  470.16
 345.39,  852.32,  595.14
 346.09,  854.29,  720.13
 475.50,  603.36,  473.33
 476.20,  605.33,  598.31
 476.90,  607.30,  723.29
 472.58,  728.31,  471.37
 473.28,  730.28,  596.36
 473.98,  732.25,  721.34
 469.66,  853.26,  469.42
 470.36,  855.23,  594.40
 471.05,  857.20,  719.38
 600.47,  606.27,  472.59
 601.16,  608.24,  597.57
 601.86,  610.21,  722.55
 597.55,  731.22,  470.63
 598.24,  733.19,  595.62
 598.94,  735.16,  720.60
 594.62,  856.17,  468.68
 595.32,  858.14,  593.66
 596.02,  860.11,  718.64
 349.27,  601.85,  601.04
 352.65,  602.50,  725.99
 356.04,  603.15,  850.95
 350.30,  726.85,  600.37
 353.68,  727.49,  725.32
 357.06,  728.14,  850.27
 351.32,  851.84,  599.69
 354.70,  852.49,  724.64
 358.08,  853.13,  849.60
 474.22,  600.81,  597.66
 477.60,  601.46,  722.62
 480.99,  602.10,  847.57
 475.25,  725.80,  596.99
 478.63,  726.45,  721.94
 482.01,  727.10,  846.89
 476.27,  850.80,  596.31
 479.65,  851.45,  721.27
 483.03,  852.09,  846.22
 599.17,  599.77,  594.29
 602.55,  600.42,  719.24
 605.94,  601.06,  844.19
 600.20,  724.76,  593.61
 603.58,  725.41,  718.57
 606.96,  726.06,  843.52
 601.22,  849.76,  592.94
 604.60,  850.40,  717.89
 607.98,  851.05,  842.84
 473.98,  100.65,  101.39
 476.29,  102.73,  226.35
 478.61,  104.81,  351.31
 475.82,  225.62,   99.28
 478.13,  227.70,  224.24
 480.44,  229.78,  349.20
 477.65,  350.59,   97.17
 479.96,  352.67,  222.13
 482.28,  354.75,  347.09
 598.95,   98.78,   99.11
 601.26,  100.86,  224.07
 603.57,  102.94,  349.03
 600.78,  223.75,   97.00
 603.09,  225.83,  221.96
 605.41,  227.90,  346.92
 602.62,  348.72,   94.89
 604.93,  350.80,  219.85
 607.24,  352.87,  344.81
 723.91,   96.91,   96.83
 726.23,   98.98,  221.79
 728.54,  101.06,  346.75
 725.75,  221.88,   94.72
 728.06,  223.95,  219.68
 730.37,  226.03,  344.64
 727.58,  346.84,   92.61
 729.89,  348.92,  217.57
 732.21,  351.00,  342.53
 474.70,   98.69,  225.40
 474.29,  102.10,  350.36
 473.88,  105.51,  475.31
 473.73,  223.64,  221.99
 473.32,  227.05,  346.95
 472.91,  230.46,  471.90
 472.75,  348.59,  218.58
 472.35,  352.00,  343.54
 471.94,  355.41,  468.49
 599.69,   99.68,  225.78
 599.29,  103.08,  350.74
 598.88,  106.49,  475.69
 598.72,  224.63,  222.37
 598.31,  228.03,  347.33
 597.91,  231.44,  472.28
 597.75,  349.58,  218.96
 597.34,  352.98,  343.92
 596.94,  356.39,  468.87
 724.69,  100.66,  226.17
 724.28,  104.07,  351.12
 723.87,  107.47,  476.07
 723.72,  225.61,  222.76
 723.31,  229.02,  347.71
 722.90,  232.42,  472.66
 722.74,  350.56,  219.35
 722.34,  353.97,  344.30
 721.93,  357.37,  469.25
 474.49,  101.57,  350.88
 470.95,  105.22,  475.78
 467.40,  108.87,  600.67
 475.44,  226.51,  347.26
 471.90,  230.16,  472.15
 468.35,  233.81,  597.05
 476.39,  351.46,  343.63
 472.85,  355.11,  468.53
 469.31,  358.76,  593.43
 599.44,  100.72,  354.45
 595.89,  104.37,  479.35
 592.35,  108.02,  604.24
 600.39,  225.67,  350.83
 596.84,  229.32,  475.72
 593.30,  232.96,  600.62
 601.34,  350.61,  347.20
 597.79,  354.26,  472.10
 594.25,  357.91,  597.00
 724.38,   99.87,  358.02
 720.84,  103.52,  482.92
 717.30,  107.17,  607.81
 725.33,  224.82,  354.40
 721.79,  228.47,  479.29
 718.25,  232.12,  604.19
 726.28,  349.76,  350.77
 722.74,  353.41,  475.67
 719.20,  357.06,  600.57
 474.78,   98.58,  476.30
 474.81,   98.70,  601.30
 474.84,   98.82,  726.30
 472.41,  223.56,  476.18
 472.44,  223.68,  601.18
 472.47,  223.79,  726.18
 470.05,  348.54,  476.06
 470.08,  348.66,  601.06
 470.11,  348.77,  726.06
 599.76,  100.95,  476.27
 599.79,  101.06,  601.27
 599.81,  101.18,  726.27
 597.39,  225.93,  476.15
 597.42,  226.04,  601.15
 597.45,  226.16,  726.15
 595.03,  350.90,  476.03
 595.06,  351.02,  601.03
 595.08,  351.14,  726.03
 724.73,  103.31,  476.23
 724.76,  103.43,  601.23
 724.79,  103.55,  726.23
 722.37,  228.29,  476.12
 722.40,  228.41,  601.12
 722.43,  228.52,  726.12
 720.01,  353.27,  476.00
 720.03,  353.38,  601.00
 720.06,  353.50,  726.00
 473.76,  101.34,  598.63
 471.96,  104.81,  723.57
 470.15,  108.29,  848.51
 474.64,  226.29,  595.17
 472.83,  229.76,  720.11
 471.03,  233.24,  845.04
 475.51,  351.24,  591.70
 473.71,  354.71,  716.64
 471.90,  358.18,  841.58
 598.75,  100.51,  600.46
 596.94,  103.99,  725.40
 595.14,  107.46,  850.34
 599.62,  225.46,  597.00
 597.82,  228.94,  721.94
 596.01,  232.41,  846.87
 600.50,  350.41,  593.53
 598.69,  353.88,  718.47
 596.89,  357.36,  843.41
 723.73,   99.69,  602.29
 721.92,  103.16,  727.23
 720.12,  106.64,  852.17
 724.61,  224.64,  598.83
 722.80,  228.11,  723.76
 720.99,  231.59,  848.70
 725.48,  349.58,  595.36
 723.68,  353.06,  720.30
 721.87,  356.53,  845.24
 473.34,  223.91,   99.09
 469.66,  227.16,  224.00
 465.99,  230.42,  348.90
 474.49,  348.86,   95.87
 470.82,  352.11,  220.77
 467.14,  355.37,  345.68
 475.65,  473.81,   92.65
 471.98,  477.07,  217.55
 468.30,  480.32,  342.45
 598.28,  222.84,  102.80
 594.60,  226.10,  227.70
 590.93,  229.36,  352.60
 599.43,  347.80,   99.57
 595.76,  351.05,  224.48
 592.08,  354.31,  349.38
 600.59,  472.75,   96.35
 596.92,  476.01,  221.25
 593.24,  479.26,  346.16
 723.22,  221.78,  106.50
 719.54,  225.04,  231.40
 715.87,  228.29,  356.31
 724.37,  346.74,  103.28
 720.70,  349.99,  228.18
 717.03,  353.25,  353.08
 725.53,  471.69,  100.05
 721.86,  474.94,  224.96
 718.18,  478.20,  349.86
 475.63,  225.62,  225.31
 476.19,  225.28,  350.31
 476.75,  224.93,  475.31
 479.12,  350.57,  225.65
 479.68,  350.23,  350.65
 480.24,  349.88,  475.64
 482.60,  475.52,  225.98
 483.16,  475.18,  350.98
 483.72,  474.83,  475.98
 600.58,  222.14,  224.74
 601.14,  221.79,  349.74
 601.70,  221.44,  474.74
 604.07,  347.09,  225.08
 604.63,  346.74,  350.07
 605.19,  346.39,  475.07
 607.55,  472.04,  225.41
 608.11,  471.69,  350.41
 608.67,  471.35,  475.40
 725.53,  218.66,  224.17
 726.09,  218.31,  349.17
 726.65,  217.96,  474.17
 729.02,  343.61,  224.51
 729.58,  343.26,  349.50
 730.14,  342.91,  474.50
 732.50,  468.56,  224.84
 733.06,  468.21,  349.84
 733.62,  467.86,  474.83
 475.04,  226.84,  349.10
 474.26,  223.81,  474.06
 473.48,  220.79,  599.02
 476.00,  351.80,  352.13
 475.22,  348.77,  477.09
 474.44,  345.75,  602.05
 476.96,  476.76,  355.16
 476.18,  473.73,  480.13
 475.40,  470.71,  605.09
 600.04,  225.87,  349.85
 599.26,  222.84,  474.82
 598.48,  219.81,  599.78
 600.99,  350.83,  352.89
 600.21,  347.80,  477.85
 599.43,  344.77,  602.81
 601.95,  475.79,  355.92
 601.17,  472.76,  480.88
 600.39,  469.73,  605.84
 725.03,  224.89,  350.61
 724.25,  221.86,  475.57
 723.47,  218.84,  600.53
 725.99,  349.85,  353.64
 725.21,  346.82,  478.61
 724.43,  343.80,  603.57
 726.95,  474.81,  356.68
 726.17,  471.78,  481.64
 725.39,  468.76,  606.60
 473.52,  224.16,  475.08
 470.60,  222.01,  600.03
 467.68,  219.85,  724.97
 471.42,  349.12,  477.18
 468.50,  346.97,  602.13
 465.58,  344.82,  727.08
 469.32,  474.09,  479.29
 466.40,  471.94,  604.23
 463.48,  469.78,  729.18
 598.47,  226.21,  478.03
 595.55,  224.06,  602.98
 592.63,  221.91,  727.93
 596.37,  351.18,  480.14
 593.45,  349.02,  605.08
 590.53,  346.87,  730.03
 594.26,  476.14,  482.24
 591.35,  473.99,  607.19
 588.43,  471.84,  732.14
 723.42,  228.26,  480.99
 720.50,  226.11,  605.93
 717.58,  223.96,  730.88
 721.31,  353.23,  483.09
 718.40,  351.07,  608.04
 715.48,  348.92,  732.98
 719.21,  478.19,  485.19
 716.29,  476.04,  610.14
 713.38,  473.89,  735.09
 475.92,  224.95,  599.70
 472.23,  228.56,  724.59
 468.53,  232.18,  849.49
 476.66,  349.89,  596.10
 472.96,  353.51,  721.00
 469.27,  357.13,  845.89
 477.39,  474.84,  592.50
 473.69,  478.46,  717.40
 470.00,  482.07,  842.29
 600.87,  224.32,  603.42
 597.17,  227.94,  728.31
 593.48,  231.56,  853.20
 601.60,  349.27,  599.82
 597.90,  352.88,  724.71
 594.21,  356.50,  849.60
 602.33,  474.21,  596.22
 598.64,  477.83,  721.11
 594.94,  481.45,  846.00
 725.81,  223.70,  607.13
 722.11,  227.31,  732.02
 718.42,  230.93,  856.92
 726.54,  348.64,  603.53
 722.85,  352.26,  728.42
 719.15,  355.88,  853.32
 727.27,  473.59,  599.93
 723.58,  477.21,  724.83
 719.88,  480.82,  849.72
 473.28,  349.23,   99.42
 470.72,  347.26,  224.37
 468.17,  345.29,  349.33
 472.00,  474.21,  101.36
 469.44,  472.24,  226.32
 466.89,  470.27,  351.28
 470.72,  599.19,  103.30
 468.16,  597.22,  228.26
 465.61,  595.25,  353.22
 598.25,  350.47,  101.99
 595.69,  348.50,  226.95
 593.14,  346.53,  351.91
 596.97,  475.45,  103.93
 594.41,  473.48,  228.89
 591.86,  471.51,  353.85
 595.69,  600.43,  105.88
 593.13,  598.46,  230.84
 590.58,  596.49,  355.79
 723.21,  351.71,  104.57
 720.66,  349.74,  229.52
 718.10,  347.77,  354.48
 721.93,  476.69,  106.51
 719.38,  474.72,  231.47
 716.82,  472.75,  356.43
 720.65,  601.67,  108.45
 718.10,  599.70,  233.41
 715.54,  597.73,  358.37
 474.74,  348.76,  224.69
 476.67,  348.44,  349.67
 478.60,  348.11,  474.65
 471.52,  473.72,  225.06
 473.45,  473.39,  350.04
 475.38,  473.07,  475.03
 468.31,  598.68,  225.43
 470.24,  598.35,  350.42
 472.17,  598.03,  475.40
 599.68,  351.98,  222.76
 601.61,  351.65,  347.75
 603.54,  351.33,  472.73
 596.47,  476.94,  223.14
 598.40,  476.61,  348.12
 600.33,  476.29,  473.11
 593.25,  601.89,  223.51
 595.18,  601.57,  348.50
 597.11,  601.25,  473.48
 724.63,  355.20,  220.84
 726.56,  354.87,  345.83
 728.49,  354.55,  470.81
 721.41,  480.16,  221.22
 723.34,  479.83,  346.20
 725.27,  479.51,  471.19
 718.20,  605.11,  221.59
 720.13,  604.79,  346.57
 722.06,  604.47,  471.56
 476.71,  351.01,  351.97
 478.31,  354.09,  476.93
 479.92,  357.17,  601.88
 474.04,  475.95,  348.93
 475.64,  479.02,  473.88
 477.25,  482.10,  598.84
 471.37,  600.88,  345.89
 472.97,  603.96,  470.84
 474.58,  607.04,  595.79
 601.67,  353.64,  350.30
 603.27,  356.72,  475.25
 604.88,  359.80,  600.21
 599.00,  478.58,  347.26
 600.60,  481.65,  472.21
 602.21,  484.73,  597.16
 596.33,  603.51,  344.22
 597.93,  606.59,  469.17
 599.54,  609.66,  594.12
 726.63,  356.27,  348.63
 728.23,  359.35,  473.58
 729.84,  362.43,  598.53
 723.96,  481.21,  345.59
 725.56,  484.28,  470.54
 727.17,  487.36,  595.49
 721.29,  606.14,  342.55
 722.89,  609.22,  467.50
 724.50,  612.29,  592.45
 473.05,  348.50,  474.42
 474.30,  351.34,  599.38
 475.55,  354.19,  724.34
 474.87,  473.45,  471.55
 476.12,  476.30,  596.52
 477.37,  479.14,  721.48
 476.68,  598.40,  468.69
 477.93,  601.25,  593.65
 479.18,  604.10,  718.61
 598.03,  346.65,  473.21
 599.28,  349.50,  598.17
 600.53,  352.34,  723.13
 599.85,  471.61,  470.35
 601.10,  474.45,  595.31
 602.35,  477.30,  720.27
 601.66,  596.56,  467.48
 602.91,  599.41,  592.44
 604.16,  602.25,  717.40
 723.01,  344.81,  472.00
 724.26,  347.65,  596.96
 725.51,  350.50,  721.92
 724.83,  469.76,  469.14
 726.08,  472.61,  594.10
 727.33,  475.45,  719.06
 726.64,  594.72,  466.27
 727.89,  597.56,  591.23
 729.15,  600.41,  716.19
 476.00,  349.50,  599.23
 478.98,  352.81,  724.15
 481.95,  356.13,  849.07
 474.53,  474.44,  595.94
 477.50,  477.76,  720.86
 480.48,  481.08,  845.78
 473.05,  599.39,  592.66
 476.03,  602.71,  717.58
 479.00,  606.03,  842.50
 600.96,  350.89,  596.22
 603.93,  354.21,  721.14
 606.91,  357.53,  846.06
 599.48,  475.84,  592.93
 602.46,  479.16,  717.85
 605.43,  482.48,  842.77
 598.01,  600.79,  589.65
 600.98,  604.11,  714.57
 603.96,  607.42,  839.49
 725.91,  352.28,  593.20
 728.89,  355.60,  718.12
 731.86,  358.92,  843.04
 724.44,  477.23,  589.92
 727.41,  480.55,  714.84
 730.39,  483.87,  839.76
 722.97,  602.18,  586.63
 725.94,  605.50,  711.55
 728.91,  608.82,  836.47
 476.26,  474.33,   99.28
 478.06,  477.62,  224.22
 479.85,  480.92,  349.17
 473.10,  599.25,   96.03
 474.89,  602.54,  220.98
 476.68,  605.83,  345.92
 469.93,  724.17,   92.78
 471.72,  727.46,  217.73
 473.52,  730.75,  342.67
 601.21,  477.45,   97.40
 603.00,  480.74,  222.35
 604.80,  484.03,  347.29
 598.05,  602.37,   94.16
 599.84,  605.66,  219.10
 601.63,  608.95,  344.04
 594.88,  727.28,   90.91
 596.67,  730.58,  215.85
 598.46,  733.87,  340.80
 726.16,  480.57,   95.53
 727.95,  483.86,  220.47
 729.74,  487.15,  345.42
 722.99,  605.48,   92.28
 724.78,  608.78,  217.23
 726.58,  612.07,  342.17
 719.83,  730.40,   89.03
 721.62,  733.70,  213.98
 723.41,  736.99,  338.92
 473.02,  474.50,  223.78
 472.61,  473.61,  348.77
 472.20,  472.72,  473.77
 471.64,  599.49,  224.67
 471.24,  598.60,  349.66
 470.83,  597.70,  474.66
 470.27,  724.48,  225.55
 469.86,  723.59,  350.55
 469.45,  722.69,  475.55
 598.01,  475.87,  224.20
 597.60,  474.98,  349.19
 597.19,  474.09,  474.19
 596.64,  600.86,  225.08
 596.23,  599.97,  350.08
 595.82,  599.08,  475.08
 595.26,  725.85,  225.97
 594.85,  724.96,  350.97
 594.44,  724.06,  475.96
 723.00,  477.24,  224.62
 722.59,  476.35,  349.61
 722.18,  475.46,  474.61
 721.63,  602.23,  225.50
 721.22,  601.34,  350.50
 720.81,  600.45,  475.50
 720.25,  727.22,  226.39
 719.85,  726.33,  351.39
 719.44,  725.43,  476.38
 475.49,  476.70,  349.78
 479.11,  473.99,  474.69
 482.73,  471.29,  599.61
 475.40,  601.67,  352.49
 479.02,  598.97,  477.40
 482.64,  596.26,  602.32
 475.31,  726.64,  355.20
 478.93,  723.94,  480.11
 482.55,  721.23,  605.03
 600.44,  476.87,  346.16
 604.06,  474.17,  471.08
 607.68,  471.46,  595.99
 600.35,  601.84,  348.87
 603.97,  599.14,  473.79
 607.59,  596.43,  598.70
 600.26,  726.81,  351.58
 603.88,  724.11,  476.50
 607.50,  721.40,  601.41
 725.39,  477.04,  342.54
 729.01,  474.34,  467.46
 732.63,  471.63,  592.38
 725.30,  602.01,  345.25
 728.92,  599.31,  470.17
 732.54,  596.60,  595.09
 725.20,  726.98,  347.96
 728.82,  724.28,  472.88
 732.45,  721.57,  597.80
 474.60,  473.85,  476.74
 473.79,  477.03,  601.70
 472.98,  480.21,  726.65
 478.05,  598.76,  473.58
 477.24,  601.94,  598.54
 476.43,  605.12,  723.50
 481.50,  723.67,  470.43
 480.69,  726.85,  595.38
 479.88,  730.03,  720.34
 599.55,  470.42,  477.64
 598.74,  473.60,  602.60
 597.93,  476.78,  727.55
 603.00,  595.33,  474.48
 602.19,  598.51,  599.44
 601.38,  601.69,  724.40
 606.45,  720.24,  471.33
 605.64,  723.42,  596.28
 604.83,  726.60,  721.24
 724.50,  466.99,  478.54
 723.69,  470.17,  603.50
 722.88,  473.35,  728.45
 727.95,  591.90,  475.38
 727.14,  595.08,  600.34
 726.33,  598.26,  725.30
 731.40,  716.82,  472.23
 730.59,  720.00,  597.18
 729.78,  723.18,  722.14
 475.63,  476.12,  601.91
 474.91,  479.36,  726.87
 474.19,  482.60,  851.83
 476.99,  601.07,  598.68
 476.27,  604.31,  723.64
 475.55,  607.55,  848.60
 478.36,  726.02,  595.45
 477.64,  729.26,  720.41
 476.92,  732.50,  845.37
 600.62,  474.78,  602.67
 599.90,  478.01,  727.62
 599.18,  481.25,  852.58
 601.98,  599.73,  599.44
 601.27,  602.96,  724.39
 600.55,  606.20,  849.35
 603.35,  724.68,  596.21
 602.63,  727.91,  721.16
 601.91,  731.15,  846.12
 725.61,  473.43,  603.42
 724.89,  476.67,  728.38
 724.17,  479.90,  853.33
 726.98,  598.38,  600.19
 726.26,  601.62,  725.15
 725.54,  604.86,  850.10
 728.34,  723.33,  596.96
 727.62,  726.57,  721.92
 726.90,  729.81,  846.87
 475.60,  600.09,  100.94
 477.05,  596.99,  225.89
 478.50,  593.89,  350.84
 473.20,  725.02,  104.06
 474.65,  721.93,  229.01
 476.10,  718.83,  353.97
 470.80,  849.96,  107.18
 472.25,  846.87,  232.14
 473.70,  843.77,  357.09
 600.57,  602.52,   99.55
 602.02,  599.43,  224.50
 603.47,  596.33,  349.45
 598.17,  727.46,  102.67
 599.62,  724.36,  227.62
 601.07,  721.27,  352.58
 595.77,  852.40,  105.79
 597.21,  849.30,  230.75
 598.66,  846.21,  355.70
 725.54,  604.96,   98.16
 726.99,  601.86,  223.11
 728.43,  598.77,  348.06
 723.13,  729.90,  101.28
 724.58,  726.80,  226.23
 726.03,  723.70,  351.19
 720.73,  854.84,  104.40
 722.18,  851.74,  229.36
 723.63,  848.64,  354.31
 474.46,  601.30,  225.66
 475.30,  600.70,  350.66
 476.14,  600.09,  475.65
 474.41,  726.30,  226.27
 475.25,  725.70,  351.26
 476.09,  725.09,  476.26
 474.36,  851.30,  226.87
 475.20,  850.69,  351.86
 476.04,  850.09,  476.86
 599.46,  601.35,  224.82
 600.29,  600.75,  349.82
 601.13,  600.15,  474.82
 599.41,  726.35,  225.43
 600.25,  725.75,  350.42
 601.09,  725.14,  475.42
 599.36,  851.35,  226.03
 600.20,  850.74,  351.02
 601.04,  850.14,  476.02
 724.45,  601.40,  223.98
 725.29,  600.80,  348.98
 726.13,  600.20,  473.98
 724.41,  726.40,  224.59
 725.24,  725.80,  349.58
 726.08,  725.19,  474.58
 724.36,  851.40,  225.19
 725.20,  850.80,  350.19
 726.04,  850.19,  475.18
 474.06,  598.15,  349.54
 473.30,  599.04,  474.54
 472.54,  599.93,  599.53
 471.56,  723.12,  348.64
 470.80,  724.01,  473.63
 470.04,  724.90,  598.63
 469.06,  848.09,  347.73
 468.30,  848.98,  472.73
 467.54,  849.87,  597.72
 599.04,  600.65,  350.29
 598.27,  601.54,  475.28
 597.51,  602.43,  600.28
 596.54,  725.63,  349.38
 595.77,  726.51,  474.38
 595.01,  727.40,  599.37
 594.04,  850.60,  348.48
 593.27,  851.49,  473.47
 592.51,  852.38,  598.47
 724.01,  603.16,  351.03
 723.25,  604.05,  476.02
 722.49,  604.94,  601.02
 721.51,  728.13,  350.13
 720.75,  729.02,  475.12
 719.99,  729.91,  600.11
 719.01,  853.10,  349.22
 718.25,  853.99,  474.22
 717.49,  854.88,  599.21
 476.48,  601.48,  475.60
 475.22,  598.86,  600.57
 473.96,  596.25,  725.53
 473.31,  726.41,  478.18
 472.05,  723.80,  603.15
 470.79,  721.18,  728.11
 470.14,  851.34,  480.76
 468.88,  848.73,  605.73
 467.62,  846.12,  730.69
 601.43,  604.62,  476.92
 600.17,  602.01,  601.89
 598.92,  599.39,  726.86
 598.26,  729.55,  479.50
 597.00,  726.94,  604.47
 595.75,  724.33,  729.44
 595.09,  854.49,  482.09
 593.83,  851.87,  607.05
 592.58,  849.26,  732.02
 726.39,  607.76,  478.25
 725.13,  605.15,  603.21
 723.87,  602.54,  728.18
 723.22,  732.70,  480.83
 721.96,  730.08,  605.80
 720.70,  727.47,  730.76
 720.05,  857.63,  483.41
 718.79,  855.02,  608.38
 717.53,  852.40,  733.34
 474.69,  599.19,  601.55
 472.18,  596.00,  726.49
 469.67,  592.81,  851.42
 474.63,  724.15,  604.74
 472.12,  720.96,  729.68
 469.61,  717.77,  854.61
 474.57,  849.11,  607.93
 472.06,  845.92,  732.87
 469.55,  842.73,  857.80
 599.67,  599.19,  604.07
 597.16,  596.00,  729.00
 594.64,  592.81,  853.93
 599.61,  724.15,  607.26
 597.10,  720.96,  732.19
 594.58,  717.77,  857.12
 599.55,  849.11,  610.45
 597.03,  845.92,  735.38
 594.52,  842.73,  860.31
 724.64,  599.19,  606.58
 722.13,  596.00,  731.51
 719.62,  592.81,  856.45
 724.58,  724.15,  609.77
 722.07,  720.96,  734.70
 719.56,  717.76,  859.64
 724.52,  849.11,  612.96
 722.01,  845.91,  737.89
 719.50,  842.72,  862.83
 599.74,   99.06,  101.91
 601.08,   95.66,  226.86
 602.43,   92.26,  351.81
 598.84,  224.01,  105.32
 600.18,  220.61,  230.27
 601.53,  217.21,  355.21
 597.94,  348.96,  108.73
 599.28,  345.56,  233.67
 600.62,  342.17,  358.62
 724.73,  100.00,  100.59
 726.07,   96.60,  225.54
 727.42,   93.20,  350.49
 723.83,  224.95,  104.00
 725.17,  221.55,  228.95
 726.52,  218.15,  353.89
 722.93,  349.90,  107.41
 724.27,  346.50,  232.36
 725.61,  343.10,  357.30
 849.72,  100.94,   99.27
 851.06,   97.54,  224.22
 852.41,   94.14,  349.17
 848.82,  225.89,  102.68
 850.16,  222.49,  227.63
 851.51,  219.09,  352.57
 847.91,  350.84,  106.09
 849.26,  347.44,  231.04
 850.60,  344.04,  355.98
 599.25,  101.23,  225.68
 597.70,   97.73,  350.62
 596.14,   94.23,  475.56
 595.91,  226.14,  229.14
 594.35,  222.64,  354.08
 592.80,  219.14,  479.02
 592.57,  351.05,  232.60
 591.01,  347.55,  357.54
 589.46,  344.05,  482.48
 724.20,  104.53,  227.32
 722.64,  101.03,  352.27
 721.09,   97.53,  477.21
 720.85,  229.44,  230.78
 719.30,  225.94,  355.72
 717.75,  222.43,  480.67
 717.51,  354.34,  234.24
 715.96,  350.84,  359.18
 714.40,  347.34,  484.12
 849.14,  107.83,  228.97
 847.59,  104.33,  353.91
 846.03,  100.82,  478.85
 845.80,  232.73,  232.43
 844.25,  229.23,  357.37
 842.69,  225.73,  482.31
 842.46,  357.64,  235.89
 840.90,  354.14,  360.83
 839.35,  350.64,  485.77
 600.44,   99.85,  349.83
 597.82,  101.21,  474.79
 595.20,  102.57,  599.76
 602.20,  224.83,  348.50
 599.58,  226.19,  473.47
 596.96,  227.55,  598.43
 603.96,  349.81,  347.18
 601.34,  351.17,  472.14
 598.72,  352.53,  597.11
 725.40,   98.12,  352.46
 722.78,   99.48,  477.43
 720.17,  100.84,  602.39
 727.16,  223.10,  351.14
 724.54,  224.46,  476.10
 721.92,  225.82,  601.07
 728.92,  348.08,  349.81
 726.30,  349.44,  474.78
 723.68,  350.80,  599.74
 850.36,   96.39,  355.10
 847.74,   97.75,  480.06
 845.13,   99.11,  605.03
 852.12,  221.37,  353.77
 849.50,  222.73,  478.74
 846.88,  224.09,  603.70
 853.88,  346.35,  352.45
 851.26,  347.71,  477.41
 848.64,  349.07,  602.38
 601.73,  100.66,  476.44
 600.68,  101.79,  601.43
 599.62,  102.92,  726.42
 600.37,  225.65,  475.31
 599.31,  226.78,  600.30
 598.26,  227.90,  725.29
 599.01,  350.64,  474.17
 597.95,  351.76,  599.16
 596.89,  352.89,  724.15
 726.72,  102.03,  477.49
 725.66,  103.16,  602.48
 724.60,  104.29,  727.47
 725.36,  227.02,  476.35
 724.30,  228.15,  601.34
 723.24,  229.27,  726.33
 724.00,  352.01,  475.22
 722.94,  353.13,  600.21
 721.88,  354.26,  725.20
 851.71,  103.40,  478.54
 850.65,  104.53,  603.53
 849.59,  105.66,  728.52
 850.35,  228.39,  477.40
 849.29,  229.52,  602.39
 848.23,  230.64,  727.38
 848.99,  353.38,  476.26
 847.93,  354.50,  601.25
 846.87,  355.63,  726.24
 598.05,  101.00,  600.78
 596.88,  101.48,  725.78
 595.70,  101.96,  850.77
 595.65,  225.97,  600.28
 594.47,  226.45,  725.27
 593.30,  226.94,  850.27
 593.24,  350.95,  599.77
 592.07,  351.43,  724.77
 590.89,  351.91,  849.76
 723.03,  103.41,  601.95
 721.85,  103.89,  726.94
 720.67,  104.37,  851.94
 720.62,  228.38,  601.44
 719.44,  228.86,  726.44
 718.27,  229.35,  851.43
 718.21,  353.36,  600.94
 717.04,  353.84,  725.93
 715.86,  354.32,  850.93
 848.00,  105.82,  603.11
 846.82,  106.30,  728.11
 845.65,  106.78,  853.10
 845.59,  230.79,  602.61
 844.42,  231.27,  727.60
 843.24,  231.76,  852.60
 843.19,  355.77,  602.11
 842.01,  356.25,  727.10
 840.83,  356.73,  852.09
 601.38,  223.40,   98.66
 599.03,  221.84,  223.62
 596.67,  220.28,  348.59
 598.06,  348.34,  100.15
 595.70,  346.79,  225.12
 593.35,  345.23,  350.09
 594.74,  473.29,  101.65
 592.38,  471.73,  226.61
 590.03,  470.18,  351.58
 726.32,  226.69,  101.05
 723.96,  225.13,  226.02
 721.61,  223.58,  350.99
 722.99,  351.64,  102.55
 720.64,  350.08,  227.51
 718.28,  348.52,  352.48
 719.67,  476.59,  104.04
 717.32,  475.03,  229.01
 714.96,  473.47,  353.98
 851.25,  229.99,  103.44
 848.90,  228.43,  228.41
 846.54,  226.87,  353.38
 847.93,  354.93,  104.94
 845.57,  353.38,  229.91
 843.22,  351.82,  354.88
 844.60,  479.88,  106.43
 842.25,  478.32,  231.40
 839.90,  476.76,  356.37
 600.74,  224.44,  226.39
 597.23,  224.85,  351.34
 593.72,  225.26,  476.29
 597.73,  349.40,  225.89
 594.22,  349.81,  350.84
 590.71,  350.23,  475.79
 594.71,  474.36,  225.39
 591.20,  474.78,  350.34
 587.69,  475.19,  475.29
 725.66,  227.47,  229.89
 722.15,  227.88,  354.84
 718.64,  228.29,  479.79
 722.64,  352.43,  229.39
 719.13,  352.84,  354.34
 715.62,  353.25,  479.29
 719.63,  477.39,  228.89
 716.12,  477.80,  353.84
 712.61,  478.22,  478.79
 850.57,  230.49,  233.39
 847.06,  230.91,  358.34
 843.55,  231.32,  483.29
 847.56,  355.46,  232.89
 844.05,  355.87,  357.84
 840.54,  356.28,  482.79
 844.54,  480.42,  232.39
 841.03,  480.83,  357.34
 837.52,  481.24,  482.29
 601.94,  225.19,  351.54
 603.80,  224.77,  476.53
 605.66,  224.34,  601.51
 600.87,  350.19,  351.99
 602.73,  349.76,  476.97
 604.59,  349.33,  601.96
 599.81,  475.18,  352.43
 601.67,  474.76,  477.41
 603.52,  474.33,  602.40
 726.92,  226.27,  349.69
 728.78,  225.84,  474.67
 730.64,  225.41,  599.66
 725.86,  351.26,  350.13
 727.71,  350.83,  475.12
 729.57,  350.41,  600.10
 724.79,  476.26,  350.58
 726.65,  475.83,  475.56
 728.50,  475.40,  600.55
 851.90,  227.34,  347.83
 853.76,  226.91,  472.82
 855.62,  226.48,  597.81
 850.84,  352.34,  348.28
 852.69,  351.91,  473.26
 854.55,  351.48,  598.25
 849.77,  477.33,  348.72
 851.63,  476.90,  473.71
 853.49,  476.47,  598.69
 601.78,  225.45,  475.15
 598.14,  226.13,  600.09
 594.50,  226.82,  725.04
 602.59,  350.44,  474.49
 598.94,  351.13,  599.43
 595.30,  351.82,  724.38
 603.39,  475.44,  473.82
 599.75,  476.13,  598.77
 596.11,  476.81,  723.71
 726.73,  224.67,  478.79
 723.09,  225.35,  603.74
 719.44,  226.04,  728.68
 727.53,  349.66,  478.13
 723.89,  350.35,  603.08
 720.25,  351.03,  728.02
 728.33,  474.66,  477.47
 724.69,  475.34,  602.41
 721.05,  476.03,  727.36
 851.67,  223.88,  482.44
 848.03,  224.57,  607.39
 844.39,  225.25,  732.33
 852.48,  348.88,  481.78
 848.83,  349.56,  606.72
 845.19,  350.25,  731.67
 853.28,  473.87,  481.11
 849.64,  474.56,  606.06
 845.99,  475.25,  731.01
 598.36,  225.71,  601.76
 600.49,  225.00,  726.74
 602.62,  224.28,  851.72
 599.49,  350.70,  602.46
 601.62,  349.99,  727.44
 603.75,  349.27,  852.42
 600.62,  475.69,  603.15
 602.75,  474.98,  728.13
 604.88,  474.27,  853.11
 723.34,  224.59,  599.63
 725.47,  223.88,  724.61
 727.59,  223.16,  849.59
 724.47,  349.58,  600.32
 726.60,  348.87,  725.30
 728.72,  348.16,  850.28
 725.60,  474.58,  601.02
 727.72,  473.86,  725.99
 729.85,  473.15,  850.97
 848.31,  223.47,  597.49
 850.44,  222.76,  722.47
 852.57,  222.05,  847.45
 849.44,  348.47,  598.19
 851.57,  347.75,  723.17
 853.70,  347.04,  848.15
 850.57,  473.46,  598.88
 852.70,  472.75,  723.86
 854.83,  472.03,  848.84
 599.31,  351.52,  101.35
 599.35,  348.93,  226.32
 599.39,  346.34,  351.30
 598.02,  476.49,  103.94
 598.06,  473.90,  228.92
 598.10,  471.31,  353.89
 596.74,  601.46,  106.54
 596.77,  598.87,  231.51
 596.81,  596.27,  356.48
 724.31,  352.81,  101.34
 724.34,  350.22,  226.31
 724.38,  347.63,  351.29
 723.02,  477.78,  103.93
 723.05,  475.19,  228.91
 723.09,  472.60,  353.88
 721.73,  602.75,  106.53
 721.77,  600.15,  231.50
 721.80,  597.56,  356.47
 849.30,  354.10,  101.33
 849.34,  351.51,  226.31
 849.37,  348.92,  351.28
 848.01,  479.07,  103.92
 848.05,  476.48,  228.90
 848.08,  473.88,  353.87
 846.72,  604.04,  106.52
 846.76,  601.44,  231.49
 846.80,  598.85,  356.46
 600.70,  350.76,  226.80
 603.37,  350.98,  351.77
 606.05,  351.20,  476.74
 600.90,  475.75,  226.57
 603.57,  475.98,  351.54
 606.24,  476.20,  476.51
 601.10,  600.75,  226.34
 603.77,  600.98,  351.31
 606.44,  601.20,  476.28
 725.67,  350.55,  224.13
 728.35,  350.78,  349.10
 731.02,  351.00,  474.07
 725.87,  475.55,  223.90
 728.54,  475.78,  348.87
 731.22,  476.00,  473.84
 726.07,  600.55,  223.67
 728.74,  600.78,  348.64
 731.41,  601.00,  473.61
 850.64,  350.35,  221.46
 853.32,  350.57,  346.43
 855.99,  350.80,  471.40
 850.84,  475.35,  221.23
 853.52,  475.57,  346.20
 856.19,  475.80,  471.17
 851.04,  600.35,  221.00
 853.71,  600.57,  345.97
 856.39,  600.80,  470.94
 598.62,  350.34,  350.13
 602.10,  352.20,  475.07
 605.59,  354.05,  600.00
 599.73,  475.33,  348.24
 603.21,  477.18,  473.18
 606.70,  479.03,  598.12
 600.84,  600.31,  346.36
 604.32,  602.16,  471.30
 607.81,  604.01,  596.23
 723.56,  349.18,  346.66
 727.05,  351.04,  471.60
 730.54,  352.89,  596.53
 724.67,  474.16,  344.77
 728.16,  476.02,  469.71
 731.65,  477.87,  594.65
 725.78,  599.14,  342.89
 729.27,  601.00,  467.83
 732.76,  602.85,  592.77
 848.51,  348.02,  343.19
 852.00,  349.87,  468.13
 855.48,  351.73,  593.07
 849.62,  473.00,  341.31
 853.11,  474.85,  466.24
 856.59,  476.71,  591.18
 850.73,  597.98,  339.42
 854.22,  599.84,  464.36
 857.70,  601.69,  589.30
 601.62,  351.32,  474.21
 598.68,  348.06,  599.14
 595.74,  344.80,  724.06
 601.12,  476.27,  477.46
 598.18,  473.02,  602.38
 595.24,  469.76,  727.30
 600.62,  601.23,  480.71
 597.68,  597.97,  605.63
 594.73,  594.72,  730.55
 726.59,  351.74,  477.17
 723.65,  348.49,  602.09
 720.70,  345.23,  727.01
 726.08,  476.70,  480.41
 723.14,  473.44,  605.33
 720.20,  470.19,  730.26
 725.58,  601.66,  483.66
 722.64,  598.40,  608.58
 719.70,  595.14,  733.50
 851.55,  352.17,  480.12
 848.61,  348.91,  605.04
 845.67,  345.65,  729.96
 851.05,  477.13,  483.36
 848.11,  473.87,  608.29
 845.17,  470.61,  733.21
 850.54,  602.08,  486.61
 847.60,  598.83,  611.53
 844.66,  595.57,  736.46
 600.77,  348.61,  600.41
 603.55,  346.28,  725.36
 606.33,  343.94,  850.31
 604.49,  473.53,  602.66
 607.26,  471.20,  727.61
 610.04,  468.87,  852.55
 608.20,  598.46,  604.91
 610.98,  596.12,  729.86
 613.75,  593.79,  854.80
 725.69,  344.94,  597.57
 728.46,  342.61,  722.51
 731.24,  340.28,  847.46
 729.40,  469.87,  599.82
 732.18,  467.54,  724.76
 734.95,  465.21,  849.71
 733.11,  594.79,  602.06
 735.89,  592.46,  727.01
 738.67,  590.13,  851.96
 850.60,  341.28,  594.72
 853.38,  338.95,  719.67
 856.15,  336.62,  844.62
 854.31,  466.21,  596.97
 857.09,  463.87,  721.92
 859.87,  461.54,  846.86
 858.03,  591.13,  599.22
 860.81,  588.80,  724.17
 863.58,  586.47,  849.11
 601.77,  475.76,  100.24
 601.54,  472.38,  225.20
 601.31,  469.00,  350.15
 599.80,  600.70,  103.62
 599.57,  597.32,  228.57
 599.34,  593.94,  353.53
 597.83,  725.64,  107.00
 597.60,  722.26,  231.95
 597.37,  718.88,  356.90
 726.75,  477.72,  100.53
 726.52,  474.34,  225.48
 726.29,  470.96,  350.44
 724.78,  602.66,  103.90
 724.55,  599.28,  228.86
 724.32,  595.90,  353.81
 722.81,  727.60,  107.28
 722.58,  724.22,  232.23
 722.35,  720.84,  357.19
 851.74,  479.68,  100.81
 851.51,  476.30,  225.77
 851.27,  472.92,  350.72
 849.77,  604.62,  104.19
 849.54,  601.24,  229.14
 849.31,  597.86,  354.10
 847.80,  729.56,  107.56
 847.57,  726.18,  232.52
 847.34,  722.80,  357.47
 599.89,  476.74,  223.88
 596.91,  480.19,  348.80
 593.94,  483.63,  473.71
 599.15,  601.69,  220.41
 596.17,  605.14,  345.33
 593.19,  608.58,  470.25
 598.40,  726.64,  216.95
 595.42,  730.09,  341.87
 592.44,  733.53,  466.78
 724.86,  477.57,  226.84
 721.88,  481.02,  351.75
 718.90,  484.46,  476.67
 724.11,  602.52,  223.37
 721.13,  605.97,  348.29
 718.15,  609.41,  473.20
 723.36,  727.47,  219.90
 720.38,  730.92,  344.82
 717.41,  734.36,  469.74
 849.82,  478.40,  229.79
 846.84,  481.84,  354.71
 843.86,  485.29,  479.63
 849.07,  603.35,  226.33
 846.09,  606.79,  351.24
 843.11,  610.24,  476.16
 848.32,  728.30,  222.86
 845.35,  731.74,  347.78
 842.37,  735.19,  472.69
 599.59,  474.96,  350.86
 596.04,  474.13,  475.80
 592.50,  473.31,  600.75
 601.30,  599.94,  351.73
 597.76,  599.12,  476.68
 594.22,  598.29,  601.63
 603.02,  724.93,  352.61
 599.48,  724.10,  477.55
 595.93,  723.28,  602.50
 724.53,  473.22,  354.39
 720.98,  472.39,  479.34
 717.44,  471.57,  604.28
 726.24,  598.20,  355.26
 722.70,  597.38,  480.21
 719.15,  596.55,  605.16
 727.96,  723.19,  356.14
 724.42,  722.36,  481.09
 720.87,  721.54,  606.03
 849.46,  471.48,  357.92
 845.92,  470.65,  482.87
 842.38,  469.83,  607.82
 851.18,  596.46,  358.80
 847.64,  595.64,  483.74
 844.09,  594.81,  608.69
 852.90,  721.45,  359.67
 849.35,  720.62,  484.62
 845.81,  719.80,  609.56
 599.00,  474.05,  474.79
 598.22,  475.37,  599.78
 597.44,  476.69,  724.77
 596.45,  599.01,  473.45
 595.67,  600.33,  598.44
 594.88,  601.65,  723.43
 593.90,  723.98,  472.12
 593.11,  725.30,  597.11
 592.33,  726.62,  722.10
 723.97,  476.61,  475.54
 723.19,  477.93,  600.53
 722.41,  479.25,  725.52
 721.42,  601.57,  474.21
 720.64,  602.89,  599.20
 719.85,  604.21,  724.19
 718.87,  726.54,  472.87
 718.08,  727.86,  597.86
 717.30,  729.18,  722.85
 848.94,  479.17,  476.30
 848.16,  480.49,  601.29
 847.38,  481.81,  726.28
 846.39,  604.13,  474.96
 845.61,  605.45,  599.95
 844.83,  606.77,  724.94
 843.84,  729.10,  473.63
 843.06,  730.42,  598.62
 842.27,  731.74,  723.61
 598.85,  476.22,  601.56
 601.75,  478.03,  726.51
 604.65,  479.85,  851.46
 598.56,  601.20,  599.75
 601.46,  603.02,  724.70
 604.36,  604.83,  849.66
 598.26,  726.19,  597.94
 601.16,  728.01,  722.90
 604.06,  729.82,  847.85
 723.82,  476.47,  598.65
 726.72,  478.29,  723.61
 729.62,  480.10,  848.56
 723.52,  601.46,  596.85
 726.42,  603.27,  721.80
 729.32,  605.09,  846.75
 723.22,  726.45,  595.04
 726.12,  728.26,  719.99
 729.03,  730.07,  844.94
 848.79,  476.73,  595.75
 851.69,  478.54,  720.70
 854.59,  480.36,  845.66
 848.49,  601.72,  593.94
 851.39,  603.53,  718.89
 854.29,  605.34,  843.85
 848.19,  726.70,  592.13
 851.09,  728.52,  717.09
 853.99,  730.33,  842.04
 601.72,  601.72,   98.65
 602.64,  604.90,  223.61
 603.55,  608.07,  348.56
 602.01,  726.68,   95.47
 602.92,  729.85,  220.43
 603.84,  733.03,  345.38
 602.29,  851.64,   92.29
 603.21,  854.81,  217.25
 604.13,  857.99,  342.20
 726.72,  601.41,   97.74
 727.63,  604.59,  222.70
 728.55,  607.77,  347.66
 727.01,  726.37,   94.56
 727.92,  729.55,  219.52
 728.84,  732.72,  344.48
 727.29,  851.33,   91.38
 728.21,  854.51,  216.34
 729.12,  857.68,  341.29
 851.72,  601.10,   96.84
 852.63,  604.28,  221.79
 853.55,  607.46,  346.75
 852.00,  726.06,   93.66
 852.92,  729.24,  218.61
 853.83,  732.42,  343.57
 852.29,  851.02,   90.47
 853.20,  854.20,  215.43
 854.12,  857.37,  340.39
 601.94,  601.85,  223.65
 605.67,  604.95,  348.55
 609.40,  608.06,  473.46
 602.35,  726.81,  220.53
 606.08,  729.91,  345.43
 609.81,  733.02,  470.34
 602.76,  851.77,  217.41
 606.49,  854.87,  342.31
 610.22,  857.98,  467.22
 726.88,  601.34,  219.93
 730.61,  604.45,  344.83
 734.35,  607.56,  469.74
 727.29,  726.31,  216.80
 731.02,  729.41,  341.71
 734.76,  732.52,  466.62
 727.70,  851.27,  213.68
 731.43,  854.37,  338.59
 735.17,  857.48,  463.50
 851.83,  600.84,  216.20
 855.56,  603.95,  341.11
 859.29,  607.06,  466.02
 852.23,  725.80,  213.08
 855.97,  728.91,  337.99
 859.70,  732.02,  462.89
 852.64,  850.76,  209.96
 856.38,  853.87,  334.87
 860.11,  856.98,  459.77
 599.64,  600.71,  350.33
 596.90,  597.00,  475.24
 594.16,  593.30,  600.16
 596.34,  725.61,  353.96
 593.60,  721.91,  478.88
 590.86,  718.20,  603.79
 593.04,  850.52,  357.59
 590.30,  846.81,  482.51
 587.56,  843.10,  607.42
 724.56,  603.93,  353.16
 721.83,  600.22,  478.07
 719.09,  596.51,  602.99
 721.26,  728.83,  356.79
 718.53,  725.12,  481.71
 715.79,  721.42,  606.62
 717.96,  853.73,  360.43
 715.23,  850.03,  485.34
 712.49,  846.32,  610.26
 849.49,  607.14,  355.99
 846.75,  603.44,  480.91
 844.01,  599.73,  605.82
 846.19,  732.05,  359.63
 843.45,  728.34,  484.54
 840.71,  724.63,  609.46
 842.89,  856.95,  363.26
 840.15,  853.24,  488.18
 837.42,  849.54,  613.09
 599.57,  599.07,  476.55
 601.75,  596.71,  601.51
 603.92,  594.35,  726.47
 602.51,  724.02,  478.86
 604.69,  721.65,  603.82
 606.86,  719.29,  728.78
 605.46,  848.96,  481.17
 607.63,  846.60,  606.13
 609.80,  844.24,  731.09
 724.52,  596.17,  474.32
 726.69,  593.81,  599.28
 728.87,  591.45,  724.24
 727.46,  721.12,  476.63
 729.63,  718.75,  601.59
 731.81,  716.39,  726.55
 730.40,  846.06,  478.94
 732.58,  843.70,  603.90
 734.75,  841.34,  728.86
 849.47,  593.27,  472.09
 851.64,  590.91,  597.05
 853.81,  588.55,  722.01
 852.41,  718.22,  474.40
 854.58,  715.85,  599.36
 856.76,  713.49,  724.32
 855.35,  843.16,  476.71
 857.52,  840.80,  601.67
 859.70,  838.44,  726.63
 600.74,  599.28,  600.44
 597.08,  600.88,  725.37
 593.43,  602.49,  850.31
 599.88,  724.26,  598.81
 596.22,  725.87,  723.74
 592.57,  727.47,  848.68
 599.02,  849.25,  597.17
 595.36,  850.85,  722.11
 591.71,  852.46,  847.05
 725.68,  600.18,  604.08
 722.03,  601.79,  729.01
 718.38,  603.40,  853.95
 724.82,  725.17,  602.45
 721.17,  726.78,  727.38
 717.52,  728.38,  852.32
 723.96,  850.16,  600.81
 720.31,  851.76,  725.75
 716.65,  853.37,  850.69
 850.62,  601.09,  607.72
 846.97,  602.70,  732.66
 843.32,  604.30,  857.59
 849.76,  726.08,  606.09
 846.11,  727.68,  731.02
 842.46,  729.29,  855.96
 848.90,  851.06,  604.45
 845.25,  852.67,  729.39
 841.60,  854.28,  854.33