27, 125, pa2-debug-b-output1.txt
 202.48,  206.15,  199.74
 401.45,  402.11,  206.90
  99.71,  100.76,  101.45
 100.12,  102.97,  226.43
 100.53,  105.18,  351.41
  99.15,  225.74,   99.24
  99.55,  227.95,  224.22
  99.96,  230.16,  349.20
  98.58,  350.72,   97.03
  98.99,  352.93,  222.01
  99.39,  355.14,  346.99
 224.71,  101.32,  101.03
 225.12,  103.53,  226.01
 225.52,  105.74,  350.99
 224.15,  226.30,   98.83
 224.55,  228.51,  223.81
 224.96,  230.72,  348.78
 223.58,  351.28,   96.62
 223.98,  353.49,  221.60
 224.39,  355.70,  346.58
 349.71,  101.88,  100.62
 350.12,  104.09,  225.60
 350.52,  106.30,  350.58
 349.14,  226.86,   98.41
 349.55,  229.07,  223.39
 349.95,  231.28,  348.37
 348.58,  351.84,   96.20
 348.98,  354.05,  221.18
 349.39,  356.26,  346.16
 100.83,  101.06,  226.40
 103.19,   99.14,  351.37
 105.55,   97.22,  476.33
  99.86,  226.04,  228.34
 102.22,  224.12,  353.31
 104.58,  222.20,  478.27
  98.89,  351.02,  230.28
 101.25,  349.10,  355.25
 103.61,  347.18,  480.21
 225.81,  102.06,  224.06
 228.16,  100.14,  349.02
 230.52,   98.22,  473.99
 224.84,  227.05,  226.00
 227.19,  225.12,  350.96
 229.55,  223.20,  475.93
 223.87,  352.03,  227.94
 226.23,  350.11,  352.90
 228.58,  348.19,  477.86
 350.78,  103.07,  221.72
 353.14,  101.15,  346.68
 355.50,   99.23,  471.64
 349.81,  228.05,  223.66
 352.17,  226.13,  348.62
 354.53,  224.21,  473.58
 348.84,  353.03,  225.60
 351.20,  351.11,  350.56
 353.56,  349.19,  475.52
 101.72,   98.20,  351.52
  98.78,   96.13,  476.47
  95.84,   94.06,  601.42
 103.26,  223.18,  353.63
 100.32,  221.10,  478.58
  97.39,  219.03,  603.53
 104.80,  348.15,  355.74
 101.87,  346.08,  480.69
  98.93,  344.00,  605.64
 226.68,   96.61,  354.43
 223.74,   94.54,  479.38
 220.80,   92.47,  604.33
 228.22,  221.59,  356.54
 225.28,  219.51,  481.49
 222.34,  217.44,  606.44
 229.76,  346.56,  358.65
 226.82,  344.49,  483.60
 223.88,  342.41,  608.55
 351.63,   95.02,  357.35
 348.69,   92.95,  482.29
 345.76,   90.88,  607.24
 353.17,  219.99,  359.46
 350.24,  217.92,  484.40
 347.30,  215.85,  609.35
 354.72,  344.97,  361.57
 351.78,  342.89,  486.51
 348.84,  340.82,  611.46
  99.56,  101.34,  476.22
 101.08,  104.02,  601.18
 102.61,  106.70,  726.15
  97.60,  226.30,  473.57
  99.12,  228.98,  598.53
 100.65,  231.66,  723.49
  95.64,  351.25,  470.91
  97.16,  353.93,  595.87
  98.69,  356.62,  720.83
 224.54,  103.27,  474.66
 226.06,  105.95,  599.62
 227.58,  108.63,  724.58
 222.58,  228.22,  472.00
 224.10,  230.91,  596.96
 225.62,  233.59,  721.92
 220.61,  353.18,  469.34
 222.14,  355.86,  594.31
 223.66,  358.54,  719.27
 349.51,  105.20,  473.09
 351.04,  107.88,  598.05
 352.56,  110.56,  723.02
 347.55,  230.15,  470.44
 349.07,  232.83,  595.40
 350.60,  235.52,  720.36
 345.59,  355.11,  467.78
 347.11,  357.79,  592.74
 348.64,  360.47,  717.70
 100.28,  102.00,  600.50
  99.81,  102.54,  725.50
  99.33,  103.09,  850.50
  97.23,  226.96,  599.94
  96.76,  227.51,  724.94
  96.29,  228.05,  849.94
  94.19,  351.92,  599.39
  93.71,  352.47,  724.38
  93.24,  353.01,  849.38
 225.24,  105.05,  600.96
 224.77,  105.59,  725.96
 224.29,  106.14,  850.96
 222.19,  230.01,  600.40
 221.72,  230.55,  725.40
 221.25,  231.10,  850.40
 219.15,  354.97,  599.85
 218.67,  355.52,  724.84
 218.20,  356.06,  849.84
 350.20,  108.09,  601.42
 349.73,  108.64,  726.42
 349.26,  109.19,  851.42
 347.16,  233.06,  600.86
 346.68,  233.60,  725.86
 346.21,  234.15,  850.86
 344.11,  358.02,  600.31
 343.64,  358.56,  725.31
 343.16,  359.11,  850.30
  99.73,  223.67,  101.22
  99.44,  219.96,  226.17
  99.16,  216.25,  351.11
  96.09,  348.56,  104.92
  95.80,  344.85,  229.86
  95.52,  341.14,  354.81
  92.44,  473.45,  108.62
  92.16,  469.74,  233.56
  91.88,  466.03,  358.51
 224.67,  227.30,  101.61
 224.39,  223.59,  226.56
 224.11,  219.88,  351.50
 221.03,  352.19,  105.31
 220.75,  348.48,  230.26
 220.47,  344.77,  355.20
 217.39,  477.08,  109.01
 217.11,  473.37,  233.96
 216.82,  469.67,  358.90
 349.62,  230.93,  102.00
 349.34,  227.22,  226.95
 349.05,  223.51,  351.89
 345.98,  355.82,  105.70
 345.70,  352.11,  230.65
 345.41,  348.41,  355.59
 342.34,  480.72,  109.40
 342.05,  477.01,  234.35
 341.77,  473.30,  359.29
 101.93,  224.89,  224.96
 103.93,  225.60,  349.94
 105.92,  226.32,  474.92
 103.20,  349.88,  224.22
 105.19,  350.60,  349.20
 107.19,  351.31,  474.19
 104.47,  474.87,  223.48
 106.46,  475.59,  348.47
 108.46,  476.30,  473.45
 226.91,  223.61,  222.97
 228.91,  224.32,  347.95
 230.90,  225.04,  472.94
 228.18,  348.60,  222.24
 230.17,  349.32,  347.22
 232.17,  350.03,  472.20
 229.45,  473.59,  221.50
 231.44,  474.31,  346.48
 233.43,  475.02,  471.46
 351.89,  222.33,  220.99
 353.88,  223.05,  345.97
 355.88,  223.76,  470.95
 353.16,  347.32,  220.25
 355.15,  348.04,  345.23
 357.14,  348.75,  470.21
 354.42,  472.31,  219.51
 356.42,  473.03,  344.49
 358.41,  473.75,  469.48
  98.16,  223.76,  349.75
  98.81,  224.29,  474.75
  99.46,  224.81,  599.75
  98.56,  348.76,  349.23
  99.21,  349.29,  474.22
  99.85,  349.81,  599.22
  98.96,  473.76,  348.70
  99.60,  474.28,  473.70
 100.25,  474.81,  598.69
 223.16,  223.36,  349.11
 223.81,  223.89,  474.10
 224.46,  224.41,  599.10
 223.56,  348.36,  348.58
 224.20,  348.89,  473.58
 224.85,  349.41,  598.57
 223.95,  473.36,  348.05
 224.60,  473.89,  473.05
 225.25,  474.41,  598.05
 348.16,  222.97,  348.46
 348.81,  223.49,  473.46
 349.45,  224.02,  598.46
 348.56,  347.96,  347.93
 349.20,  348.49,  472.93
 349.85,  349.01,  597.93
 348.95,  472.96,  347.41
 349.60,  473.49,  472.40
 350.25,  474.01,  597.40
  99.64,  226.41,  474.26
  99.66,  225.80,  599.26
  99.68,  225.19,  724.26
  99.74,  351.41,  474.87
  99.76,  350.80,  599.87
  99.79,  350.18,  724.87
  99.84,  476.41,  475.48
  99.87,  475.80,  600.48
  99.89,  475.18,  725.48
 224.64,  226.31,  474.24
 224.66,  225.70,  599.24
 224.68,  225.08,  724.23
 224.74,  351.31,  474.85
 224.76,  350.69,  599.85
 224.79,  350.08,  724.85
 224.84,  476.30,  475.46
 224.87,  475.69,  600.46
 224.89,  475.08,  725.46
 349.64,  226.20,  474.21
 349.66,  225.59,  599.21
 349.68,  224.98,  724.21
 349.74,  351.20,  474.82
 349.76,  350.59,  599.82
 349.79,  349.98,  724.82
 349.84,  476.20,  475.44
 349.87,  475.59,  600.44
 349.89,  474.98,  725.43
 100.78,  225.68,  600.19
 101.49,  223.99,  725.18
 102.19,  222.29,  850.16
 103.68,  350.64,  601.87
 104.39,  348.94,  726.86
 105.09,  347.24,  851.84
 106.58,  475.59,  603.55
 107.28,  473.90,  728.54
 107.99,  472.20,  853.52
 225.75,  222.79,  599.45
 226.45,  221.10,  724.43
 227.16,  219.40,  849.42
 228.65,  347.75,  601.13
 229.35,  346.05,  726.11
 230.05,  344.36,  851.10
 231.54,  472.70,  602.81
 232.25,  471.01,  727.79
 232.95,  469.31,  852.78
 350.71,  219.91,  598.70
 351.42,  218.21,  723.69
 352.12,  216.51,  848.68
 353.61,  344.86,  600.38
 354.31,  343.16,  725.37
 355.02,  341.47,  850.36
 356.51,  469.82,  602.06
 357.21,  468.12,  727.05
 357.92,  466.42,  852.04
  98.85,  350.26,   98.41
  95.26,  349.08,  223.35
  91.68,  347.90,  348.30
  98.21,  475.25,   99.57
  94.62,  474.07,  224.51
  91.04,  472.90,  349.46
  97.57,  600.24,  100.73
  93.98,  599.07,  225.67
  90.40,  597.89,  350.61
 223.79,  350.86,  102.00
 220.21,  349.69,  226.94
 216.63,  348.51,  351.89
 223.15,  475.85,  103.16
 219.57,  474.68,  228.10
 215.99,  473.50,  353.05
 222.51,  600.85,  104.32
 218.93,  599.67,  229.26
 215.35,  598.50,  354.20
 348.74,  351.47,  105.59
 345.16,  350.29,  230.54
 341.57,  349.12,  355.48
 348.10,  476.46,  106.75
 344.52,  475.29,  231.69
 340.93,  474.11,  356.64
 347.46,  601.45,  107.91
 343.88,  600.28,  232.85
 340.29,  599.10,  357.79
 101.48,  348.04,  224.12
 103.98,  348.76,  349.09
 106.48,  349.49,  474.07
  99.67,  473.02,  223.43
 102.17,  473.75,  348.40
 104.67,  474.48,  473.38
  97.86,  598.01,  222.74
 100.36,  598.73,  347.71
 102.86,  599.46,  472.69
 226.44,  349.83,  221.61
 228.94,  350.56,  346.58
 231.45,  351.29,  471.55
 224.63,  474.82,  220.92
 227.13,  475.54,  345.89
 229.64,  476.27,  470.86
 222.82,  599.80,  220.23
 225.32,  600.53,  345.20
 227.83,  601.26,  470.17
 351.40,  351.63,  219.10
 353.90,  352.36,  344.07
 356.41,  353.08,  469.04
 349.59,  476.61,  218.41
 352.09,  477.34,  343.38
 354.60,  478.07,  468.35
 347.78,  601.60,  217.72
 350.28,  602.33,  342.69
 352.79,  603.05,  467.66
 100.17,  351.74,  351.34
  98.97,  348.00,  476.28
  97.78,  344.26,  601.21
  99.48,  476.68,  355.07
  98.28,  472.94,  480.01
  97.09,  469.20,  604.95
  98.79,  601.62,  358.80
  97.59,  597.88,  483.74
  96.40,  594.15,  608.68
 225.16,  352.39,  352.55
 223.97,  348.65,  477.49
 222.77,  344.91,  602.43
 224.47,  477.34,  356.29
 223.28,  473.60,  481.22
 222.08,  469.86,  606.16
 223.78,  602.28,  360.02
 222.59,  598.54,  484.96
 221.39,  594.80,  609.90
 350.16,  353.05,  353.77
 348.96,  349.31,  478.71
 347.76,  345.57,  603.65
 349.47,  477.99,  357.50
 348.27,  474.25,  482.44
 347.07,  470.51,  607.38
 348.77,  602.93,  361.24
 347.58,  599.19,  486.17
 346.38,  595.45,  611.11
  98.24,  350.96,  473.40
  97.38,  351.70,  598.39
  96.52,  352.45,  723.39
  99.30,  475.96,  472.66
  98.44,  476.70,  597.66
  97.58,  477.44,  722.65
 100.36,  600.95,  471.93
  99.50,  601.69,  596.92
  98.64,  602.43,  721.92
 223.23,  349.91,  474.26
 222.38,  350.65,  599.26
 221.52,  351.39,  724.25
 224.29,  474.90,  473.53
 223.43,  475.65,  598.53
 222.57,  476.39,  723.52
 225.35,  599.90,  472.80
 224.49,  600.64,  597.79
 223.63,  601.38,  722.79
 348.23,  348.86,  475.13
 347.37,  349.60,  600.13
 346.51,  350.34,  725.12
 349.28,  473.85,  474.40
 348.43,  474.59,  599.39
 347.57,  475.34,  724.39
 350.34,  598.85,  473.66
 349.48,  599.59,  598.66
 348.62,  600.33,  723.65
 101.25,  351.96,  601.51
 102.60,  355.34,  726.46
 103.96,  358.71,  851.40
  98.34,  476.88,  598.17
  99.70,  480.26,  723.12
 101.05,  483.63,  848.06
  95.44,  601.81,  594.83
  96.79,  605.18,  719.78
  98.15,  608.55,  844.72
 226.21,  354.83,  600.08
 227.56,  358.20,  725.02
 228.92,  361.58,  849.97
 223.30,  479.75,  596.74
 224.66,  483.12,  721.68
 226.01,  486.50,  846.63
 220.40,  604.67,  593.40
 221.75,  608.05,  718.34
 223.11,  611.42,  843.29
 351.17,  357.70,  598.64
 352.52,  361.07,  723.59
 353.88,  364.44,  848.54
 348.26,  482.62,  595.30
 349.62,  485.99,  720.25
 350.97,  489.37,  845.20
 345.35,  607.54,  591.96
 346.71,  610.91,  716.91
 348.07,  614.29,  841.86
 101.72,  473.23,   98.49
 104.12,  473.40,  223.46
 106.51,  473.56,  348.44
 103.63,  598.22,   98.29
 106.02,  598.38,  223.26
 108.41,  598.55,  348.24
 105.53,  723.20,   98.08
 107.92,  723.37,  223.06
 110.31,  723.53,  348.04
 226.69,  471.32,   96.10
 229.08,  471.49,  221.07
 231.47,  471.66,  346.05
 228.59,  596.31,   95.90
 230.98,  596.48,  220.87
 233.37,  596.64,  345.85
 230.49,  721.29,   95.69
 232.88,  721.46,  220.67
 235.28,  721.63,  345.65
 351.65,  469.42,   93.71
 354.04,  469.58,  218.68
 356.43,  469.75,  343.66
 353.55,  594.40,   93.51
 355.94,  594.57,  218.48
 358.34,  594.73,  343.46
 355.45,  719.39,   93.30
 357.85,  719.55,  218.28
 360.24,  719.72,  343.26
  99.67,  476.35,  224.23
  99.63,  474.15,  349.21
  99.59,  471.95,  474.19
  96.98,  601.31,  226.43
  96.93,  599.10,  351.41
  96.89,  596.90,  476.39
  94.28,  726.26,  228.63
  94.24,  724.06,  353.61
  94.20,  721.86,  478.59
 224.64,  479.05,  224.32
 224.60,  476.85,  349.30
 224.56,  474.65,  474.28
 221.95,  604.00,  226.52
 221.90,  601.80,  351.50
 221.86,  599.60,  476.48
 219.25,  728.95,  228.72
 219.21,  726.75,  353.70
 219.17,  724.55,  478.68
 349.61,  481.74,  224.41
 349.57,  479.54,  349.39
 349.53,  477.34,  474.37
 346.92,  606.69,  226.61
 346.88,  604.49,  351.59
 346.83,  602.29,  476.57
 344.22,  731.64,  228.81
 344.18,  729.44,  353.79
 344.14,  727.24,  478.77
 101.88,  474.61,  351.16
  98.95,  475.96,  476.12
  96.02,  477.31,  601.08
  98.74,  599.56,  349.74
  95.81,  600.91,  474.69
  92.89,  602.26,  599.65
  95.61,  724.51,  348.31
  92.68,  725.87,  473.27
  89.75,  727.22,  598.23
 226.80,  477.77,  354.05
 223.88,  479.13,  479.01
 220.95,  480.48,  603.97
 223.67,  602.73,  352.63
 220.74,  604.08,  477.59
 217.81,  605.43,  602.55
 220.54,  727.68,  351.20
 217.61,  729.03,  476.16
 214.68,  730.38,  601.12
 351.73,  480.94,  356.95
 348.80,  482.29,  481.91
 345.87,  483.64,  606.86
 348.60,  605.89,  355.52
 345.67,  607.24,  480.48
 342.74,  608.60,  605.44
 345.46,  730.85,  354.10
 342.53,  732.20,  479.06
 339.61,  733.55,  604.01
  98.35,  474.70,  473.82
 100.38,  473.05,  598.80
 102.40,  471.39,  723.77
  99.85,  599.68,  475.46
 101.87,  598.03,  600.43
 103.89,  596.37,  725.40
 101.34,  724.66,  477.09
 103.36,  723.01,  602.06
 105.38,  721.35,  727.03
 223.33,  473.24,  471.78
 225.35,  471.58,  596.76
 227.37,  469.92,  721.73
 224.82,  598.22,  473.41
 226.84,  596.56,  598.39
 228.86,  594.90,  723.36
 226.31,  723.20,  475.05
 228.33,  721.54,  600.02
 230.36,  719.89,  724.99
 348.30,  471.77,  469.74
 350.33,  470.12,  594.71
 352.35,  468.46,  719.69
 349.80,  596.75,  471.37
 351.82,  595.10,  596.35
 353.84,  593.44,  721.32
 351.29,  721.73,  473.01
 353.31,  720.08,  597.98
 355.33,  718.42,  722.95
 100.01,  474.38,  599.08
 100.45,  475.51,  724.07
 100.89,  476.64,  849.07
 100.63,  599.37,  597.94
 101.07,  600.51,  722.94
 101.51,  601.64,  847.93
 101.25,  724.37,  596.81
 101.69,  725.50,  721.80
 102.13,  726.63,  846.80
 225.01,  473.76,  598.65
 225.45,  474.89,  723.64
 225.89,  476.02,  848.63
 225.63,  598.75,  597.51
 226.07,  599.88,  722.51
 226.51,  601.01,  847.50
 226.25,  723.74,  596.38
 226.69,  724.87,  721.37
 227.13,  726.01,  846.36
 350.01,  473.13,  598.21
 350.45,  474.26,  723.21
 350.89,  475.40,  848.20
 350.63,  598.12,  597.08
 351.07,  599.26,  722.07
 351.51,  600.39,  847.07
 351.25,  723.12,  595.94
 351.69,  724.25,  720.94
 352.13,  725.38,  845.93
  99.11,  598.49,   98.37
  96.37,  595.78,  223.31
  93.64,  593.07,  348.25
 101.30,  723.44,  101.13
  98.57,  720.73,  226.07
  95.84,  718.02,  351.01
 103.50,  848.39,  103.89
 100.77,  845.68,  228.83
  98.03,  842.97,  353.77
 224.06,  596.24,  101.06
 221.33,  593.52,  226.00
 218.59,  590.81,  350.94
 226.25,  721.19,  103.82
 223.52,  718.48,  228.76
 220.79,  715.76,  353.70
 228.45,  846.14,  106.58
 225.72,  843.43,  231.52
 222.98,  840.71,  356.46
 349.01,  593.98,  103.74
 346.28,  591.27,  228.68
 343.54,  588.56,  353.62
 351.21,  718.93,  106.50
 348.47,  716.22,  231.44
 345.74,  713.51,  356.38
 353.40,  843.88,  109.26
 350.67,  841.17,  234.20
 347.93,  838.46,  359.14
 100.66,  600.38,  224.85
 101.35,  599.19,  349.84
 102.04,  598.00,  474.83
  97.57,  725.33,  226.05
  98.26,  724.14,  351.04
  98.95,  722.96,  476.04
  94.48,  850.29,  227.26
  95.17,  849.10,  352.25
  95.86,  847.91,  477.24
 225.62,  603.47,  224.18
 226.31,  602.28,  349.18
 227.00,  601.09,  474.17
 222.53,  728.43,  225.39
 223.22,  727.24,  350.38
 223.91,  726.05,  475.37
 219.44,  853.39,  226.60
 220.13,  852.20,  351.59
 220.82,  851.01,  476.58
 350.58,  606.57,  223.52
 351.27,  605.38,  348.52
 351.96,  604.19,  473.51
 347.49,  731.52,  224.73
 348.18,  730.34,  349.72
 348.87,  729.15,  474.71
 344.40,  856.48,  225.93
 345.09,  855.29,  350.93
 345.78,  854.10,  475.92
  98.95,  598.20,  351.07
  97.76,  601.20,  476.03
  96.57,  604.19,  600.99
 101.60,  723.14,  348.11
 100.41,  726.13,  473.06
  99.22,  729.12,  598.02
 104.26,  848.08,  345.14
 103.06,  851.07,  470.10
 101.87,  854.06,  595.06
 223.92,  595.58,  352.33
 222.72,  598.57,  477.29
 221.53,  601.56,  602.24
 226.57,  720.52,  349.36
 225.38,  723.51,  474.32
 224.19,  726.50,  599.28
 229.22,  845.45,  346.40
 228.03,  848.45,  471.35
 226.84,  851.44,  596.31
 348.88,  592.96,  353.58
 347.69,  595.95,  478.54
 346.50,  598.94,  603.50
 351.54,  717.89,  350.62
 350.34,  720.89,  475.58
 349.15,  723.88,  600.53
 354.19,  842.83,  347.65
 353.00,  845.82,  472.61
 351.80,  848.81,  597.57
  98.78,  599.56,  475.62
  97.70,  596.49,  600.58
  96.62,  593.43,  725.54
 101.56,  724.49,  478.71
 100.48,  721.43,  603.67
  99.39,  718.36,  728.63
 104.33,  849.42,  481.80
 103.25,  846.36,  606.76
 102.17,  843.29,  731.72
 223.75,  596.76,  476.64
 222.67,  593.69,  601.59
 221.58,  590.63,  726.55
 226.52,  721.69,  479.72
 225.44,  718.62,  604.68
 224.36,  715.56,  729.64
 229.30,  846.62,  482.81
 228.21,  843.56,  607.77
 227.13,  840.49,  732.73
 348.71,  593.96,  477.65
 347.63,  590.89,  602.61
 346.55,  587.83,  727.56
 351.49,  718.89,  480.74
 350.40,  715.82,  605.69
 349.32,  712.76,  730.65
 354.26,  843.82,  483.83
 353.18,  840.76,  608.78
 352.10,  837.69,  733.74
 101.97,  601.40,  601.28
 104.31,  603.98,  726.23
 106.66,  606.56,  851.18
  98.36,  726.33,  598.77
 100.70,  728.91,  723.72
 103.05,  731.49,  848.67
  94.74,  851.25,  596.26
  97.09,  853.83,  721.21
  99.43,  856.41,  846.16
 226.90,  604.97,  598.86
 229.24,  607.55,  723.81
 231.58,  610.13,  848.76
 223.28,  729.89,  596.35
 225.63,  732.47,  721.30
 227.97,  735.05,  846.25
 219.67,  854.81,  593.84
 222.01,  857.39,  718.79
 224.36,  859.97,  843.74
 351.82,  608.53,  596.44
 354.17,  611.11,  721.40
 356.51,  613.69,  846.35
 348.21,  733.45,  593.93
 350.55,  736.03,  718.88
 352.90,  738.61,  843.84
 344.60,  858.38,  591.42
 346.94,  860.96,  716.37
 349.28,  863.54,  841.32
 225.26,  101.78,  100.88
 228.21,  103.32,  225.83
 231.15,  104.85,  350.79
 224.61,  226.77,   99.36
 227.56,  228.31,  224.31
 230.50,  229.84,  349.27
 223.96,  351.76,   97.83
 226.91,  353.29,  222.79
 229.85,  354.83,  347.75
 350.22,  102.39,   97.92
 353.17,  103.93,  222.88
 356.12,  105.47,  347.83
 349.57,  227.38,   96.40
 352.52,  228.92,  221.36
 355.47,  230.46,  346.31
 348.92,  352.37,   94.88
 351.87,  353.91,  219.84
 354.82,  355.45,  344.79
 475.19,  103.01,   94.97
 478.13,  104.55,  219.92
 481.08,  106.08,  344.88
 474.54,  228.00,   93.45
 477.48,  229.53,  218.40
 480.43,  231.07,  343.36
 473.89,  352.99,   91.93
 476.83,  354.52,  216.88
 479.78,  356.06,  341.84
 226.35,   99.52,  225.98
 224.84,  101.92,  350.95
 223.33,  104.33,  475.92
 225.85,  224.49,  223.57
 224.35,  226.90,  348.54
 222.84,  229.30,  473.51
 225.36,  349.47,  221.16
 223.85,  351.87,  346.12
 222.34,  354.28,  471.09
 351.34,  100.04,  227.48
 349.83,  102.45,  352.45
 348.32,  104.85,  477.42
 350.84,  225.01,  225.07
 349.34,  227.42,  350.04
 347.83,  229.83,  475.01
 350.35,  349.99,  222.66
 348.84,  352.40,  347.63
 347.33,  354.80,  472.59
 476.33,  100.56,  228.98
 474.82,  102.97,  353.95
 473.31,  105.37,  478.92
 475.83,  225.54,  226.57
 474.32,  227.94,  351.54
 472.82,  230.35,  476.51
 475.34,  350.51,  224.16
 473.83,  352.92,  349.13
 472.32,  355.33,  474.09
 226.47,  100.81,  350.60
 224.01,  104.28,  475.53
 221.55,  107.75,  600.46
 228.53,  225.74,  347.17
 226.07,  229.21,  472.10
 223.62,  232.68,  597.03
 230.59,  350.68,  343.74
 228.14,  354.15,  468.67
 225.68,  357.62,  593.60
 351.43,   98.81,  353.12
 348.97,  102.28,  478.04
 346.51,  105.75,  602.97
 353.49,  223.75,  349.69
 351.03,  227.22,  474.61
 348.57,  230.69,  599.54
 355.55,  348.68,  346.26
 353.09,  352.15,  471.18
 350.64,  355.63,  596.11
 476.38,   96.82,  355.63
 473.93,  100.29,  480.56
 471.47,  103.76,  605.49
 478.45,  221.75,  352.20
 475.99,  225.22,  477.13
 473.53,  228.70,  602.05
 480.51,  346.69,  348.77
 478.05,  350.16,  473.70
 475.60,  353.63,  598.62
 224.61,   99.07,  474.81
 222.97,   99.91,  599.80
 221.32,  100.74,  724.78
 221.54,  224.03,  473.93
 219.90,  224.87,  598.92
 218.26,  225.70,  723.91
 218.48,  348.99,  473.06
 216.84,  349.83,  598.04
 215.20,  350.66,  723.03
 349.56,  102.15,  476.43
 347.92,  102.98,  601.42
 346.28,  103.82,  726.40
 346.49,  227.11,  475.55
 344.85,  227.94,  600.54
 343.21,  228.78,  725.53
 343.43,  352.07,  474.68
 341.79,  352.90,  599.66
 340.15,  353.74,  724.65
 474.51,  105.22,  478.05
 472.87,  106.06,  603.04
 471.23,  106.89,  728.02
 471.45,  230.18,  477.17
 469.81,  231.02,  602.16
 468.16,  231.85,  727.15
 468.38,  355.14,  476.30
 466.74,  355.97,  601.28
 465.10,  356.81,  726.27
 223.47,   98.64,  600.94
 226.63,   99.73,  725.90
 229.79,  100.82,  850.85
 220.56,  223.60,  599.92
 223.72,  224.69,  724.88
 226.88,  225.79,  849.83
 217.65,  348.56,  598.90
 220.81,  349.65,  723.86
 223.97,  350.75,  848.81
 348.40,  101.52,  597.76
 351.55,  102.61,  722.71
 354.71,  103.71,  847.67
 345.49,  226.48,  596.74
 348.65,  227.57,  721.69
 351.80,  228.67,  846.65
 342.58,  351.44,  595.72
 345.74,  352.54,  720.68
 348.89,  353.63,  845.63
 473.32,  104.40,  594.58
 476.48,  105.50,  719.53
 479.64,  106.59,  844.49
 470.41,  229.36,  593.56
 473.57,  230.46,  718.51
 476.73,  231.55,  843.47
 467.50,  354.33,  592.54
 470.66,  355.42,  717.49
 473.82,  356.51,  842.45
 224.05,  225.77,  100.05
 225.98,  226.99,  225.03
 227.90,  228.21,  350.01
 225.79,  350.75,   98.80
 227.72,  351.97,  223.78
 229.65,  353.19,  348.76
 227.54,  475.73,   97.55
 229.46,  476.95,  222.53
 231.39,  478.18,  347.51
 349.02,  224.01,   98.14
 350.95,  225.23,  223.12
 352.88,  226.45,  348.10
 350.77,  348.99,   96.89
 352.69,  350.21,  221.87
 354.62,  351.43,  346.85
 352.51,  473.97,   95.64
 354.44,  475.19,  220.62
 356.36,  476.41,  345.60
 474.00,  222.24,   96.23
 475.92,  223.47,  221.21
 477.85,  224.69,  346.19
 475.74,  347.23,   94.98
 477.67,  348.45,  219.96
 479.59,  349.67,  344.94
 477.48,  472.21,   93.73
 479.41,  473.43,  218.71
 481.33,  474.65,  343.69
 223.45,  225.80,  226.54
 224.61,  228.88,  351.50
 225.77,  231.97,  476.45
 226.44,  350.72,  223.43
 227.60,  353.81,  348.38
 228.76,  356.89,  473.34
 229.43,  475.65,  220.31
 230.59,  478.73,  345.27
 231.75,  481.82,  470.23
 348.41,  222.78,  225.46
 349.57,  225.86,  350.41
 350.73,  228.95,  475.37
 351.40,  347.70,  222.34
 352.56,  350.79,  347.30
 353.72,  353.88,  472.26
 354.39,  472.63,  219.23
 355.55,  475.72,  344.19
 356.71,  478.80,  469.14
 473.37,  219.76,  224.37
 474.53,  222.85,  349.33
 475.69,  225.93,  474.29
 476.36,  344.69,  221.26
 477.52,  347.77,  346.22
 478.68,  350.86,  471.17
 479.35,  469.61,  218.15
 480.51,  472.70,  343.10
 481.67,  475.78,  468.06
 224.59,  223.18,  351.06
 221.88,  219.79,  475.98
 219.17,  216.39,  600.91
 225.54,  348.13,  354.48
 222.83,  344.74,  479.40
 220.13,  341.34,  604.32
 226.49,  473.08,  357.89
 223.78,  469.69,  482.82
 221.08,  466.29,  607.74
 349.56,  222.15,  353.74
 346.85,  218.76,  478.66
 344.14,  215.37,  603.59
 350.51,  347.10,  357.16
 347.80,  343.71,  482.08
 345.09,  340.32,  607.00
 351.46,  472.05,  360.57
 348.75,  468.66,  485.50
 346.04,  465.27,  610.42
 474.52,  221.13,  356.42
 471.82,  217.73,  481.34
 469.11,  214.34,  606.27
 475.47,  346.08,  359.84
 472.77,  342.68,  484.76
 470.06,  339.29,  609.68
 476.43,  471.03,  363.25
 473.72,  467.63,  488.18
 471.01,  464.24,  613.10
 225.39,  223.22,  474.07
 222.92,  223.61,  599.04
 220.46,  224.01,  724.02
 228.68,  348.17,  473.74
 226.22,  348.57,  598.71
 223.75,  348.97,  723.69
 231.97,  473.13,  473.41
 229.51,  473.53,  598.38
 227.04,  473.92,  723.36
 350.32,  219.93,  476.55
 347.86,  220.33,  601.52
 345.39,  220.73,  726.50
 353.61,  344.89,  476.21
 351.15,  345.29,  601.19
 348.68,  345.68,  726.17
 356.90,  469.85,  475.88
 354.44,  470.24,  600.86
 351.97,  470.64,  725.83
 475.26,  216.65,  479.02
 472.79,  217.05,  604.00
 470.32,  217.44,  728.97
 478.55,  341.61,  478.69
 476.08,  342.00,  603.67
 473.61,  342.40,  728.64
 481.84,  466.56,  478.36
 479.37,  466.96,  603.34
 476.90,  467.35,  728.31
 226.37,  223.62,  598.69
 229.51,  221.54,  723.63
 232.65,  219.46,  848.58
 229.93,  348.56,  600.68
 233.07,  346.48,  725.63
 236.21,  344.40,  850.57
 233.49,  473.49,  602.67
 236.63,  471.41,  727.62
 239.77,  469.33,  852.56
 351.28,  220.12,  595.49
 354.42,  218.04,  720.44
 357.56,  215.96,  845.38
 354.84,  345.05,  597.48
 357.98,  342.97,  722.43
 361.12,  340.89,  847.37
 358.40,  469.98,  599.47
 361.54,  467.90,  724.42
 364.68,  465.82,  849.36
 476.19,  216.61,  592.30
 479.33,  214.53,  717.24
 482.47,  212.45,  842.18
 479.75,  341.54,  594.29
 482.89,  339.46,  719.23
 486.03,  337.38,  844.17
 483.31,  466.48,  596.28
 486.45,  464.40,  721.22
 489.59,  462.32,  846.16
 224.78,  349.95,   99.72
 227.61,  353.11,  224.65
 230.44,  356.27,  349.58
 223.56,  474.91,   96.59
 226.39,  478.07,  221.52
 229.22,  481.22,  346.45
 222.33,  599.86,   93.46
 225.16,  603.02,  218.39
 228.00,  606.18,  343.32
 349.74,  351.11,   96.86
 352.57,  354.26,  221.79
 355.41,  357.42,  346.72
 348.52,  476.06,   93.73
 351.35,  479.22,  218.66
 354.18,  482.37,  343.59
 347.29,  601.02,   90.60
 350.13,  604.17,  215.53
 352.96,  607.33,  340.46
 474.70,  352.26,   94.00
 477.54,  355.41,  218.93
 480.37,  358.57,  343.85
 473.48,  477.21,   90.87
 476.31,  480.37,  215.80
 479.14,  483.53,  340.72
 472.26,  602.17,   87.74
 475.09,  605.32,  212.66
 477.92,  608.48,  337.59
 223.49,  349.62,  225.26
 219.79,  352.23,  350.18
 216.09,  354.84,  475.10
 220.54,  474.55,  222.56
 216.84,  477.16,  347.48
 213.13,  479.77,  472.40
 217.59,  599.49,  219.86
 213.88,  602.10,  344.78
 210.18,  604.71,  469.70
 348.40,  352.65,  228.90
 344.70,  355.26,  353.82
 341.00,  357.87,  478.74
 345.45,  477.58,  226.20
 341.75,  480.19,  351.12
 338.05,  482.80,  476.04
 342.50,  602.52,  223.50
 338.79,  605.13,  348.42
 335.09,  607.74,  473.34
 473.31,  355.68,  232.54
 469.61,  358.29,  357.46
 465.91,  360.90,  482.37
 470.36,  480.61,  229.84
 466.66,  483.22,  354.76
 462.96,  485.84,  479.68
 467.41,  605.55,  227.14
 463.70,  608.16,  352.06
 460.00,  610.77,  476.98
 226.29,  350.55,  349.65
 229.18,  348.79,  474.61
 232.06,  347.02,  599.56
 229.81,  475.49,  351.34
 232.69,  473.73,  476.29
 235.57,  471.96,  601.25
 233.32,  600.43,  353.02
 236.21,  598.66,  477.98
 239.09,  596.90,  602.93
 351.21,  347.08,  346.72
 354.09,  345.31,  471.68
 356.98,  343.55,  596.63
 354.73,  472.02,  348.41
 357.61,  470.25,  473.36
 360.49,  468.48,  598.31
 358.24,  596.95,  350.09
 361.12,  595.19,  475.04
 364.01,  593.42,  600.00
 476.13,  343.60,  343.79
 479.01,  341.84,  468.74
 481.89,  340.07,  593.70
 479.64,  468.54,  345.47
 482.53,  466.77,  470.43
 485.41,  465.01,  595.38
 483.16,  593.48,  347.16
 486.04,  591.71,  472.11
 488.92,  589.95,  597.07
 226.92,  348.99,  475.03
 226.48,  350.11,  600.02
 226.03,  351.22,  725.02
 224.56,  473.97,  473.91
 224.12,  475.08,  598.90
 223.68,  476.19,  723.90
 222.21,  598.94,  472.79
 221.76,  600.05,  597.78
 221.32,  601.16,  722.78
 351.90,  351.35,  475.45
 351.45,  352.46,  600.44
 351.01,  353.58,  725.44
 349.54,  476.32,  474.33
 349.10,  477.44,  599.32
 348.66,  478.55,  724.32
 347.18,  601.30,  473.21
 346.74,  602.41,  598.20
 346.30,  603.52,  723.20
 476.87,  353.71,  475.87
 476.43,  354.82,  600.87
 475.99,  355.94,  725.86
 474.52,  478.68,  474.75
 474.07,  479.80,  599.75
 473.63,  480.91,  724.74
 472.16,  603.66,  473.63
 471.72,  604.77,  598.62
 471.28,  605.88,  723.62
 225.24,  349.85,  598.53
 223.02,  350.44,  723.50
 220.80,  351.03,  848.48
 223.79,  474.84,  597.91
 221.57,  475.43,  722.89
 219.35,  476.02,  847.87
 222.34,  599.83,  597.29
 220.11,  600.42,  722.27
 217.89,  601.01,  847.25
 350.21,  351.31,  600.74
 347.99,  351.90,  725.72
 345.77,  352.49,  850.70
 348.76,  476.30,  600.12
 346.54,  476.89,  725.10
 344.32,  477.48,  850.08
 347.31,  601.29,  599.51
 345.09,  601.88,  724.49
 342.87,  602.47,  849.46
 475.18,  352.77,  602.95
 472.96,  353.36,  727.93
 470.74,  353.95,  852.91
 473.73,  477.76,  602.34
 471.51,  478.35,  727.31
 469.29,  478.94,  852.29
 472.28,  602.75,  601.72
 470.06,  603.34,  726.70
 467.84,  603.93,  851.68
 226.20,  474.89,   99.65
 223.04,  476.70,  224.60
 219.88,  478.50,  349.55
 227.34,  599.87,   97.88
 224.18,  601.68,  222.82
 221.01,  603.49,  347.77
 228.47,  724.86,   96.10
 225.31,  726.66,  221.04
 222.15,  728.47,  345.99
 351.15,  473.80,  102.83
 347.99,  475.61,  227.78
 344.83,  477.41,  352.72
 352.29,  598.78,  101.05
 349.13,  600.59,  226.00
 345.97,  602.40,  350.95
 353.43,  723.77,   99.27
 350.27,  725.57,  224.22
 347.11,  727.38,  349.17
 476.11,  472.71,  106.01
 472.95,  474.52,  230.95
 469.79,  476.32,  355.90
 477.25,  597.69,  104.23
 474.08,  599.50,  229.17
 470.92,  601.31,  354.12
 478.38,  722.68,  102.45
 475.22,  724.48,  227.40
 472.06,  726.29,  352.34
 224.48,  476.73,  226.73
 225.74,  474.77,  351.71
 227.00,  472.82,  476.69
 227.20,  601.68,  228.66
 228.46,  599.73,  353.64
 229.72,  597.77,  478.62
 229.92,  726.64,  230.59
 231.18,  724.68,  355.57
 232.44,  722.73,  480.54
 349.44,  474.02,  225.43
 350.70,  472.07,  350.41
 351.96,  470.11,  475.39
 352.16,  598.98,  227.36
 353.42,  597.02,  352.34
 354.68,  595.07,  477.31
 354.89,  723.94,  229.28
 356.15,  721.98,  354.26
 357.41,  720.03,  479.24
 474.40,  471.32,  224.13
 475.66,  469.37,  349.10
 476.93,  467.41,  474.08
 477.13,  596.28,  226.05
 478.39,  594.32,  351.03
 479.65,  592.37,  476.01
 479.85,  721.23,  227.98
 481.11,  719.28,  352.96
 482.37,  717.32,  477.94
 225.79,  474.07,  349.14
 227.19,  475.31,  474.13
 228.59,  476.54,  599.11
 226.07,  599.07,  347.90
 227.46,  600.30,  472.89
 228.86,  601.54,  597.87
 226.34,  724.06,  346.66
 227.73,  725.30,  471.65
 229.13,  726.53,  596.63
 350.79,  473.79,  347.75
 352.18,  475.02,  472.73
 353.58,  476.26,  597.72
 351.06,  598.78,  346.51
 352.45,  600.02,  471.49
 353.85,  601.25,  596.48
 351.33,  723.77,  345.27
 352.73,  725.01,  470.25
 354.12,  726.25,  595.24
 475.78,  473.50,  346.35
 477.17,  474.74,  471.34
 478.57,  475.97,  596.33
 476.05,  598.49,  345.11
 477.45,  599.73,  470.10
 478.84,  600.97,  595.09
 476.32,  723.49,  343.87
 477.72,  724.72,  468.86
 479.11,  725.96,  593.85
 223.42,  474.53,  475.35
 220.36,  476.93,  600.29
 217.31,  479.33,  725.23
 226.44,  599.47,  473.02
 223.39,  601.87,  597.96
 220.34,  604.27,  722.90
 229.47,  724.41,  470.69
 226.42,  726.81,  595.63
 223.36,  729.22,  720.57
 348.34,  471.56,  478.46
 345.29,  473.96,  603.40
 342.24,  476.36,  728.34
 351.37,  596.50,  476.13
 348.32,  598.90,  601.07
 345.26,  601.31,  726.01
 354.40,  721.44,  473.80
 351.34,  723.84,  598.74
 348.29,  726.25,  723.68
 473.27,  468.59,  481.57
 470.22,  470.99,  606.51
 467.16,  473.40,  731.45
 476.30,  593.53,  479.24
 473.24,  595.93,  604.18
 470.19,  598.34,  729.12
 479.32,  718.47,  476.91
 476.27,  720.88,  601.85
 473.21,  723.28,  726.79
 225.72,  474.03,  601.74
 229.35,  472.62,  726.68
 232.99,  471.22,  851.62
 225.16,  599.02,  603.17
 228.79,  597.62,  728.10
 232.43,  596.21,  853.04
 224.60,  724.01,  604.59
 228.23,  722.61,  729.53
 231.87,  721.20,  854.47
 350.66,  474.63,  598.11
 354.30,  473.23,  723.05
 357.94,  471.82,  847.99
 350.10,  599.62,  599.54
 353.74,  598.22,  724.48
 357.38,  596.81,  849.41
 349.54,  724.61,  600.96
 353.18,  723.21,  725.90
 356.82,  721.80,  850.84
 475.61,  475.23,  594.48
 479.25,  473.83,  719.42
 482.88,  472.42,  844.36
 475.05,  600.22,  595.91
 478.69,  598.82,  720.85
 482.32,  597.41,  845.78
 474.49,  725.22,  597.33
 478.13,  723.81,  722.27
 481.76,  722.40,  847.21
 223.42,  599.98,   98.85
 223.34,  603.05,  223.82
 223.27,  606.12,  348.78
 224.50,  724.94,   95.78
 224.42,  728.01,  220.75
 224.34,  731.08,  345.71
 225.57,  849.90,   92.71
 225.49,  852.97,  217.68
 225.41,  856.04,  342.64
 348.42,  598.91,   98.96
 348.34,  601.98,  223.92
 348.26,  605.05,  348.88
 349.49,  723.87,   95.89
 349.41,  726.94,  220.85
 349.33,  730.01,  345.81
 350.56,  848.83,   92.82
 350.49,  851.90,  217.78
 350.41,  854.97,  342.74
 473.41,  597.84,   99.06
 473.33,  600.91,  224.02
 473.26,  603.98,  348.99
 474.49,  722.80,   95.99
 474.41,  725.87,  220.95
 474.33,  728.94,  345.92
 475.56,  847.75,   92.92
 475.48,  850.83,  217.88
 475.40,  853.90,  342.85
 223.43,  601.33,  223.42
 221.86,  597.95,  348.37
 220.28,  594.57,  473.31
 219.68,  726.23,  226.76
 218.11,  722.85,  351.70
 216.53,  719.47,  476.64
 215.93,  851.13,  230.09
 214.36,  847.75,  355.03
 212.78,  844.37,  479.98
 348.37,  605.04,  225.10
 346.79,  601.66,  350.04
 345.21,  598.28,  474.99
 344.62,  729.94,  228.43
 343.04,  726.56,  353.38
 341.46,  723.18,  478.32
 340.87,  854.84,  231.77
 339.29,  851.46,  356.71
 337.72,  848.07,  481.65
 473.30,  608.74,  226.78
 471.72,  605.36,  351.72
 470.15,  601.98,  476.67
 469.55,  733.64,  230.11
 467.98,  730.26,  355.05
 466.40,  726.88,  480.00
 465.80,  858.54,  233.44
 464.23,  855.16,  358.39
 462.65,  851.78,  483.33
 224.73,  601.20,  349.84
 225.83,  598.52,  474.81
 226.93,  595.84,  599.77
 226.38,  726.16,  352.50
 227.48,  723.48,  477.47
 228.58,  720.80,  602.44
 228.03,  851.12,  355.17
 229.13,  848.44,  480.13
 230.23,  845.76,  605.10
 349.71,  599.57,  348.70
 350.81,  596.89,  473.67
 351.91,  594.21,  598.64
 351.37,  724.53,  351.37
 352.46,  721.85,  476.34
 353.56,  719.17,  601.30
 353.02,  849.49,  354.03
 354.12,  846.81,  479.00
 355.22,  844.13,  603.97
 474.70,  597.94,  347.57
 475.80,  595.26,  472.54
 476.90,  592.58,  597.50
 476.35,  722.90,  350.23
 477.45,  720.22,  475.20
 478.55,  717.54,  600.17
 478.00,  847.86,  352.90
 479.10,  845.18,  477.86
 480.20,  842.51,  602.83
 224.74,  598.05,  476.41
 226.57,  601.44,  601.35
 228.41,  604.83,  726.29
 225.01,  723.00,  473.01
 226.85,  726.40,  597.95
 228.68,  729.79,  722.89
 225.28,  847.96,  469.61
 227.12,  851.35,  594.55
 228.96,  854.74,  719.49
 349.72,  597.73,  474.58
 351.56,  601.12,  599.52
 353.40,  604.51,  724.46
 350.00,  722.68,  471.18
 351.83,  726.07,  596.12
 353.67,  729.47,  721.06
 350.27,  847.63,  467.78
 352.11,  851.03,  592.73
 353.94,  854.42,  717.67
 474.71,  597.40,  472.75
 476.55,  600.80,  597.69
 478.38,  604.19,  722.63
 474.98,  722.36,  469.35
 476.82,  725.75,  594.29
 478.66,  729.14,  719.24
 475.26,  847.31,  465.96
 477.09,  850.70,  590.90
 478.93,  854.10,  715.84
 223.91,  601.34,  598.02
 222.87,  600.07,  723.01
 221.83,  598.80,  848.00
 222.97,  726.33,  599.28
 221.94,  725.06,  724.27
 220.90,  723.79,  849.26
 222.04,  851.32,  600.55
 221.00,  850.05,  725.54
 219.96,  848.78,  850.52
 348.90,  602.27,  599.07
 347.86,  600.99,  724.06
 346.82,  599.72,  849.05
 347.97,  727.26,  600.33
 346.93,  725.99,  725.32
 345.89,  724.71,  850.31
 347.03,  852.25,  601.59
 345.99,  850.98,  726.58
 344.95,  849.70,  851.57
 473.89,  603.19,  600.12
 472.85,  601.92,  725.10
 471.82,  600.65,  850.09
 472.96,  728.18,  601.38
 471.92,  726.91,  726.37
 470.88,  725.64,  851.36
 472.02,  853.17,  602.64
 470.98,  851.90,  727.63
 469.95,  850.63,  852.62
 351.09,   99.09,   98.81
 351.98,   97.78,  223.80
 352.86,   96.46,  348.79
 347.98,  224.05,  100.14
 348.86,  222.73,  225.13
 349.74,  221.42,  350.12
 344.86,  349.00,  101.48
 345.74,  347.69,  226.47
 346.62,  346.37,  351.46
 476.05,  102.22,   97.96
 476.93,  100.90,  222.95
 477.82,   99.59,  347.94
 472.93,  227.17,   99.30
 473.82,  225.86,  224.29
 474.70,  224.54,  349.27
 469.82,  352.13,  100.63
 470.70,  350.81,  225.62
 471.58,  349.50,  350.61
 601.01,  105.34,   97.11
 601.89,  104.03,  222.10
 602.77,  102.72,  347.09
 597.89,  230.30,   98.45
 598.77,  228.98,  223.44
 599.66,  227.67,  348.43
 594.77,  355.25,   99.78
 595.66,  353.94,  224.77
 596.54,  352.62,  349.76
 351.59,   99.13,  226.38
 351.68,   99.08,  351.38
 351.76,   99.02,  476.38
 352.46,  224.13,  226.43
 352.55,  224.07,  351.43
 352.64,  224.02,  476.43
 353.34,  349.12,  226.49
 353.43,  349.07,  351.49
 353.51,  349.02,  476.49
 476.58,   98.25,  226.29
 476.67,   98.20,  351.29
 476.76,   98.15,  476.29
 477.46,  223.25,  226.35
 477.55,  223.20,  351.34
 477.64,  223.14,  476.34
 478.33,  348.25,  226.40
 478.42,  348.19,  351.40
 478.51,  348.14,  476.40
 601.58,   97.38,  226.20
 601.67,   97.33,  351.20
 601.76,   97.27,  476.20
 602.46,  222.38,  226.26
 602.54,  222.32,  351.26
 602.63,  222.27,  476.26
 603.33,  347.37,  226.31
 603.42,  347.32,  351.31
 603.51,  347.27,  476.31
 351.60,  100.54,  348.00
 348.51,  101.43,  472.96
 345.42,  102.32,  597.92
 348.74,  225.50,  347.04
 345.65,  226.39,  472.00
 342.56,  227.28,  596.96
 345.88,  350.46,  346.08
 342.79,  351.35,  471.04
 339.70,  352.24,  596.00
 476.53,  103.42,  351.07
 473.44,  104.31,  476.03
 470.35,  105.20,  600.99
 473.67,  228.38,  350.11
 470.58,  229.27,  475.07
 467.49,  230.16,  600.03
 470.81,  353.35,  349.15
 467.72,  354.24,  474.11
 464.63,  355.13,  599.07
 601.46,  106.30,  354.14
 598.37,  107.19,  479.10
 595.28,  108.08,  604.06
 598.60,  231.26,  353.18
 595.51,  232.16,  478.14
 592.42,  233.05,  603.10
 595.74,  356.23,  352.22
 592.65,  357.12,  477.18
 589.56,  358.01,  602.14
 348.09,   98.50,  475.94
 351.23,   96.20,  600.88
 354.36,   93.89,  725.82
 349.92,  223.46,  478.19
 353.06,  221.16,  603.13
 356.19,  218.86,  728.07
 351.75,  348.43,  480.45
 354.88,  346.13,  605.39
 358.02,  343.83,  730.33
 473.04,   96.73,  472.77
 476.17,   94.43,  597.71
 479.31,   92.12,  722.65
 474.87,  221.69,  475.03
 478.00,  219.39,  599.96
 481.14,  217.09,  724.90
 476.69,  346.66,  477.28
 479.83,  344.36,  602.22
 482.97,  342.06,  727.16
 597.99,   94.96,  469.60
 601.12,   92.66,  594.54
 604.26,   90.35,  719.48
 599.81,  219.92,  471.86
 602.95,  217.62,  596.80
 606.09,  215.32,  721.74
 601.64,  344.89,  474.11
 604.78,  342.59,  599.05
 607.91,  340.29,  723.99
 348.48,  100.93,  599.68
 347.94,  102.73,  724.67
 347.40,  104.53,  849.65
 345.36,  225.88,  597.87
 344.82,  227.68,  722.86
 344.28,  229.47,  847.84
 342.23,  350.83,  596.06
 341.69,  352.62,  721.04
 341.15,  354.42,  846.03
 473.44,  104.06,  600.17
 472.90,  105.86,  725.16
 472.36,  107.66,  850.15
 470.32,  229.01,  598.36
 469.78,  230.81,  723.35
 469.23,  232.60,  848.34
 467.19,  353.96,  596.55
 466.65,  355.76,  721.54
 466.11,  357.55,  846.53
 598.40,  107.19,  600.67
 597.86,  108.99,  725.66
 597.32,  110.79,  850.64
 595.27,  232.14,  598.86
 594.73,  233.94,  723.84
 594.19,  235.74,  848.83
 592.15,  357.09,  597.05
 591.61,  358.89,  722.03
 591.07,  360.68,  847.02
 349.87,  225.51,  100.72
 350.27,  228.23,  225.69
 350.66,  230.95,  350.66
 346.55,  350.44,   98.01
 346.95,  353.16,  222.98
 347.35,  355.88,  347.95
 343.24,  475.36,   95.30
 343.63,  478.08,  220.27
 344.03,  480.80,  345.24
 474.83,  228.82,  100.25
 475.22,  231.54,  225.22
 475.62,  234.26,  350.19
 471.51,  353.74,   97.54
 471.91,  356.46,  222.51
 472.30,  359.18,  347.48
 468.19,  478.67,   94.83
 468.59,  481.39,  219.80
 468.98,  484.11,  344.77
 599.78,  232.12,   99.78
 600.18,  234.84,  224.75
 600.57,  237.56,  349.72
 596.46,  357.05,   97.07
 596.86,  359.77,  222.04
 597.26,  362.49,  347.01
 593.15,  481.98,   94.36
 593.54,  484.70,  219.33
 593.94,  487.42,  344.30
 351.86,  223.07,  224.03
 352.20,  220.59,  349.01
 352.54,  218.11,  473.98
 348.78,  348.01,  226.52
 349.12,  345.52,  351.50
 349.46,  343.04,  476.47
 345.70,  472.94,  229.01
 346.04,  470.46,  353.98
 346.38,  467.98,  478.96
 476.83,  226.15,  223.76
 477.16,  223.67,  348.73
 477.50,  221.19,  473.71
 473.75,  351.09,  226.25
 474.08,  348.61,  351.22
 474.42,  346.13,  476.19
 470.67,  476.03,  228.73
 471.00,  473.55,  353.71
 471.34,  471.07,  478.68
 601.79,  229.24,  223.48
 602.12,  226.76,  348.46
 602.46,  224.28,  473.43
 598.71,  354.18,  225.97
 599.04,  351.70,  350.94
 599.38,  349.21,  475.92
 595.63,  479.11,  228.46
 595.96,  476.63,  353.43
 596.30,  474.15,  478.41
 348.84,  223.64,  349.99
 345.12,  227.10,  474.88
 341.40,  230.56,  599.78
 350.79,  348.58,  346.58
 347.07,  352.04,  471.48
 343.34,  355.50,  596.38
 352.73,  473.52,  343.18
 349.01,  476.98,  468.08
 345.29,  480.44,  592.97
 473.77,  221.80,  353.76
 470.05,  225.26,  478.66
 466.33,  228.72,  603.55
 475.72,  346.74,  350.36
 472.00,  350.20,  475.25
 468.27,  353.66,  600.15
 477.66,  471.68,  346.95
 473.94,  475.14,  471.85
 470.22,  478.60,  596.75
 598.70,  219.96,  357.53
 594.98,  223.42,  482.43
 591.26,  226.88,  607.33
 600.65,  344.90,  354.13
 596.92,  348.36,  479.03
 593.20,  351.82,  603.92
 602.59,  469.84,  350.73
 598.87,  473.30,  475.62
 595.15,  476.76,  600.52
 349.30,  225.90,  474.53
 348.35,  229.28,  599.48
 347.41,  232.67,  724.43
 349.20,  350.85,  471.14
 348.25,  354.24,  596.09
 347.31,  357.62,  721.04
 349.10,  475.81,  467.76
 348.15,  479.19,  592.71
 347.21,  482.58,  717.66
 474.29,  226.02,  475.47
 473.35,  229.41,  600.42
 472.41,  232.79,  725.37
 474.19,  350.98,  472.08
 473.25,  354.36,  597.04
 472.31,  357.75,  721.99
 474.09,  475.93,  468.70
 473.15,  479.32,  593.65
 472.21,  482.70,  718.60
 599.29,  226.15,  476.41
 598.35,  229.54,  601.36
 597.40,  232.92,  726.31
 599.19,  351.10,  473.03
 598.25,  354.49,  597.98
 597.30,  357.87,  722.93
 599.09,  476.06,  469.64
 598.15,  479.44,  594.59
 597.20,  482.83,  719.54
 350.39,  223.52,  599.99
 349.53,  226.82,  724.94
 348.67,  230.12,  849.90
 346.69,  348.42,  596.66
 345.83,  351.72,  721.62
 344.97,  355.02,  846.57
 342.99,  473.32,  593.34
 342.13,  476.62,  718.29
 341.26,  479.93,  843.24
 475.33,  227.24,  600.75
 474.47,  230.55,  725.71
 473.61,  233.85,  850.66
 471.63,  352.14,  597.43
 470.77,  355.45,  722.38
 469.91,  358.75,  847.33
 467.93,  477.04,  594.10
 467.07,  480.35,  719.05
 466.21,  483.65,  844.01
 600.28,  230.97,  601.52
 599.41,  234.27,  726.47
 598.55,  237.57,  851.42
 596.57,  355.87,  598.19
 595.71,  359.17,  723.14
 594.85,  362.47,  848.10
 592.87,  480.77,  594.86
 592.01,  484.07,  719.82
 591.15,  487.37,  844.77
 351.92,  350.30,  101.40
 348.47,  347.01,  226.31
 345.02,  343.72,  351.22
 349.64,  475.24,  104.63
 346.20,  471.95,  229.54
 342.75,  468.66,  354.45
 347.37,  600.18,  107.86
 343.92,  596.89,  232.76
 340.47,  593.60,  357.67
 476.85,  352.49,  104.91
 473.41,  349.20,  229.82
 469.96,  345.91,  354.72
 474.58,  477.43,  108.13
 471.13,  474.14,  233.04
 467.68,  470.85,  357.95
 472.30,  602.37,  111.36
 468.85,  599.08,  236.27
 465.40,  595.78,  361.18
 601.79,  354.68,  108.41
 598.34,  351.39,  233.32
 594.89,  348.10,  358.23
 599.51,  479.62,  111.64
 596.06,  476.32,  236.55
 592.61,  473.03,  361.46
 597.23,  604.55,  114.87
 593.78,  601.26,  239.78
 590.33,  597.97,  364.69
 350.77,  350.02,  223.64
 350.76,  353.70,  348.59
 350.74,  357.38,  473.53
 353.67,  474.94,  219.96
 353.66,  478.62,  344.91
 353.64,  482.29,  469.85
 356.57,  599.85,  216.28
 356.55,  603.53,  341.23
 356.54,  607.21,  466.18
 475.74,  347.13,  223.74
 475.73,  350.81,  348.69
 475.71,  354.49,  473.63
 478.64,  472.04,  220.06
 478.62,  475.72,  345.01
 478.61,  479.40,  469.95
 481.54,  596.95,  216.39
 481.52,  600.63,  341.33
 481.50,  604.31,  466.28
 600.71,  344.23,  223.84
 600.69,  347.91,  348.79
 600.68,  351.59,  473.73
 603.60,  469.15,  220.16
 603.59,  472.82,  345.11
 603.57,  476.50,  470.06
 606.50,  594.06,  216.49
 606.49,  597.74,  341.43
 606.47,  601.42,  466.38
 349.78,  349.95,  349.05
 350.10,  348.76,  474.04
 350.41,  347.57,  599.04
 349.36,  474.94,  350.24
 349.68,  473.75,  475.23
 350.00,  472.57,  600.23
 348.95,  599.94,  351.43
 349.27,  598.75,  476.42
 349.58,  597.56,  601.42
 474.78,  350.37,  348.74
 475.09,  349.18,  473.73
 475.41,  347.99,  598.72
 474.36,  475.36,  349.93
 474.68,  474.17,  474.92
 475.00,  472.98,  599.91
 473.95,  600.36,  351.12
 474.27,  599.17,  476.11
 474.58,  597.98,  601.10
 599.78,  350.79,  348.42
 600.09,  349.60,  473.42
 600.41,  348.41,  598.41
 599.36,  475.78,  349.61
 599.68,  474.59,  474.61
 600.00,  473.40,  599.60
 598.95,  600.77,  350.80
 599.26,  599.58,  475.80
 599.58,  598.39,  600.79
 348.53,  349.82,  476.02
 345.01,  351.31,  600.96
 341.49,  352.80,  725.90
 351.88,  474.77,  474.62
 348.36,  476.25,  599.57
 344.84,  477.74,  724.51
 355.23,  599.71,  473.23
 351.71,  601.20,  598.17
 348.19,  602.69,  723.11
 473.44,  346.51,  479.58
 469.92,  348.00,  604.52
 466.40,  349.49,  729.46
 476.79,  471.46,  478.18
 473.26,  472.95,  603.12
 469.74,  474.44,  728.07
 480.13,  596.41,  476.79
 476.61,  597.89,  601.73
 473.09,  599.38,  726.67
 598.34,  343.20,  483.14
 594.82,  344.69,  608.08
 591.30,  346.18,  733.02
 601.69,  468.15,  481.74
 598.17,  469.64,  606.68
 594.65,  471.13,  731.63
 605.04,  593.10,  480.35
 601.52,  594.59,  605.29
 598.00,  596.08,  730.23
 351.18,  351.27,  601.04
 353.19,  353.76,  726.00
 355.19,  356.24,  850.96
 354.09,  476.21,  598.51
 356.10,  478.70,  723.47
 358.11,  481.18,  848.43
 357.01,  601.15,  595.98
 359.01,  603.64,  720.94
 361.02,  606.12,  845.90
 476.13,  348.32,  599.10
 478.14,  350.80,  724.06
 480.14,  353.29,  849.01
 479.04,  473.26,  596.56
 481.05,  475.74,  721.52
 483.06,  478.23,  846.48
 481.96,  598.20,  594.03
 483.96,  600.68,  718.99
 485.97,  603.17,  843.95
 601.08,  345.36,  597.15
 603.09,  347.85,  722.11
 605.09,  350.34,  847.07
 603.99,  470.30,  594.62
 606.00,  472.79,  719.58
 608.01,  475.28,  844.53
 606.91,  595.24,  592.08
 608.91,  597.73,  717.04
 610.92,  600.22,  842.00
 350.62,  474.71,  101.54
 350.57,  476.35,  226.53
 350.52,  477.99,  351.52
 348.33,  599.68,   99.89
 348.27,  601.32,  224.88
 348.22,  602.96,  349.87
 346.03,  724.64,   98.25
 345.98,  726.29,  223.24
 345.93,  727.93,  348.23
 475.60,  477.00,  101.56
 475.55,  478.64,  226.55
 475.50,  480.29,  351.54
 473.31,  601.97,   99.91
 473.25,  603.61,  224.90
 473.20,  605.26,  349.89
 471.01,  726.94,   98.27
 470.96,  728.58,  223.26
 470.91,  730.22,  348.25
 600.58,  479.30,  101.58
 600.53,  480.94,  226.57
 600.48,  482.58,  351.56
 598.28,  604.26,   99.94
 598.23,  605.91,  224.92
 598.18,  607.55,  349.91
 595.99,  729.23,   98.29
 595.94,  730.88,  223.28
 595.89,  732.52,  348.27
 348.83,  474.96,  225.85
 351.47,  476.52,  350.81
 354.12,  478.07,  475.78
 348.53,  599.95,  224.30
 351.18,  601.51,  349.26
 353.82,  603.06,  474.23
 348.23,  724.94,  222.75
 350.88,  726.50,  347.71
 353.52,  728.05,  472.67
 473.80,  475.22,  223.20
 476.45,  476.78,  348.17
 479.09,  478.34,  473.13
 473.50,  600.21,  221.65
 476.15,  601.77,  346.62
 478.79,  603.33,  471.58
 473.21,  725.20,  220.10
 475.85,  726.76,  345.06
 478.49,  728.32,  470.03
 598.77,  475.49,  220.56
 601.42,  477.04,  345.52
 604.06,  478.60,  470.48
 598.47,  600.48,  219.00
 601.12,  602.03,  343.97
 603.76,  603.59,  468.93
 598.18,  725.47,  217.45
 600.82,  727.02,  342.42
 603.47,  728.58,  467.38
 350.34,  475.16,  351.06
 352.85,  478.26,  475.99
 355.36,  481.36,  600.93
 353.68,  600.08,  347.89
 356.20,  603.17,  472.83
 358.71,  606.27,  597.77
 357.03,  724.99,  344.73
 359.55,  728.09,  469.66
 362.06,  731.19,  594.60
 475.27,  471.75,  348.63
 477.78,  474.85,  473.57
 480.29,  477.95,  598.50
 478.61,  596.67,  345.46
 481.13,  599.76,  470.40
 483.64,  602.86,  595.34
 481.96,  721.58,  342.30
 484.48,  724.68,  467.24
 486.99,  727.78,  592.17
 600.20,  468.34,  346.20
 602.71,  471.44,  471.14
 605.22,  474.54,  596.07
 603.54,  593.26,  343.04
 606.06,  596.36,  467.97
 608.57,  599.45,  592.91
 606.89,  718.17,  339.87
 609.41,  721.27,  464.81
 611.92,  724.37,  589.74
 349.97,  473.75,  475.42
 349.86,  476.27,  600.40
 349.75,  478.78,  725.37
 353.55,  598.68,  472.91
 353.44,  601.19,  597.88
 353.33,  603.71,  722.86
 357.13,  723.60,  470.40
 357.02,  726.11,  595.37
 356.92,  728.63,  720.35
 474.92,  470.17,  475.60
 474.81,  472.69,  600.58
 474.70,  475.20,  725.55
 478.50,  595.10,  473.09
 478.39,  597.61,  598.06
 478.28,  600.13,  723.04
 482.08,  720.02,  470.58
 481.97,  722.54,  595.55
 481.86,  725.05,  720.53
 599.87,  466.60,  475.78
 599.76,  469.11,  600.76
 599.65,  471.63,  725.73
 603.45,  591.52,  473.27
 603.34,  594.03,  598.25
 603.23,  596.55,  723.22
 607.03,  716.44,  470.76
 606.92,  718.96,  595.73
 606.81,  721.47,  720.71
 351.28,  474.08,  599.41
 351.90,  475.91,  724.40
 352.52,  477.74,  849.38
 349.67,  599.06,  597.59
 350.29,  600.89,  722.58
 350.91,  602.72,  847.56
 348.05,  724.04,  595.77
 348.68,  725.86,  720.76
 349.30,  727.69,  845.74
 476.27,  475.69,  598.76
 476.89,  477.51,  723.75
 477.51,  479.34,  848.73
 474.65,  600.66,  596.94
 475.28,  602.49,  721.93
 475.90,  604.32,  846.92
 473.04,  725.64,  595.13
 473.66,  727.47,  720.11
 474.29,  729.29,  845.10
 601.25,  477.29,  598.12
 601.88,  479.12,  723.10
 602.50,  480.94,  848.09
 599.64,  602.26,  596.30
 600.26,  604.09,  721.28
 600.89,  605.92,  846.27
 598.03,  727.24,  594.48
 598.65,  729.07,  719.46
 599.28,  730.90,  844.45
 349.10,  601.16,   98.75
 349.15,  604.44,  223.71
 349.20,  607.71,  348.66
 352.17,  726.08,   95.47
 352.23,  729.36,  220.43
 352.28,  732.63,  345.39
 355.25,  851.00,   92.19
 355.31,  854.28,  217.15
 355.36,  857.55,  342.11
 474.06,  598.08,   98.78
 474.11,  601.36,  223.73
 474.16,  604.64,  348.69
 477.14,  723.00,   95.50
 477.19,  726.28,  220.46
 477.24,  729.55,  345.41
 480.22,  847.92,   92.22
 480.27,  851.20,  217.18
 480.32,  854.47,  342.14
 599.02,  595.00,   98.80
 599.07,  598.28,  223.76
 599.13,  601.56,  348.72
 602.10,  719.92,   95.53
 602.15,  723.20,  220.48
 602.21,  726.48,  345.44
 605.18,  844.84,   92.25
 605.23,  848.12,  217.21
 605.28,  851.39,  342.16
 348.57,  599.90,  225.19
 350.19,  602.77,  350.15
 351.80,  605.64,  475.11
 346.56,  724.85,  222.35
 348.18,  727.72,  347.30
 349.79,  730.59,  472.26
 344.55,  849.80,  219.50
 346.17,  852.67,  344.46
 347.78,  855.55,  469.41
 473.54,  601.87,  223.53
 475.16,  604.74,  348.49
 476.77,  607.61,  473.44
 471.53,  726.82,  220.68
 473.15,  729.69,  345.64
 474.77,  732.56,  470.60
 469.53,  851.77,  217.84
 471.14,  854.64,  342.79
 472.76,  857.52,  467.75
 598.52,  603.84,  221.87
 600.13,  606.71,  346.83
 601.75,  609.58,  471.78
 596.51,  728.79,  219.02
 598.12,  731.66,  343.98
 599.74,  734.54,  468.94
 594.50,  853.74,  216.18
 596.11,  856.62,  341.13
 597.73,  859.49,  466.09
 351.37,  601.76,  348.89
 348.81,  600.88,  473.86
 346.24,  599.99,  598.83
 351.41,  726.76,  349.77
 348.85,  725.88,  474.75
 346.28,  724.99,  599.72
 351.45,  851.76,  350.66
 348.89,  850.87,  475.63
 346.32,  849.99,  600.60
 476.35,  601.71,  351.45
 473.78,  600.82,  476.42
 471.22,  599.94,  601.40
 476.39,  726.70,  352.34
 473.82,  725.82,  477.31
 471.25,  724.93,  602.28
 476.42,  851.70,  353.22
 473.86,  850.81,  478.20
 471.29,  849.93,  603.17
 601.32,  601.65,  354.02
 598.75,  600.76,  478.99
 596.19,  599.88,  603.96
 601.36,  726.64,  354.90
 598.79,  725.76,  479.87
 596.23,  724.88,  604.85
 601.40,  851.64,  355.79
 598.83,  850.76,  480.76
 596.27,  849.87,  605.73
 350.97,  600.86,  474.97
 347.98,  598.34,  599.91
 345.00,  595.83,  724.85
 347.61,  725.79,  477.40
 344.63,  723.28,  602.34
 341.64,  720.76,  727.28
 344.25,  850.72,  479.83
 341.27,  848.21,  604.77
 338.28,  845.70,  729.71
 475.89,  604.16,  478.02
 472.90,  601.64,  602.96
 469.92,  599.13,  727.90
 472.53,  729.09,  480.45
 469.55,  726.58,  605.39
 466.56,  724.06,  730.33
 469.17,  854.02,  482.88
 466.19,  851.51,  607.82
 463.20,  848.99,  732.76
 600.81,  607.45,  481.07
 597.82,  604.94,  606.01
 594.84,  602.43,  730.95
 597.45,  732.39,  483.50
 594.46,  729.87,  608.44
 591.48,  727.36,  733.38
 594.09,  857.32,  485.93
 591.11,  854.81,  610.87
 588.12,  852.29,  735.81
 349.34,  601.70,  598.33
 351.30,  605.06,  723.27
 353.25,  608.41,  848.21
 352.62,  726.61,  594.93
 354.57,  729.97,  719.87
 356.53,  733.32,  844.81
 355.89,  851.52,  591.52
 357.84,  854.88,  716.46
 359.80,  858.23,  841.40
 474.28,  598.38,  596.47
 476.24,  601.73,  721.41
 478.19,  605.09,  846.34
 477.56,  723.29,  593.06
 479.51,  726.64,  718.00
 481.47,  730.00,  842.94
 480.83,  848.20,  589.66
 482.79,  851.55,  714.59
 484.74,  854.91,  839.53
 599.23,  595.05,  594.60
 601.18,  598.41,  719.54
 603.13,  601.76,  844.48
 602.50,  719.96,  591.19
 604.45,  723.32,  716.13
 606.41,  726.67,  841.07
 605.77,  844.87,  587.79
 607.73,  848.23,  712.73
 609.68,  851.58,  837.67
 475.93,   98.26,   99.04
 476.92,   96.87,  224.03
 477.91,   95.47,  349.02
 472.64,  223.21,  100.46
 473.63,  221.82,  225.45
 474.62,  220.42,  350.44
 469.35,  348.16,  101.89
 470.34,  346.76,  226.87
 471.33,  345.37,  351.86
 600.88,  101.56,   98.09
 601.87,  100.17,  223.08
 602.86,   98.77,  348.06
 597.59,  226.51,   99.51
 598.58,  225.12,  224.50
 599.57,  223.72,  349.49
 594.30,  351.46,  100.93
 595.29,  350.06,  225.92
 596.28,  348.67,  350.91
 725.83,  104.87,   97.13
 726.82,  103.47,  222.12
 727.81,  102.07,  347.11
 722.54,  229.81,   98.56
 723.53,  228.42,  223.55
 724.52,  227.02,  348.53
 719.25,  354.76,   99.98
 720.24,  353.37,  224.97
 721.23,  351.97,  349.96
 473.81,  100.28,  225.19
 477.11,  102.04,  350.13
 480.41,  103.79,  475.07
 474.17,  225.27,  223.42
 477.47,  227.02,  348.36
 480.77,  228.78,  473.31
 474.53,  350.25,  221.65
 477.83,  352.01,  346.59
 481.13,  353.77,  471.54
 598.77,   99.88,  221.89
 602.07,  101.63,  346.84
 605.37,  103.39,  471.78
 599.12,  224.86,  220.12
 602.43,  226.62,  345.07
 605.73,  228.38,  470.01
 599.48,  349.85,  218.36
 602.78,  351.61,  343.30
 606.08,  353.36,  468.24
 723.72,   99.47,  218.60
 727.02,  101.23,  343.54
 730.32,  102.99,  468.48
 724.08,  224.46,  216.83
 727.38,  226.22,  341.77
 730.68,  227.97,  466.72
 724.44,  349.45,  215.06
 727.74,  351.20,  340.01
 731.04,  352.96,  464.95
 473.32,  100.49,  350.75
 472.10,  103.06,  475.71
 470.87,  105.62,  600.68
 471.00,  225.45,  348.16
 469.78,  228.01,  473.13
 468.55,  230.57,  598.10
 468.68,  350.40,  345.58
 467.45,  352.96,  470.54
 466.23,  355.52,  595.51
 598.30,  102.84,  351.92
 597.07,  105.40,  476.89
 595.84,  107.97,  601.86
 595.97,  227.79,  349.34
 594.75,  230.35,  474.31
 593.52,  232.92,  599.28
 593.65,  352.74,  346.75
 592.43,  355.31,  471.72
 591.20,  357.87,  596.69
 723.27,  105.19,  353.10
 722.04,  107.75,  478.07
 720.82,  110.31,  603.04
 720.95,  230.14,  350.52
 719.72,  232.70,  475.49
 718.50,  235.26,  600.45
 718.63,  355.09,  347.93
 717.40,  357.65,  472.90
 716.17,  360.22,  597.87
 476.33,   98.63,  475.00
 477.61,  101.58,  599.96
 478.88,  104.54,  724.92
 477.50,  223.59,  472.04
 478.77,  226.54,  597.00
 480.05,  229.50,  721.96
 478.67,  348.55,  469.08
 479.94,  351.50,  594.03
 481.21,  354.45,  718.99
 601.32,   97.43,  473.76
 602.59,  100.39,  598.72
 603.87,  103.34,  723.68
 602.49,  222.39,  470.80
 603.76,  225.35,  595.75
 605.03,  228.30,  720.71
 603.66,  347.35,  467.83
 604.93,  350.30,  592.79
 606.20,  353.26,  717.75
 726.31,   96.24,  472.52
 727.58,   99.19,  597.48
 728.85,  102.14,  722.43
 727.48,  221.19,  469.55
 728.75,  224.15,  594.51
 730.02,  227.10,  719.47
 728.65,  346.15,  466.59
 729.92,  349.11,  591.55
 731.19,  352.06,  716.51
 473.22,  101.14,  599.16
 473.56,   97.52,  724.11
 473.89,   93.91,  849.06
 474.34,  226.08,  602.77
 474.68,  222.47,  727.72
 475.01,  218.85,  852.67
 475.46,  351.02,  606.38
 475.80,  347.41,  731.33
 476.13,  343.80,  856.28
 598.22,  100.03,  598.80
 598.55,   96.41,  723.75
 598.88,   92.80,  848.69
 599.34,  224.97,  602.41
 599.67,  221.36,  727.36
 600.00,  217.74,  852.30
 600.46,  349.91,  606.02
 600.79,  346.30,  730.96
 601.12,  342.69,  855.91
 723.21,   98.92,  598.43
 723.54,   95.30,  723.38
 723.88,   91.69,  848.33
 724.33,  223.86,  602.04
 724.66,  220.25,  726.99
 725.00,  216.63,  851.94
 725.45,  348.80,  605.65
 725.78,  345.19,  730.60
 726.12,  341.58,  855.55
 476.11,  223.32,  100.26
 476.28,  220.68,  225.23
 476.44,  218.03,  350.20
 475.82,  348.29,  102.90
 475.99,  345.65,  227.87
 476.15,  343.01,  352.84
 475.53,  473.26,  105.54
 475.69,  470.62,  230.51
 475.86,  467.98,  355.49
 601.11,  223.61,  100.10
 601.28,  220.97,  225.07
 601.44,  218.33,  350.04
 600.82,  348.58,  102.74
 600.99,  345.94,  227.71
 601.15,  343.30,  352.68
 600.53,  473.56,  105.38
 600.69,  470.91,  230.36
 600.86,  468.27,  355.33
 726.11,  223.91,   99.94
 726.28,  221.26,  224.91
 726.44,  218.62,  349.88
 725.82,  348.88,  102.58
 725.98,  346.24,  227.55
 726.15,  343.59,  352.53
 725.53,  473.85,  105.22
 725.69,  471.21,  230.20
 725.86,  468.57,  355.17
 475.47,  223.50,  225.60
 477.76,  223.18,  350.58
 480.04,  222.86,  475.56
 475.75,  348.50,  225.91
 478.03,  348.18,  350.89
 480.32,  347.86,  475.87
 476.02,  473.50,  226.22
 478.31,  473.18,  351.20
 480.59,  472.86,  476.18
 600.45,  223.23,  223.31
 602.74,  222.91,  348.29
 605.02,  222.59,  473.27
 600.72,  348.23,  223.63
 603.01,  347.91,  348.60
 605.30,  347.59,  473.58
 601.00,  473.23,  223.94
 603.28,  472.91,  348.92
 605.57,  472.59,  473.89
 725.43,  222.96,  221.03
 727.71,  222.64,  346.01
 730.00,  222.33,  470.98
 725.70,  347.96,  221.34
 727.99,  347.64,  346.32
 730.27,  347.32,  471.30
 725.98,  472.96,  221.65
 728.26,  472.64,  346.63
 730.55,  472.32,  471.61
 473.29,  226.63,  350.47
 472.16,  223.74,  475.43
 471.04,  220.85,  600.39
 474.92,  351.58,  353.37
 473.80,  348.69,  478.33
 472.68,  345.80,  603.30
 476.56,  476.54,  356.28
 475.44,  473.65,  481.24
 474.31,  470.76,  606.20
 598.27,  224.97,  351.55
 597.15,  222.08,  476.52
 596.02,  219.19,  601.48
 599.91,  349.92,  354.46
 598.78,  347.03,  479.42
 597.66,  344.14,  604.38
 601.55,  474.88,  357.36
 600.42,  471.99,  482.32
 599.30,  469.10,  607.29
 723.26,  223.30,  352.64
 722.13,  220.41,  477.60
 721.01,  217.52,  602.56
 724.89,  348.26,  355.54
 723.77,  345.37,  480.51
 722.65,  342.48,  605.47
 726.53,  473.21,  358.45
 725.41,  470.32,  483.41
 724.28,  467.43,  608.37
 475.54,  224.46,  474.78
 477.86,  224.11,  599.76
 480.18,  223.76,  724.74
 475.56,  349.46,  475.13
 477.88,  349.11,  600.11
 480.20,  348.76,  725.09
 475.57,  474.46,  475.48
 477.89,  474.11,  600.46
 480.21,  473.76,  725.44
 600.52,  224.45,  472.46
 602.84,  224.10,  597.44
 605.16,  223.75,  722.42
 600.54,  349.45,  472.81
 602.86,  349.10,  597.79
 605.17,  348.75,  722.77
 600.55,  474.45,  473.16
 602.87,  474.10,  598.14
 605.19,  473.75,  723.12
 725.50,  224.44,  470.14
 727.82,  224.09,  595.12
 730.14,  223.74,  720.10
 725.51,  349.44,  470.49
 727.83,  349.09,  595.47
 730.15,  348.74,  720.45
 725.53,  474.44,  470.84
 727.85,  474.09,  595.82
 730.17,  473.74,  720.80
 474.67,  223.68,  601.40
 473.84,  222.75,  726.39
 473.01,  221.82,  851.39
 477.30,  348.65,  602.35
 476.47,  347.72,  727.34
 475.64,  346.79,  852.33
 479.93,  473.62,  603.29
 479.10,  472.69,  728.29
 478.27,  471.76,  853.28
 599.64,  221.05,  602.21
 598.81,  220.12,  727.20
 597.98,  219.19,  852.20
 602.27,  346.02,  603.16
 601.44,  345.09,  728.15
 600.61,  344.15,  853.14
 604.90,  470.98,  604.10
 604.07,  470.05,  729.10
 603.24,  469.12,  854.09
 724.61,  218.41,  603.02
 723.78,  217.48,  728.01
 722.95,  216.55,  853.01
 727.24,  343.38,  603.97
 726.41,  342.45,  728.96
 725.58,  341.52,  853.95
 729.87,  468.35,  604.91
 729.04,  467.42,  729.91
 728.21,  466.49,  854.90
 473.69,  351.98,  101.85
 473.85,  355.30,  226.80
 474.01,  358.62,  351.76
 473.79,  476.93,   98.53
 473.95,  480.25,  223.48
 474.11,  483.57,  348.44
 473.89,  601.89,   95.21
 474.05,  605.21,  220.16
 474.21,  608.53,  345.12
 598.69,  351.87,  101.69
 598.85,  355.19,  226.65
 599.01,  358.51,  351.60
 598.79,  476.83,   98.37
 598.95,  480.15,  223.32
 599.11,  483.47,  348.28
 598.89,  601.79,   95.05
 599.05,  605.11,  220.00
 599.21,  608.43,  344.96
 723.69,  351.77,  101.53
 723.85,  355.09,  226.49
 724.01,  358.41,  351.44
 723.79,  476.73,   98.21
 723.95,  480.05,  223.17
 724.11,  483.37,  348.12
 723.89,  601.68,   94.89
 724.05,  605.00,  219.85
 724.21,  608.32,  344.80
 474.70,  350.03,  223.34
 471.12,  351.59,  348.27
 467.55,  353.15,  473.21
 473.98,  475.02,  221.76
 470.41,  476.58,  346.69
 466.83,  478.13,  471.63
 473.26,  600.00,  220.18
 469.69,  601.56,  345.11
 466.11,  603.12,  470.05
 599.65,  350.79,  226.90
 596.07,  352.35,  351.84
 592.50,  353.91,  476.78
 598.93,  475.78,  225.32
 595.35,  477.34,  350.26
 591.78,  478.90,  475.20
 598.21,  600.77,  223.74
 594.63,  602.33,  348.68
 591.06,  603.89,  473.62
 724.59,  351.56,  230.47
 721.02,  353.11,  355.41
 717.44,  354.67,  480.34
 723.87,  476.54,  228.89
 720.30,  478.10,  353.83
 716.72,  479.66,  478.76
 723.16,  601.53,  227.31
 719.58,  603.09,  352.25
 716.01,  604.65,  477.18
 476.73,  351.86,  349.85
 479.84,  351.36,  474.81
 482.95,  350.85,  599.77
 474.02,  476.83,  350.43
 477.13,  476.32,  475.39
 480.24,  475.82,  600.35
 471.31,  601.80,  351.00
 474.43,  601.29,  475.96
 477.54,  600.79,  600.92
 601.66,  354.58,  346.75
 604.77,  354.07,  471.71
 607.88,  353.57,  596.67
 598.95,  479.55,  347.33
 602.06,  479.04,  472.29
 605.18,  478.54,  597.25
 596.25,  604.52,  347.90
 599.36,  604.01,  472.86
 602.47,  603.51,  597.82
 726.59,  357.30,  343.65
 729.70,  356.79,  468.61
 732.81,  356.29,  593.57
 723.88,  482.27,  344.23
 727.00,  481.76,  469.19
 730.11,  481.26,  594.15
 721.18,  607.24,  344.80
 724.29,  606.73,  469.76
 727.40,  606.23,  594.72
 475.11,  349.99,  476.75
 475.33,  349.92,  601.75
 475.56,  349.84,  726.75
 474.22,  474.99,  476.83
 474.44,  474.91,  601.83
 474.67,  474.84,  726.83
 473.33,  599.99,  476.91
 473.55,  599.91,  601.91
 473.78,  599.83,  726.91
 600.10,  350.88,  476.53
 600.33,  350.81,  601.52
 600.56,  350.73,  726.52
 599.21,  475.88,  476.60
 599.44,  475.80,  601.60
 599.67,  475.73,  726.60
 598.32,  600.88,  476.68
 598.55,  600.80,  601.68
 598.78,  600.72,  726.68
 725.10,  351.77,  476.30
 725.33,  351.70,  601.30
 725.55,  351.62,  726.30
 724.21,  476.77,  476.38
 724.44,  476.69,  601.38
 724.66,  476.62,  726.38
 723.32,  601.77,  476.45
 723.55,  601.69,  601.45
 723.77,  601.62,  726.45
 476.81,  351.61,  600.92
 476.34,  350.57,  725.92
 475.87,  349.53,  850.91
 477.03,  476.60,  601.96
 476.56,  475.57,  726.96
 476.09,  474.53,  851.95
 477.25,  601.60,  603.00
 476.78,  600.56,  728.00
 476.31,  599.52,  852.99
 601.81,  351.38,  601.39
 601.34,  350.35,  726.39
 600.86,  349.31,  851.38
 602.03,  476.38,  602.43
 601.56,  475.34,  727.42
 601.08,  474.30,  852.42
 602.25,  601.38,  603.47
 601.77,  600.34,  728.46
 601.30,  599.30,  853.46
 726.80,  351.16,  601.86
 726.33,  350.12,  726.85
 725.86,  349.08,  851.85
 727.02,  476.16,  602.90
 726.55,  475.12,  727.89
 726.08,  474.08,  852.89
 727.24,  601.15,  603.94
 726.77,  600.11,  728.93
 726.30,  599.07,  853.93
 473.87,  475.90,   99.09
 475.57,  477.62,  224.06
 477.27,  479.34,  349.04
 476.65,  600.86,   97.33
 478.35,  602.57,  222.31
 480.05,  604.29,  347.28
 479.43,  725.81,   95.57
 481.13,  727.53,  220.55
 482.83,  729.25,  345.53
 598.83,  473.10,   97.42
 600.53,  474.82,  222.40
 602.23,  476.54,  347.38
 601.61,  598.05,   95.67
 603.31,  599.77,  220.64
 605.01,  601.49,  345.62
 604.39,  723.01,   93.91
 606.09,  724.73,  218.89
 607.79,  726.45,  343.86
 723.79,  470.29,   95.76
 725.49,  472.01,  220.74
 727.19,  473.73,  345.71
 726.56,  595.25,   94.00
 728.27,  596.97,  218.98
 729.97,  598.69,  343.96
 729.34,  720.21,   92.25
 731.05,  721.93,  217.22
 732.75,  723.65,  342.20
 473.99,  475.72,  224.76
 474.75,  478.06,  349.74
 475.50,  480.39,  474.71
 477.39,  600.65,  222.40
 478.15,  602.99,  347.38
 478.91,  605.33,  472.35
 480.80,  725.58,  220.04
 481.56,  727.92,  345.02
 482.31,  730.26,  470.00
 598.94,  472.30,  224.07
 599.70,  474.64,  349.04
 600.45,  476.98,  474.02
 602.35,  597.23,  221.71
 603.10,  599.57,  346.69
 603.86,  601.91,  471.66
 605.75,  722.16,  219.35
 606.51,  724.50,  344.33
 607.26,  726.84,  469.30
 723.89,  468.88,  223.37
 724.65,  471.22,  348.35
 725.41,  473.56,  473.33
 727.30,  593.81,  221.02
 728.05,  596.15,  345.99
 728.81,  598.49,  470.97
 730.70,  718.74,  218.66
 731.46,  721.08,  343.63
 732.22,  723.42,  468.61
 475.00,  473.71,  350.09
 475.57,  476.19,  475.06
 476.15,  478.66,  600.04
 476.14,  598.68,  347.61
 476.72,  601.16,  472.59
 477.29,  603.63,  597.56
 477.28,  723.65,  345.13
 477.86,  726.13,  470.11
 478.43,  728.60,  595.08
 599.99,  472.56,  349.54
 600.57,  475.04,  474.51
 601.14,  477.51,  599.49
 601.14,  597.53,  347.06
 601.71,  600.01,  472.04
 602.28,  602.48,  597.01
 602.28,  722.50,  344.58
 602.85,  724.98,  469.56
 603.42,  727.45,  594.53
 724.99,  471.41,  348.99
 725.56,  473.88,  473.96
 726.13,  476.36,  598.94
 726.13,  596.38,  346.51
 726.70,  598.85,  471.48
 727.28,  601.33,  596.46
 727.27,  721.35,  344.03
 727.84,  723.82,  469.01
 728.42,  726.30,  593.98
 474.71,  476.11,  476.53
 471.61,  477.88,  601.48
 468.52,  479.65,  726.43
 471.08,  601.04,  474.67
 467.99,  602.81,  599.62
 464.89,  604.58,  724.57
 467.45,  725.97,  472.81
 464.36,  727.74,  597.76
 461.27,  729.51,  722.71
 599.61,  479.78,  479.57
 596.52,  481.55,  604.52
 593.43,  483.32,  729.47
 595.99,  604.71,  477.71
 592.90,  606.48,  602.66
 589.80,  608.25,  727.61
 592.36,  729.65,  475.85
 589.27,  731.42,  600.80
 586.18,  733.19,  725.75
 724.52,  483.45,  482.61
 721.43,  485.22,  607.56
 718.34,  486.99,  732.51
 720.90,  608.39,  480.75
 717.80,  610.15,  605.70
 714.71,  611.92,  730.65
 717.27,  733.32,  478.89
 714.18,  735.09,  603.84
 711.08,  736.86,  728.79
 476.90,  474.63,  598.79
 475.02,  476.40,  723.76
 473.13,  478.17,  848.73
 473.66,  599.58,  596.97
 471.77,  601.35,  721.95
 469.89,  603.11,  846.92
 470.41,  724.52,  595.16
 468.53,  726.29,  720.13
 466.64,  728.06,  845.10
 601.84,  477.90,  600.63
 599.96,  479.67,  725.60
 598.08,  481.44,  850.57
 598.60,  602.85,  598.81
 596.72,  604.62,  723.78
 594.83,  606.38,  848.76
 595.36,  727.79,  596.99
 593.47,  729.56,  721.97
 591.59,  731.33,  846.94
 726.79,  481.17,  602.46
 724.90,  482.94,  727.44
 723.02,  484.71,  852.41
 723.54,  606.12,  600.65
 721.66,  607.89,  725.62
 719.78,  609.65,  850.59
 720.30,  731.06,  598.83
 718.42,  732.83,  723.80
 716.53,  734.60,  848.78
 474.78,  599.05,   98.33
 477.68,  600.01,  223.29
 480.58,  600.97,  348.25
 477.52,  724.02,   97.30
 480.42,  724.98,  222.26
 483.32,  725.94,  347.23
 480.27,  848.98,   96.28
 483.17,  849.94,  221.24
 486.06,  850.90,  346.20
 599.72,  596.28,   95.45
 602.62,  597.24,  220.41
 605.51,  598.20,  345.37
 602.46,  721.25,   94.42
 605.36,  722.21,  219.39
 608.26,  723.17,  344.35
 605.20,  846.22,   93.40
 608.10,  847.18,  218.36
 611.00,  848.14,  343.33
 724.65,  593.52,   92.57
 727.55,  594.48,  217.53
 730.45,  595.44,  342.50
 727.40,  718.48,   91.55
 730.30,  719.44,  216.51
 733.19,  720.40,  341.47
 730.14,  843.45,   90.52
 733.04,  844.41,  215.49
 735.94,  845.37,  340.45
 475.59,  599.98,  225.08
 475.84,  597.97,  350.07
 476.09,  595.96,  475.05
 472.76,  724.93,  227.10
 473.01,  722.92,  352.08
 473.27,  720.91,  477.06
 469.94,  849.88,  229.11
 470.19,  847.87,  354.09
 470.44,  845.87,  479.08
 600.56,  602.81,  224.88
 600.81,  600.80,  349.86
 601.06,  598.79,  474.84
 597.73,  727.76,  226.89
 597.98,  725.75,  351.87
 598.23,  723.74,  476.86
 594.91,  852.71,  228.91
 595.16,  850.70,  353.89
 595.41,  848.69,  478.87
 725.52,  605.63,  224.67
 725.77,  603.63,  349.66
 726.03,  601.62,  474.64
 722.70,  730.59,  226.69
 722.95,  728.58,  351.67
 723.20,  726.57,  476.65
 719.87,  855.54,  228.70
 720.13,  853.53,  353.68
 720.38,  851.52,  478.67
 476.09,  599.48,  351.83
 478.83,  596.53,  476.76
 481.57,  593.59,  601.70
 479.59,  724.40,  354.70
 482.33,  721.45,  479.63
 485.08,  718.51,  604.57
 483.09,  849.32,  357.57
 485.84,  846.37,  482.50
 488.58,  843.42,  607.44
 601.01,  596.04,  349.01
 603.75,  593.10,  473.94
 606.50,  590.15,  598.88
 604.51,  720.96,  351.87
 607.25,  718.01,  476.81
 610.00,  715.07,  601.75
 608.01,  845.88,  354.74
 610.76,  842.93,  479.68
 613.50,  839.98,  604.61
 725.93,  592.60,  346.18
 728.67,  589.66,  471.12
 731.42,  586.71,  596.05
 729.43,  717.52,  349.05
 732.18,  714.58,  473.99
 734.92,  711.63,  598.92
 732.94,  842.44,  351.92
 735.68,  839.49,  476.86
 738.42,  836.55,  601.79
 476.97,  599.31,  475.73
 474.92,  599.26,  600.71
 472.88,  599.21,  725.69
 474.86,  724.30,  475.74
 472.82,  724.25,  600.73
 470.78,  724.19,  725.71
 472.76,  849.28,  475.76
 470.71,  849.23,  600.74
 468.67,  849.18,  725.73
 601.93,  601.42,  477.77
 599.89,  601.37,  602.75
 597.85,  601.32,  727.74
 599.83,  726.40,  477.79
 597.79,  726.35,  602.77
 595.74,  726.30,  727.75
 597.72,  851.38,  477.80
 595.68,  851.33,  602.79
 593.64,  851.28,  727.77
 726.90,  603.52,  479.81
 724.86,  603.47,  604.80
 722.81,  603.42,  729.78
 724.79,  728.51,  479.83
 722.75,  728.45,  604.81
 720.71,  728.40,  729.80
 722.69,  853.49,  479.85
 720.65,  853.44,  604.83
 718.60,  853.39,  729.81
 475.98,  601.71,  602.00
 474.70,  604.69,  726.96
 473.43,  607.66,  851.92
 479.58,  726.63,  599.07
 478.30,  729.60,  724.02
 477.03,  732.57,  848.98
 483.18,  851.54,  596.13
 481.91,  854.51,  721.09
 480.63,  857.49,  846.05
 600.92,  598.14,  603.36
 599.64,  601.12,  728.32
 598.37,  604.09,  853.27
 604.52,  723.06,  600.42
 603.25,  726.03,  725.38
 601.97,  729.00,  850.34
 608.12,  847.97,  597.49
 606.85,  850.94,  722.45
 605.58,  853.91,  847.40
 725.86,  594.57,  604.72
 724.59,  597.54,  729.67
 723.31,  600.52,  854.63
 729.46,  719.49,  601.78
 728.19,  722.46,  726.74
 726.92,  725.43,  851.70
 733.06,  844.40,  598.85
 731.79,  847.37,  723.80
 730.52,  850.34,  848.76
 599.25,  101.91,   99.41
 598.67,  100.26,  224.40
 598.09,   98.60,  349.39
 601.11,  226.89,  101.08
 600.53,  225.23,  226.06
 599.95,  223.58,  351.05
 602.97,  351.86,  102.74
 602.39,  350.21,  227.73
 601.80,  348.55,  352.71
 724.24,  100.04,   99.97
 723.66,   98.39,  224.96
 723.07,   96.74,  349.95
 726.10,  225.02,  101.63
 725.51,  223.37,  226.62
 724.93,  221.71,  351.61
 727.95,  349.99,  103.30
 727.37,  348.34,  228.29
 726.79,  346.69,  353.27
 849.22,   98.18,  100.53
 848.64,   96.52,  225.52
 848.06,   94.87,  350.51
 851.08,  223.15,  102.19
 850.50,  221.50,  227.18
 849.92,  219.84,  352.17
 852.94,  348.13,  103.86
 852.36,  346.47,  228.84
 851.77,  344.82,  353.83
 600.50,   99.65,  226.87
 604.02,  102.08,  351.79
 607.55,  104.52,  476.72
 597.56,  224.59,  224.51
 601.09,  227.03,  349.44
 604.61,  229.46,  474.37
 594.63,  349.53,  222.16
 598.15,  351.97,  347.09
 601.68,  354.41,  472.01
 725.41,  102.51,  223.29
 728.94,  104.95,  348.22
 732.46,  107.39,  473.14
 722.48,  227.46,  220.93
 726.00,  229.89,  345.86
 729.53,  232.33,  470.79
 719.55,  352.40,  218.58
 723.07,  354.84,  343.51
 726.59,  357.27,  468.43
 850.33,  105.38,  219.71
 853.85,  107.82,  344.64
 857.38,  110.25,  469.56
 847.40,  230.32,  217.36
 850.92,  232.76,  342.28
 854.44,  235.20,  467.21
 844.46,  355.27,  215.00
 847.99,  357.70,  339.93
 851.51,  360.14,  464.86
 601.90,  100.70,  349.00
 603.38,   97.94,  473.96
 604.85,   95.19,  598.92
 600.42,  225.66,  351.77
 601.90,  222.91,  476.73
 603.37,  220.15,  601.69
 598.94,  350.62,  354.54
 600.41,  347.87,  479.50
 601.89,  345.11,  604.46
 726.88,  102.21,  347.55
 728.36,   99.46,  472.51
 729.84,   96.70,  597.47
 725.40,  227.17,  350.32
 726.88,  224.42,  475.28
 728.36,  221.67,  600.24
 723.92,  352.13,  353.09
 725.40,  349.38,  478.05
 726.87,  346.63,  603.02
 851.87,  103.73,  346.11
 853.34,  100.97,  471.07
 854.82,   98.22,  596.03
 850.38,  228.69,  348.88
 851.86,  225.93,  473.84
 853.34,  223.18,  598.80
 848.90,  353.65,  351.65
 850.38,  350.89,  476.61
 851.86,  348.14,  601.57
 599.69,  101.48,  476.60
 601.55,  100.82,  601.58
 603.41,  100.16,  726.56
 603.30,  226.43,  477.20
 605.16,  225.76,  602.19
 607.02,  225.10,  727.17
 606.90,  351.37,  477.81
 608.76,  350.71,  602.79
 610.63,  350.05,  727.78
 724.62,   97.88,  474.72
 726.48,   97.22,  599.70
 728.35,   96.56,  724.68
 728.23,  222.83,  475.32
 730.09,  222.17,  600.31
 731.95,  221.50,  725.29
 731.84,  347.77,  475.93
 733.70,  347.11,  600.91
 735.56,  346.45,  725.90
 849.56,   94.28,  472.84
 851.42,   93.62,  597.82
 853.28,   92.96,  722.80
 853.16,  219.23,  473.44
 855.03,  218.57,  598.43
 856.89,  217.91,  723.41
 856.77,  344.18,  474.05
 858.63,  343.51,  599.04
 860.49,  342.85,  724.02
 601.14,  100.41,  599.71
 600.47,  103.35,  724.67
 599.80,  106.29,  849.64
 600.31,  225.37,  596.77
 599.64,  228.31,  721.73
 598.97,  231.25,  846.69
 599.49,  350.34,  593.82
 598.82,  353.28,  718.79
 598.15,  356.22,  843.75
 726.13,  101.25,  600.36
 725.46,  104.19,  725.32
 724.79,  107.13,  850.29
 725.31,  226.21,  597.42
 724.64,  229.15,  722.38
 723.97,  232.10,  847.34
 724.49,  351.18,  594.47
 723.82,  354.12,  719.44
 723.15,  357.06,  844.40
 851.13,  102.09,  601.01
 850.46,  105.03,  725.97
 849.79,  107.97,  850.94
 850.31,  227.06,  598.07
 849.64,  230.00,  723.03
 848.97,  232.94,  847.99
 849.48,  352.02,  595.12
 848.81,  354.96,  720.09
 848.14,  357.90,  845.05
 601.70,  224.02,  101.43
 598.46,  224.86,  226.39
 595.22,  225.69,  351.34
 600.33,  349.01,  100.56
 597.09,  349.85,  225.52
 593.85,  350.68,  350.47
 598.97,  474.00,   99.69
 595.73,  474.84,  224.65
 592.49,  475.67,  349.60
 726.65,  225.41,  104.66
 723.41,  226.24,  229.62
 720.17,  227.08,  354.57
 725.28,  350.40,  103.79
 722.04,  351.23,  228.74
 718.80,  352.07,  353.70
 723.92,  475.39,  102.92
 720.68,  476.22,  227.87
 717.44,  477.06,  352.83
 851.60,  226.79,  107.89
 848.36,  227.63,  232.84
 845.12,  228.46,  357.80
 850.23,  351.78,  107.02
 846.99,  352.62,  231.97
 843.76,  353.45,  356.93
 848.87,  476.77,  106.15
 845.63,  477.61,  231.10
 842.39,  478.44,  356.06
 599.54,  225.06,  224.00
 601.82,  226.94,  348.96
 604.09,  228.82,  473.93
 599.13,  350.04,  222.12
 601.40,  351.93,  347.09
 603.68,  353.81,  472.05
 598.71,  475.03,  220.25
 600.99,  476.91,  345.21
 603.27,  478.79,  470.18
 724.52,  225.44,  221.71
 726.80,  227.32,  346.68
 729.07,  229.20,  471.64
 724.10,  350.42,  219.84
 726.38,  352.31,  344.81
 728.66,  354.19,  469.77
 723.69,  475.41,  217.97
 725.97,  477.29,  342.93
 728.24,  479.17,  467.90
 849.50,  225.82,  219.43
 851.77,  227.70,  344.40
 854.05,  229.58,  469.36
 849.08,  350.80,  217.56
 851.36,  352.68,  342.52
 853.64,  354.57,  467.49
 848.67,  475.79,  215.68
 850.95,  477.67,  340.65
 853.22,  479.55,  465.61
 598.48,  223.58,  348.25
 602.06,  225.86,  473.18
 605.65,  228.13,  598.10
 596.82,  348.55,  346.02
 600.41,  350.82,  470.95
 604.00,  353.10,  595.88
 595.16,  473.52,  343.79
 598.75,  475.79,  468.72
 602.34,  478.07,  593.65
 723.41,  225.17,  344.63
 727.00,  227.45,  469.56
 730.59,  229.72,  594.49
 721.76,  350.14,  342.40
 725.35,  352.41,  467.33
 728.93,  354.69,  592.26
 720.10,  475.11,  340.17
 723.69,  477.38,  465.10
 727.28,  479.66,  590.03
 848.35,  226.76,  341.01
 851.94,  229.04,  465.94
 855.53,  231.31,  590.87
 846.70,  351.73,  338.78
 850.28,  354.01,  463.71
 853.87,  356.28,  588.64
 845.04,  476.70,  336.56
 848.63,  478.97,  461.48
 852.22,  481.25,  586.41
 599.98,  224.06,  474.00
 603.44,  224.51,  598.95
 606.89,  224.97,  723.90
 599.63,  349.06,  473.55
 603.08,  349.51,  598.50
 606.54,  349.97,  723.45
 599.27,  474.05,  473.10
 602.73,  474.51,  598.05
 606.18,  474.97,  723.00
 724.93,  224.40,  470.54
 728.39,  224.86,  595.49
 731.84,  225.31,  720.44
 724.58,  349.40,  470.09
 728.03,  349.85,  595.04
 731.49,  350.31,  720.00
 724.22,  474.40,  469.64
 727.68,  474.85,  594.60
 731.14,  475.31,  719.55
 849.88,  224.74,  467.08
 853.34,  225.20,  592.03
 856.79,  225.65,  716.99
 849.53,  349.74,  466.64
 852.99,  350.19,  591.59
 856.44,  350.65,  716.54
 849.18,  474.74,  466.19
 852.63,  475.19,  591.14
 856.09,  475.65,  716.09
 598.29,  224.90,  601.46
 597.67,  227.80,  726.43
 597.05,  230.70,  851.39
 599.90,  349.85,  598.57
 599.28,  352.76,  723.53
 598.66,  355.66,  848.50
 601.50,  474.81,  595.67
 600.88,  477.71,  720.64
 600.26,  480.62,  845.60
 723.28,  223.31,  602.12
 722.66,  226.21,  727.08
 722.04,  229.11,  852.05
 724.89,  348.26,  599.23
 724.26,  351.17,  724.19
 723.64,  354.07,  849.15
 726.49,  473.22,  596.33
 725.87,  476.12,  721.30
 725.25,  479.03,  846.26
 848.27,  221.72,  602.78
 847.65,  224.62,  727.74
 847.03,  227.52,  852.71
 849.87,  346.67,  599.88
 849.25,  349.58,  724.85
 848.63,  352.48,  849.81
 851.48,  471.63,  596.99
 850.86,  474.53,  721.95
 850.24,  477.44,  846.92
 601.45,  351.96,   99.37
 598.62,  355.10,  224.30
 595.80,  358.25,  349.23
 604.87,  476.87,   96.30
 602.04,  480.02,  221.23
 599.22,  483.17,  346.16
 608.29,  601.79,   93.23
 605.46,  604.94,  218.16
 602.64,  608.08,  343.09
 726.37,  348.61,  102.28
 723.54,  351.75,  227.21
 720.72,  354.90,  352.14
 729.79,  473.52,   99.21
 726.96,  476.67,  224.14
 724.14,  479.82,  349.07
 733.21,  598.44,   96.14
 730.39,  601.59,  221.07
 727.56,  604.73,  346.00
 851.29,  345.26,  105.19
 848.46,  348.40,  230.12
 845.64,  351.55,  355.05
 854.71,  470.17,  102.12
 851.88,  473.32,  227.05
 849.06,  476.47,  351.98
 858.13,  595.09,   99.05
 855.31,  598.24,  223.98
 852.48,  601.38,  348.91
 599.89,  350.41,  224.19
 600.31,  347.66,  349.16
 600.74,  344.92,  474.13
 602.98,  475.35,  226.93
 603.40,  472.60,  351.90
 603.83,  469.85,  476.87
 606.07,  600.28,  229.67
 606.50,  597.53,  354.64
 606.92,  594.78,  479.61
 724.85,  347.33,  223.70
 725.27,  344.58,  348.67
 725.70,  341.83,  473.64
 727.94,  472.26,  226.44
 728.37,  469.51,  351.41
 728.79,  466.77,  476.38
 731.03,  597.20,  229.17
 731.46,  594.45,  354.14
 731.88,  591.70,  479.11
 849.81,  344.25,  223.21
 850.23,  341.50,  348.18
 850.66,  338.75,  473.14
 852.90,  469.18,  225.94
 853.33,  466.43,  350.91
 853.75,  463.68,  475.88
 855.99,  594.11,  228.68
 856.42,  591.37,  353.65
 856.84,  588.62,  478.62
 598.11,  348.61,  349.40
 598.90,  347.35,  474.39
 599.69,  346.08,  599.38
 597.90,  473.61,  350.66
 598.69,  472.34,  475.66
 599.48,  471.07,  600.65
 597.69,  598.60,  351.93
 598.48,  597.33,  476.92
 599.27,  596.07,  601.91
 723.10,  348.83,  348.61
 723.89,  347.56,  473.60
 724.68,  346.30,  598.59
 722.90,  473.82,  349.88
 723.69,  472.56,  474.87
 724.47,  471.29,  599.86
 722.69,  598.82,  351.14
 723.48,  597.55,  476.13
 724.27,  596.29,  601.13
 848.10,  349.05,  347.82
 848.89,  347.78,  472.81
 849.68,  346.52,  597.80
 847.89,  474.04,  349.09
 848.68,  472.78,  474.08
 849.47,  471.51,  599.07
 847.68,  599.03,  350.36
 848.47,  597.77,  475.35
 849.26,  596.50,  600.34
 601.65,  351.31,  475.29
 601.19,  350.87,  600.29
 600.73,  350.43,  725.29
 602.65,  476.30,  475.73
 602.19,  475.87,  600.73
 601.73,  475.43,  725.73
 603.66,  601.30,  476.17
 603.20,  600.86,  601.17
 602.74,  600.42,  726.17
 726.64,  350.30,  475.74
 726.19,  349.86,  600.74
 725.73,  349.43,  725.74
 727.65,  475.30,  476.19
 727.19,  474.86,  601.18
 726.73,  474.42,  726.18
 728.65,  600.29,  476.63
 728.19,  599.86,  601.63
 727.73,  599.42,  726.63
 851.64,  349.30,  476.20
 851.18,  348.86,  601.20
 850.72,  348.42,  726.20
 852.64,  474.29,  476.64
 852.18,  473.85,  601.64
 851.73,  473.42,  726.64
 853.65,  599.29,  477.08
 853.19,  598.85,  602.08
 852.73,  598.41,  727.08
 601.09,  351.61,  601.04
 601.97,  352.13,  726.04
 602.86,  352.66,  851.04
 602.74,  476.60,  600.51
 603.62,  477.12,  725.51
 604.51,  477.65,  850.50
 604.39,  601.59,  599.97
 605.27,  602.11,  724.97
 606.16,  602.63,  849.97
 726.08,  349.96,  600.17
 726.96,  350.48,  725.16
 727.84,  351.00,  850.16
 727.73,  474.95,  599.63
 728.61,  475.47,  724.63
 729.49,  475.99,  849.62
 729.38,  599.93,  599.10
 730.26,  600.46,  724.09
 731.14,  600.98,  849.09
 851.06,  348.30,  599.29
 851.95,  348.83,  724.28
 852.83,  349.35,  849.28
 852.71,  473.29,  598.75
 853.60,  473.82,  723.75
 854.48,  474.34,  848.75
 854.36,  598.28,  598.22
 855.25,  598.80,  723.21
 856.13,  599.33,  848.21
 601.90,  474.42,  100.57
 599.28,  473.21,  225.54
 596.66,  472.00,  350.51
 602.76,  599.41,  101.80
 600.14,  598.20,  226.77
 597.52,  596.99,  351.74
 603.62,  724.40,  103.03
 601.00,  723.19,  228.00
 598.38,  721.98,  352.96
 726.87,  473.53,  103.19
 724.25,  472.32,  228.15
 721.63,  471.11,  353.12
 727.73,  598.53,  104.41
 725.11,  597.32,  229.38
 722.49,  596.10,  354.35
 728.59,  723.52,  105.64
 725.97,  722.31,  230.61
 723.35,  721.10,  355.58
 851.84,  472.65,  105.80
 849.22,  471.44,  230.77
 846.60,  470.23,  355.73
 852.70,  597.64,  107.03
 850.08,  596.43,  231.99
 847.46,  595.22,  356.96
 853.56,  722.63,  108.26
 850.94,  721.42,  233.22
 848.32,  720.21,  358.19
 601.09,  474.05,  224.36
 603.77,  470.84,  349.29
 606.44,  467.63,  474.22
 598.30,  598.98,  227.63
 600.97,  595.77,  352.56
 603.64,  592.56,  477.49
 595.50,  723.90,  230.90
 598.17,  720.69,  355.83
 600.85,  717.48,  480.76
 726.03,  476.91,  221.76
 728.71,  473.70,  346.69
 731.38,  470.49,  471.62
 723.24,  601.84,  225.03
 725.91,  598.63,  349.96
 728.58,  595.42,  474.89
 720.44,  726.77,  228.30
 723.11,  723.56,  353.23
 725.79,  720.35,  478.16
 850.97,  479.78,  219.16
 853.65,  476.57,  344.09
 856.32,  473.36,  469.02
 848.18,  604.70,  222.43
 850.85,  601.49,  347.36
 853.52,  598.28,  472.29
 845.38,  729.63,  225.70
 848.05,  726.42,  350.63
 850.73,  723.21,  475.56
 601.40,  476.49,  351.99
 600.58,  474.81,  476.98
 599.75,  473.13,  601.96
 598.94,  601.46,  353.65
 598.12,  599.78,  478.64
 597.29,  598.10,  603.63
 596.48,  726.42,  355.32
 595.66,  724.74,  480.30
 594.83,  723.06,  605.29
 726.38,  478.94,  352.85
 725.55,  477.26,  477.84
 724.73,  475.58,  602.82
 723.92,  603.91,  354.51
 723.09,  602.22,  479.50
 722.26,  600.54,  604.48
 721.45,  728.87,  356.18
 720.63,  727.19,  481.16
 719.80,  725.51,  606.15
 851.35,  481.39,  353.71
 850.52,  479.71,  478.69
 849.70,  478.03,  603.68
 848.89,  606.35,  355.37
 848.06,  604.67,  480.36
 847.24,  602.99,  605.34
 846.43,  731.32,  357.03
 845.60,  729.64,  482.02
 844.78,  727.96,  607.01
 600.42,  473.43,  474.71
 603.31,  471.51,  599.67
 606.21,  469.59,  724.62
 599.32,  598.41,  476.66
 602.21,  596.49,  601.61
 605.11,  594.57,  726.56
 598.22,  723.39,  478.61
 601.11,  721.47,  603.56
 604.01,  719.55,  728.51
 725.38,  474.58,  471.84
 728.27,  472.65,  596.79
 731.17,  470.73,  721.74
 724.28,  599.56,  473.78
 727.17,  597.63,  598.73
 730.07,  595.71,  723.69
 723.18,  724.54,  475.73
 726.07,  722.62,  600.68
 728.97,  720.69,  725.63
 850.34,  475.72,  468.96
 853.23,  473.80,  593.91
 856.13,  471.88,  718.86
 849.24,  600.70,  470.90
 852.14,  598.78,  595.85
 855.03,  596.86,  720.81
 848.14,  725.68,  472.85
 851.04,  723.76,  597.80
 853.93,  721.84,  722.75
 598.88,  474.14,  599.34
 601.41,  475.34,  724.31
 603.94,  476.53,  849.28
 601.66,  599.10,  598.09
 604.19,  600.30,  723.06
 606.72,  601.50,  848.02
 604.45,  724.06,  596.83
 606.97,  725.26,  721.80
 609.50,  726.46,  846.77
 723.83,  471.33,  596.84
 726.35,  472.53,  721.81
 728.88,  473.73,  846.78
 726.61,  596.29,  595.59
 729.14,  597.49,  720.56
 731.66,  598.69,  845.52
 729.39,  721.26,  594.33
 731.92,  722.46,  719.30
 734.44,  723.65,  844.27
 848.77,  468.53,  594.34
 851.30,  469.72,  719.31
 853.82,  470.92,  844.28
 851.55,  593.49,  593.09
 854.08,  594.69,  718.05
 856.61,  595.88,  843.02
 854.33,  718.45,  591.83
 856.86,  719.65,  716.80
 859.39,  720.85,  841.77
 601.44,  599.72,   98.21
 599.64,  601.75,  223.18
 597.83,  603.77,  348.15
 604.88,  724.66,   96.23
 603.08,  726.69,  221.21
 601.27,  728.71,  346.18
 608.32,  849.60,   94.26
 606.51,  851.62,  219.23
 604.71,  853.65,  344.20
 726.38,  596.31,  100.07
 724.58,  598.34,  225.04
 722.77,  600.36,  350.01
 729.82,  721.25,   98.09
 728.01,  723.27,  223.06
 726.21,  725.30,  348.04
 733.26,  846.19,   96.12
 731.45,  848.21,  221.09
 729.65,  850.24,  346.06
 851.32,  592.90,  101.93
 849.52,  594.93,  226.90
 847.71,  596.95,  351.87
 854.76,  717.84,   99.95
 852.95,  719.86,  224.92
 851.15,  721.89,  349.90
 858.20,  842.78,   97.98
 856.39,  844.80,  222.95
 854.59,  846.83,  347.92
 598.67,  600.26,  223.07
 600.36,  598.61,  348.05
 602.05,  596.96,  473.02
 599.74,  725.24,  224.70
 601.43,  723.59,  349.68
 603.12,  721.94,  474.66
 600.81,  850.23,  226.34
 602.50,  848.58,  351.32
 604.19,  846.93,  476.30
 723.65,  599.21,  221.37
 725.34,  597.56,  346.34
 727.03,  595.91,  471.32
 724.73,  724.20,  223.00
 726.41,  722.54,  347.98
 728.10,  720.89,  472.96
 725.80,  849.18,  224.64
 727.49,  847.53,  349.61
 729.18,  845.88,  474.59
 848.64,  598.16,  219.66
 850.33,  596.51,  344.64
 852.02,  594.86,  469.62
 849.71,  723.15,  221.30
 851.40,  721.50,  346.27
 853.09,  719.85,  471.25
 850.78,  848.13,  222.93
 852.47,  846.48,  347.91
 854.16,  844.83,  472.89
 601.69,  601.01,  351.31
 600.45,  602.14,  476.30
 599.21,  603.27,  601.29
 604.93,  725.97,  350.21
 603.69,  727.10,  475.20
 602.46,  728.23,  600.19
 608.18,  850.92,  349.11
 606.94,  852.05,  474.10
 605.70,  853.18,  599.09
 726.64,  597.78,  352.58
 725.40,  598.91,  477.57
 724.16,  600.04,  602.55
 729.88,  722.73,  351.48
 728.65,  723.86,  476.47
 727.41,  724.99,  601.46
 733.13,  847.69,  350.38
 731.89,  848.82,  475.37
 730.65,  849.95,  600.36
 851.59,  594.55,  353.84
 850.35,  595.68,  478.83
 849.12,  596.81,  603.82
 854.84,  719.50,  352.75
 853.60,  720.63,  477.74
 852.36,  721.76,  602.72
 858.08,  844.45,  351.65
 856.84,  845.58,  476.64
 855.60,  846.72,  601.63
 599.70,  600.10,  474.30
 600.83,  599.01,  599.29
 601.97,  597.92,  724.28
 601.77,  725.08,  475.37
 602.91,  723.99,  600.36
 604.04,  722.89,  725.35
 603.84,  850.06,  476.45
 604.98,  848.97,  601.44
 606.11,  847.87,  726.43
 724.68,  598.04,  473.15
 725.81,  596.95,  598.14
 726.95,  595.85,  723.13
 726.75,  723.02,  474.22
 727.88,  721.93,  599.21
 729.02,  720.83,  724.20
 728.82,  848.00,  475.29
 729.95,  846.90,  600.28
 731.09,  845.81,  725.27
 849.65,  595.98,  471.99
 850.79,  594.89,  596.98
 851.93,  593.79,  721.97
 851.73,  720.96,  473.07
 852.86,  719.86,  598.06
 854.00,  718.77,  723.05
 853.80,  845.94,  474.14
 854.93,  844.84,  599.13
 856.07,  843.75,  724.12
 601.02,  600.78,  600.25
 598.59,  598.02,  725.20
 596.16,  595.27,  850.14
 598.39,  725.72,  602.95
 595.96,  722.96,  727.90
 593.52,  720.21,  852.84
 595.76,  850.66,  605.65
 593.32,  847.91,  730.60
 590.89,  845.15,  855.55
 725.97,  603.35,  602.74
 723.54,  600.60,  727.69
 721.10,  597.85,  852.63
 723.34,  728.30,  605.44
 720.90,  725.54,  730.39
 718.47,  722.79,  855.33
 720.71,  853.24,  608.14
 718.27,  850.49,  733.09
 715.84,  847.73,  858.04
 850.92,  605.93,  605.23
 848.49,  603.18,  730.17
 846.05,  600.43,  855.12
 848.29,  730.88,  607.93
 845.85,  728.12,  732.88
 843.42,  725.37,  857.82
 845.65,  855.82,  610.63
 843.22,  853.07,  735.58
 840.79,  850.31,  860.53