27, 125, pa2-debug-d-output1.txt
  197.08,   202.27,   209.02
  402.59,   394.39,   204.58
   99.23,    99.28,   101.07
  101.75,    97.79,   226.04
  104.27,    96.29,   351.00
   97.96,   224.27,   102.59
  100.48,   222.77,   227.56
  103.00,   221.28,   352.52
   96.69,   349.25,   104.11
   99.21,   347.76,   229.08
  101.73,   346.26,   354.04
  224.20,   100.58,    98.56
  226.72,    99.09,   223.53
  229.24,    97.59,   348.50
  222.93,   225.57,   100.09
  225.45,   224.07,   225.05
  227.97,   222.58,   350.02
  221.66,   350.55,   101.61
  224.18,   349.06,   226.57
  226.70,   347.56,   351.54
  349.17,   101.88,    96.06
  351.69,   100.39,   221.02
  354.21,    98.89,   345.99
  347.90,   226.87,    97.58
  350.42,   225.37,   222.54
  352.94,   223.88,   347.51
  346.63,   351.85,    99.10
  349.15,   350.36,   224.07
  351.67,   348.86,   349.03
   99.56,   101.54,   224.98
  101.01,   101.10,   349.97
  102.46,   100.67,   474.96
   98.15,   226.53,   225.43
   99.60,   226.09,   350.43
  101.05,   225.66,   475.42
   96.74,   351.52,   225.89
   98.19,   351.09,   350.88
   99.64,   350.65,   475.87
  224.54,   102.95,   223.54
  225.99,   102.52,   348.53
  227.44,   102.08,   473.52
  223.13,   227.94,   223.99
  224.58,   227.51,   348.98
  226.03,   227.07,   473.97
  221.73,   352.93,   224.44
  223.18,   352.50,   349.43
  224.63,   352.06,   474.42
  349.53,   104.36,   222.09
  350.98,   103.93,   347.08
  352.43,   103.49,   472.08
  348.12,   229.36,   222.55
  349.57,   228.92,   347.54
  351.02,   228.49,   472.53
  346.71,   354.35,   223.00
  348.16,   353.91,   347.99
  349.61,   353.48,   472.98
   99.26,    99.44,   351.19
  101.91,   101.93,   476.14
  104.57,   104.41,   601.09
  101.56,   224.40,   348.66
  104.22,   226.88,   473.61
  106.87,   229.37,   598.55
  103.86,   349.35,   346.12
  106.52,   351.84,   471.07
  109.17,   354.32,   596.02
  224.21,    97.09,   348.59
  226.86,    99.57,   473.53
  229.52,   102.06,   598.48
  226.51,   222.04,   346.05
  229.17,   224.53,   471.00
  231.82,   227.01,   595.95
  228.81,   347.00,   343.52
  231.47,   349.48,   468.46
  234.12,   351.97,   593.41
  349.16,    94.73,   345.98
  351.81,    97.22,   470.93
  354.47,    99.70,   595.87
  351.46,   219.69,   343.44
  354.12,   222.17,   468.39
  356.77,   224.66,   593.34
  353.77,   344.64,   340.91
  356.42,   347.13,   465.86
  359.07,   349.61,   590.81
  100.48,    98.95,   475.55
   98.34,    98.28,   600.53
   96.20,    97.60,   725.51
  100.83,   223.95,   476.23
   98.69,   223.28,   601.21
   96.55,   222.60,   726.19
  101.18,   348.95,   476.91
   99.04,   348.27,   601.89
   96.91,   347.60,   726.87
  225.46,    98.59,   477.68
  223.32,    97.91,   602.66
  221.18,    97.24,   727.64
  225.81,   223.59,   478.36
  223.67,   222.91,   603.34
  221.53,   222.24,   728.32
  226.16,   348.59,   479.05
  224.02,   347.91,   604.03
  221.89,   347.23,   729.01
  350.44,    98.23,   479.82
  348.30,    97.55,   604.80
  346.16,    96.87,   729.78
  350.79,   223.22,   480.50
  348.65,   222.55,   605.48
  346.52,   221.87,   730.46
  351.14,   348.22,   481.18
  349.01,   347.55,   606.16
  346.87,   346.87,   731.14
   99.60,    99.83,   600.00
  100.75,   101.69,   724.98
  101.89,   103.55,   849.96
  100.80,   224.81,   598.12
  101.94,   226.67,   723.11
  103.09,   228.53,   848.09
  101.99,   349.79,   596.25
  103.14,   351.65,   721.23
  104.29,   353.51,   846.21
  224.59,    98.61,   598.87
  225.73,   100.47,   723.85
  226.88,   102.34,   848.83
  225.78,   223.59,   597.00
  226.93,   225.45,   721.98
  228.08,   227.32,   846.96
  226.98,   348.57,   595.12
  228.13,   350.44,   720.10
  229.28,   352.30,   845.08
  349.58,    97.40,   597.74
  350.72,    99.26,   722.72
  351.87,   101.12,   847.70
  350.77,   222.38,   595.87
  351.92,   224.24,   720.85
  353.07,   226.10,   845.83
  351.97,   347.36,   593.99
  353.12,   349.22,   718.97
  354.26,   351.08,   843.96
   99.32,   224.18,   101.27
   97.16,   224.89,   226.25
   95.00,   225.59,   351.23
  101.59,   349.16,   100.61
   99.42,   349.87,   225.59
   97.26,   350.57,   350.57
  103.85,   474.14,    99.94
  101.69,   474.84,   224.92
   99.52,   475.55,   349.90
  224.28,   221.93,   103.45
  222.12,   222.64,   228.43
  219.96,   223.34,   353.41
  226.55,   346.91,   102.78
  224.38,   347.61,   227.76
  222.22,   348.32,   352.74
  228.81,   471.89,   102.12
  226.65,   472.59,   227.10
  224.49,   473.29,   352.08
  349.25,   219.68,   105.62
  347.08,   220.38,   230.60
  344.92,   221.09,   355.58
  351.51,   344.66,   104.96
  349.35,   345.36,   229.94
  347.18,   346.06,   354.92
  353.77,   469.63,   104.29
  351.61,   470.34,   229.27
  349.45,   471.04,   354.25
  100.09,   223.84,   223.75
  101.49,   222.57,   348.74
  102.90,   221.31,   473.72
  101.78,   348.82,   225.00
  103.19,   347.56,   349.98
  104.60,   346.29,   474.97
  103.48,   473.80,   226.24
  104.89,   472.54,   351.23
  106.30,   471.27,   476.21
  225.07,   222.15,   222.32
  226.47,   220.89,   347.31
  227.88,   219.62,   472.30
  226.76,   347.14,   223.57
  228.17,   345.87,   348.56
  229.58,   344.61,   473.54
  228.46,   472.12,   224.82
  229.87,   470.85,   349.80
  231.28,   469.59,   474.79
  350.05,   220.47,   220.90
  351.46,   219.21,   345.89
  352.86,   217.94,   470.87
  351.74,   345.45,   222.15
  353.15,   344.19,   347.13
  354.56,   342.92,   472.12
  353.44,   470.44,   223.39
  354.85,   469.17,   348.38
  356.26,   467.91,   473.36
   99.16,   226.24,   349.64
  102.33,   229.52,   474.56
  105.50,   232.80,   599.48
   96.02,   351.16,   346.44
   99.19,   354.44,   471.36
  102.36,   357.72,   596.28
   92.87,   476.08,   343.24
   96.04,   479.36,   468.16
   99.21,   482.64,   593.08
  224.08,   229.31,   346.40
  227.25,   232.58,   471.31
  230.42,   235.86,   596.23
  220.94,   354.22,   343.20
  224.11,   357.50,   468.11
  227.28,   360.78,   593.03
  217.79,   479.14,   340.00
  220.96,   482.42,   464.91
  224.13,   485.70,   589.83
  349.00,   232.37,   343.15
  352.17,   235.65,   468.06
  355.34,   238.93,   592.98
  345.86,   357.29,   339.95
  349.03,   360.57,   464.86
  352.20,   363.85,   589.78
  342.71,   482.21,   336.75
  345.88,   485.49,   461.66
  349.05,   488.77,   586.58
  101.78,   223.51,   476.14
   98.86,   220.78,   601.08
   95.94,   218.06,   726.01
  103.63,   348.46,   478.91
  100.71,   345.74,   603.85
   97.79,   343.01,   728.78
  105.48,   473.42,   481.68
  102.56,   470.69,   606.62
   99.64,   467.97,   731.55
  226.73,   221.59,   479.02
  223.81,   218.87,   603.96
  220.89,   216.14,   728.89
  228.58,   346.55,   481.79
  225.66,   343.82,   606.73
  222.74,   341.10,   731.66
  230.43,   471.50,   484.56
  227.51,   468.78,   609.50
  224.59,   466.05,   734.43
  351.68,   219.68,   481.90
  348.76,   216.95,   606.84
  345.84,   214.23,   731.77
  353.53,   344.63,   484.67
  350.61,   341.91,   609.61
  347.69,   339.18,   734.54
  355.38,   469.59,   487.44
  352.46,   466.86,   612.37
  349.54,   464.14,   737.31
  100.29,   223.14,   601.17
  103.46,   223.09,   726.13
  106.63,   223.04,   851.09
  101.49,   348.13,   601.19
  104.66,   348.08,   726.14
  107.83,   348.04,   851.10
  102.68,   473.13,   601.20
  105.85,   473.08,   726.16
  109.02,   473.03,   851.12
  225.25,   221.95,   598.00
  228.42,   221.90,   722.96
  231.59,   221.85,   847.92
  226.44,   346.94,   598.01
  229.61,   346.89,   722.97
  232.78,   346.85,   847.93
  227.63,   471.93,   598.03
  230.80,   471.89,   722.99
  233.97,   471.84,   847.95
  350.20,   220.75,   594.83
  353.37,   220.71,   719.79
  356.54,   220.66,   844.75
  351.39,   345.75,   594.84
  354.56,   345.70,   719.80
  357.73,   345.66,   844.76
  352.59,   470.74,   594.86
  355.76,   470.70,   719.82
  358.93,   470.65,   844.78
   99.06,   349.29,    98.45
   96.14,   351.66,   223.39
   93.22,   354.02,   348.33
   96.51,   474.24,    96.02
   93.60,   476.61,   220.96
   90.68,   478.98,   345.90
   93.97,   599.19,    93.59
   91.05,   601.56,   218.53
   88.13,   603.93,   343.47
  224.00,   351.88,   101.32
  221.08,   354.25,   226.26
  218.16,   356.62,   351.20
  221.45,   476.83,    98.89
  218.54,   479.20,   223.83
  215.62,   481.57,   348.77
  218.91,   601.78,    96.46
  215.99,   604.15,   221.40
  213.07,   606.52,   346.34
  348.94,   354.48,   104.18
  346.02,   356.85,   229.13
  343.10,   359.22,   354.07
  346.39,   479.43,   101.76
  343.48,   481.80,   226.70
  340.56,   484.17,   351.64
  343.85,   604.38,    99.33
  340.93,   606.75,   224.27
  338.01,   609.12,   349.21
   98.02,   351.98,   223.01
   95.12,   354.69,   347.94
   92.21,   357.40,   472.88
   96.48,   476.94,   220.26
   93.58,   479.65,   345.20
   90.67,   482.36,   470.14
   94.94,   601.90,   217.52
   92.04,   604.61,   342.46
   89.13,   607.32,   467.40
  222.98,   353.59,   225.88
  220.07,   356.29,   350.82
  217.17,   359.00,   475.75
  221.44,   478.55,   223.14
  218.53,   481.25,   348.07
  215.63,   483.96,   473.01
  219.90,   603.51,   220.39
  216.99,   606.21,   345.33
  214.09,   608.92,   470.27
  347.94,   355.19,   228.75
  345.03,   357.90,   353.69
  342.12,   360.60,   478.63
  346.40,   480.15,   226.01
  343.49,   482.86,   350.95
  340.58,   485.56,   475.88
  344.86,   605.11,   223.27
  341.95,   607.82,   348.20
  339.04,   610.52,   473.14
   99.56,   350.91,   349.06
   97.40,   349.57,   474.03
   95.24,   348.22,   599.01
  100.61,   475.90,   350.42
   98.45,   474.55,   475.39
   96.29,   473.21,   600.37
  101.66,   600.89,   351.78
   99.50,   599.54,   476.76
   97.34,   598.20,   601.73
  224.53,   349.84,   351.21
  222.38,   348.49,   476.18
  220.22,   347.15,   601.15
  225.58,   474.82,   352.57
  223.43,   473.48,   477.54
  221.27,   472.14,   602.52
  226.63,   599.81,   353.93
  224.48,   598.47,   478.90
  222.32,   597.13,   603.88
  349.51,   348.76,   353.35
  347.35,   347.42,   478.33
  345.19,   346.08,   603.30
  350.56,   473.75,   354.71
  348.40,   472.41,   479.69
  346.24,   471.06,   604.66
  351.61,   598.74,   356.08
  349.45,   597.39,   481.05
  347.29,   596.05,   606.02
  101.32,   350.56,   475.54
  103.21,   353.20,   600.50
  105.09,   355.85,   725.45
  103.23,   475.52,   472.86
  105.11,   478.16,   597.82
  106.99,   480.81,   722.78
  105.13,   600.47,   470.19
  107.01,   603.12,   595.15
  108.89,   605.76,   720.11
  226.30,   348.62,   473.69
  228.18,   351.26,   598.65
  230.06,   353.91,   723.61
  228.20,   473.57,   471.02
  230.08,   476.22,   595.98
  231.96,   478.86,   720.94
  230.10,   598.53,   468.35
  231.98,   601.18,   593.31
  233.87,   603.82,   718.26
  351.27,   346.68,   471.85
  353.15,   349.32,   596.81
  355.03,   351.97,   721.77
  353.17,   471.63,   469.18
  355.05,   474.28,   594.14
  356.94,   476.92,   719.09
  355.07,   596.59,   466.50
  356.95,   599.24,   591.46
  358.84,   601.88,   716.42
   99.88,   348.70,   601.25
   98.49,   351.38,   726.22
   97.10,   354.07,   851.18
   99.49,   473.67,   598.56
   98.10,   476.35,   723.52
   96.70,   479.04,   848.49
   99.09,   598.64,   595.87
   97.70,   601.32,   720.83
   96.31,   604.01,   845.80
  224.87,   349.12,   602.64
  223.48,   351.81,   727.60
  222.09,   354.50,   852.56
  224.48,   474.09,   599.94
  223.09,   476.78,   724.91
  221.70,   479.47,   849.87
  224.08,   599.06,   597.25
  222.69,   601.75,   722.21
  221.30,   604.44,   847.18
  349.87,   349.55,   604.02
  348.48,   352.24,   728.98
  347.08,   354.93,   853.94
  349.47,   474.52,   601.33
  348.08,   477.21,   726.29
  346.69,   479.90,   851.25
  349.07,   599.49,   598.63
  347.68,   602.18,   723.60
  346.29,   604.87,   848.56
  101.09,   475.31,    99.76
   98.70,   475.43,   224.73
   96.32,   475.55,   349.71
  101.64,   600.31,    99.65
   99.25,   600.43,   224.62
   96.87,   600.55,   349.60
  102.19,   725.31,    99.54
   99.80,   725.43,   224.52
   97.42,   725.55,   349.49
  226.07,   474.76,   102.14
  223.68,   474.88,   227.12
  221.29,   475.00,   352.10
  226.62,   599.76,   102.03
  224.23,   599.88,   227.01
  221.84,   600.00,   351.99
  227.16,   724.76,   101.92
  224.78,   724.88,   226.90
  222.39,   725.00,   351.88
  351.04,   474.22,   104.53
  348.66,   474.34,   229.50
  346.27,   474.45,   354.48
  351.59,   599.22,   104.42
  349.21,   599.33,   229.40
  346.82,   599.45,   354.37
  352.14,   724.21,   104.31
  349.75,   724.33,   229.29
  347.37,   724.45,   354.26
   99.13,   474.21,   226.18
   96.38,   471.73,   351.13
   93.63,   469.25,   476.07
  102.37,   599.15,   228.73
   99.62,   596.67,   353.68
   96.87,   594.19,   478.62
  105.60,   724.08,   231.28
  102.85,   721.60,   356.23
  100.10,   719.12,   481.17
  224.06,   470.92,   228.87
  221.31,   468.44,   353.81
  218.56,   465.96,   478.76
  227.30,   595.86,   231.42
  224.55,   593.38,   356.36
  221.80,   590.89,   481.31
  230.53,   720.79,   233.97
  227.78,   718.31,   358.91
  225.03,   715.83,   483.86
  348.99,   467.63,   231.55
  346.24,   465.15,   356.49
  343.49,   462.67,   481.44
  352.22,   592.57,   234.10
  349.47,   590.08,   359.05
  346.72,   587.60,   483.99
  355.46,   717.50,   236.65
  352.71,   715.02,   361.60
  349.96,   712.54,   486.54
  100.60,   476.82,   348.14
   98.79,   479.34,   473.10
   96.98,   481.87,   598.06
   99.16,   601.78,   345.59
   97.36,   604.31,   470.55
   95.55,   606.84,   595.51
   97.73,   726.75,   343.04
   95.92,   729.28,   468.00
   94.11,   731.80,   592.96
  225.58,   478.29,   349.91
  223.77,   480.82,   474.88
  221.96,   483.34,   599.84
  224.14,   603.26,   347.37
  222.33,   605.78,   472.33
  220.53,   608.31,   597.29
  222.70,   728.22,   344.82
  220.90,   730.75,   469.78
  219.09,   733.28,   594.74
  350.56,   479.76,   351.69
  348.75,   482.29,   476.65
  346.94,   484.82,   601.61
  349.12,   604.73,   349.14
  347.31,   607.26,   474.11
  345.50,   609.78,   599.07
  347.68,   729.70,   346.60
  345.88,   732.22,   471.56
  344.07,   734.75,   596.52
   98.52,   473.10,   476.76
  102.12,   473.33,   601.70
  105.72,   473.55,   726.65
   99.24,   598.10,   476.51
  102.84,   598.32,   601.46
  106.44,   598.54,   726.41
   99.96,   723.10,   476.27
  103.56,   723.32,   601.22
  107.15,   723.54,   726.17
  223.47,   472.38,   473.16
  227.07,   472.60,   598.11
  230.67,   472.82,   723.05
  224.19,   597.38,   472.92
  227.78,   597.60,   597.86
  231.38,   597.82,   722.81
  224.90,   722.38,   472.67
  228.50,   722.60,   597.62
  232.10,   722.82,   722.57
  348.42,   471.66,   469.56
  352.01,   471.88,   594.51
  355.61,   472.10,   719.46
  349.13,   596.65,   469.32
  352.73,   596.88,   594.27
  356.33,   597.10,   719.22
  349.85,   721.65,   469.08
  353.45,   721.87,   594.03
  357.05,   722.10,   718.97
  101.59,   474.73,   601.04
  105.02,   474.10,   726.00
  108.44,   473.46,   850.95
  101.92,   599.73,   601.67
  105.35,   599.10,   726.62
  108.77,   598.46,   851.57
  102.25,   724.73,   602.30
  105.68,   724.09,   727.25
  109.10,   723.46,   852.20
  226.55,   474.42,   597.62
  229.97,   473.79,   722.57
  233.40,   473.15,   847.52
  226.88,   599.42,   598.24
  230.30,   598.78,   723.20
  233.73,   598.15,   848.15
  227.21,   724.42,   598.87
  230.63,   723.78,   723.82
  234.06,   723.15,   848.77
  351.50,   474.11,   594.19
  354.92,   473.47,   719.14
  358.35,   472.84,   844.09
  351.83,   599.11,   594.82
  355.25,   598.47,   719.77
  358.68,   597.84,   844.72
  352.16,   724.11,   595.45
  355.58,   723.47,   720.40
  359.01,   722.83,   845.35
   98.80,   600.34,    99.20
   98.45,   602.05,   224.19
   98.11,   603.75,   349.18
   96.45,   725.31,    97.49
   96.10,   727.01,   222.48
   95.76,   728.72,   347.47
   94.09,   850.27,    95.78
   93.75,   851.98,   220.77
   93.40,   853.68,   345.76
  223.77,   602.70,    99.52
  223.43,   604.40,   224.50
  223.08,   606.11,   349.49
  221.42,   727.66,    97.80
  221.08,   729.37,   222.79
  220.73,   731.07,   347.78
  219.07,   852.63,    96.09
  218.73,   854.34,   221.08
  218.38,   856.04,   346.07
  348.75,   605.05,    99.83
  348.41,   606.76,   224.82
  348.06,   608.46,   349.80
  346.40,   730.02,    98.12
  346.06,   731.73,   223.11
  345.71,   733.43,   348.09
  344.05,   854.99,    96.41
  343.70,   856.69,   221.39
  343.36,   858.40,   346.38
   99.59,   599.52,   225.73
   96.78,   602.13,   350.67
   93.98,   604.75,   475.61
  102.12,   724.47,   223.17
   99.32,   727.08,   348.11
   96.52,   729.69,   473.05
  104.66,   849.41,   220.61
  101.86,   852.03,   345.55
   99.05,   854.64,   470.49
  224.53,   597.04,   228.58
  221.73,   599.65,   353.52
  218.92,   602.27,   478.46
  227.07,   721.99,   226.02
  224.26,   724.60,   350.97
  221.46,   727.21,   475.91
  229.60,   846.94,   223.47
  226.80,   849.55,   348.41
  224.00,   852.16,   473.35
  349.47,   594.56,   231.44
  346.67,   597.17,   356.38
  343.86,   599.79,   481.32
  352.01,   719.51,   228.88
  349.21,   722.12,   353.82
  346.40,   724.74,   478.76
  354.55,   844.46,   226.32
  351.74,   847.07,   351.26
  348.94,   849.68,   476.21
  100.57,   599.97,   348.28
  102.70,   602.80,   473.23
  104.82,   605.63,   598.18
  104.13,   724.89,   345.40
  106.25,   727.72,   470.35
  108.37,   730.54,   595.30
  107.68,   849.81,   342.51
  109.80,   852.63,   467.46
  111.93,   855.46,   592.41
  225.51,   596.37,   346.24
  227.63,   599.20,   471.19
  229.75,   602.03,   596.14
  229.06,   721.29,   343.36
  231.18,   724.12,   468.31
  233.30,   726.94,   593.26
  232.61,   846.20,   340.47
  234.73,   849.03,   465.42
  236.86,   851.86,   590.37
  350.44,   592.77,   344.20
  352.56,   595.60,   469.15
  354.68,   598.43,   594.10
  353.99,   717.69,   341.31
  356.11,   720.52,   466.26
  358.24,   723.34,   591.21
  357.54,   842.60,   338.43
  359.67,   845.43,   463.38
  361.79,   848.26,   588.33
   98.24,   601.86,   475.41
  100.33,   601.13,   600.39
  102.43,   600.40,   725.37
  101.48,   726.82,   476.09
  103.58,   726.09,   601.07
  105.68,   725.36,   726.05
  104.73,   851.78,   476.76
  106.83,   851.05,   601.74
  108.92,   850.32,   726.72
  223.18,   598.63,   473.30
  225.28,   597.90,   598.28
  227.37,   597.17,   723.26
  226.42,   723.59,   473.97
  228.52,   722.86,   598.95
  230.62,   722.13,   723.93
  229.67,   848.54,   474.65
  231.77,   847.81,   599.63
  233.86,   847.08,   724.61
  348.12,   595.40,   471.18
  350.22,   594.67,   596.16
  352.31,   593.94,   721.14
  351.37,   720.35,   471.86
  353.46,   719.62,   596.84
  355.56,   718.89,   721.82
  354.61,   845.31,   472.53
  356.71,   844.58,   597.51
  358.80,   843.85,   722.49
   98.53,   598.11,   600.33
  101.84,   601.48,   725.24
  105.15,   604.85,   850.16
   98.51,   723.06,   596.96
  101.81,   726.43,   721.87
  105.12,   729.81,   846.78
   98.48,   848.02,   593.59
  101.79,   851.39,   718.50
  105.09,   854.76,   843.41
  223.49,   598.04,   597.03
  226.80,   601.42,   721.94
  230.10,   604.79,   846.85
  223.46,   723.00,   593.66
  226.77,   726.37,   718.57
  230.08,   729.74,   843.48
  223.44,   847.95,   590.28
  226.75,   851.33,   715.19
  230.05,   854.70,   840.11
  348.45,   597.98,   593.72
  351.75,   601.35,   718.63
  355.06,   604.72,   843.55
  348.42,   722.94,   590.35
  351.73,   726.31,   715.26
  355.03,   729.68,   840.17
  348.40,   847.89,   586.98
  351.70,   851.26,   711.89
  355.01,   854.63,   836.80
  224.63,   100.30,   101.02
  227.91,    98.68,   225.96
  231.20,    97.05,   350.91
  222.14,   225.26,   102.71
  225.43,   223.64,   227.65
  228.72,   222.02,   352.60
  219.66,   350.23,   104.39
  222.95,   348.60,   229.34
  226.23,   346.98,   354.29
  349.56,   102.83,    97.76
  352.84,   101.20,   222.71
  356.13,    99.58,   347.65
  347.07,   227.79,    99.45
  350.36,   226.17,   224.40
  353.65,   224.54,   349.34
  344.59,   352.75,   101.14
  347.88,   351.13,   226.09
  351.16,   349.51,   351.03
  474.49,   105.35,    94.51
  477.78,   103.73,   219.45
  481.06,   102.11,   344.40
  472.01,   230.32,    96.20
  475.29,   228.69,   221.14
  478.58,   227.07,   346.09
  469.52,   355.28,    97.89
  472.81,   353.66,   222.83
  476.10,   352.03,   347.78
  223.31,   101.41,   226.69
  225.16,   100.54,   351.68
  227.01,    99.66,   476.66
  225.67,   226.38,   227.53
  227.52,   225.51,   352.51
  229.37,   224.64,   477.50
  228.02,   351.36,   228.37
  229.88,   350.49,   353.35
  231.73,   349.61,   478.33
  348.27,    99.06,   224.82
  350.13,    98.19,   349.81
  351.98,    97.32,   474.79
  350.63,   224.04,   225.66
  352.48,   223.17,   350.64
  354.34,   222.29,   475.63
  352.99,   349.01,   226.50
  354.84,   348.14,   351.48
  356.69,   347.27,   476.46
  473.24,    96.72,   222.96
  475.09,    95.85,   347.94
  476.94,    94.98,   472.92
  475.60,   221.69,   223.79
  477.45,   220.82,   348.78
  479.30,   219.95,   473.76
  477.95,   346.67,   224.63
  479.81,   345.80,   349.61
  481.66,   344.93,   474.60
  223.52,    98.14,   351.59
  220.50,    94.43,   476.50
  217.49,    90.72,   601.41
  222.43,   223.08,   355.28
  219.42,   219.37,   480.19
  216.40,   215.66,   605.09
  221.35,   348.02,   358.96
  218.34,   344.31,   483.87
  215.32,   340.61,   608.78
  348.48,    99.13,   354.64
  345.46,    95.43,   479.55
  342.44,    91.72,   604.46
  347.39,   224.08,   358.32
  344.38,   220.37,   483.23
  341.36,   216.66,   608.14
  346.31,   349.02,   362.01
  343.29,   345.31,   486.92
  340.28,   341.60,   611.82
  473.43,   100.13,   357.69
  470.42,    96.42,   482.59
  467.40,    92.71,   607.50
  472.35,   225.07,   361.37
  469.34,   221.36,   486.28
  466.32,   217.65,   611.19
  471.27,   350.01,   365.05
  468.25,   346.30,   489.96
  465.24,   342.59,   614.87
  223.28,   100.78,   474.19
  225.90,    99.09,   599.15
  228.52,    97.39,   724.11
  220.49,   225.74,   475.94
  223.11,   224.04,   600.90
  225.73,   222.35,   725.86
  217.70,   350.69,   477.69
  220.32,   349.00,   602.65
  222.94,   347.31,   727.61
  348.22,   103.60,   471.61
  350.84,   101.91,   596.57
  353.46,   100.22,   721.53
  345.43,   228.56,   473.36
  348.05,   226.87,   598.32
  350.67,   225.17,   723.28
  342.65,   353.52,   475.11
  345.27,   351.82,   600.07
  347.89,   350.13,   725.03
  473.16,   106.43,   469.02
  475.78,   104.73,   593.99
  478.40,   103.04,   718.95
  470.38,   231.38,   470.78
  473.00,   229.69,   595.74
  475.62,   228.00,   720.70
  467.59,   356.34,   472.53
  470.21,   354.65,   597.49
  472.83,   352.96,   722.45
  226.79,    98.48,   599.45
  223.48,   101.08,   724.38
  220.18,   103.68,   849.31
  226.39,   223.46,   596.85
  223.08,   226.05,   721.78
  219.78,   228.65,   846.70
  225.99,   348.43,   594.24
  222.69,   351.02,   719.17
  219.38,   353.62,   844.10
  351.74,    98.95,   602.75
  348.44,   101.55,   727.68
  345.13,   104.14,   852.61
  351.34,   223.92,   600.14
  348.04,   226.52,   725.07
  344.73,   229.11,   850.00
  350.95,   348.90,   597.53
  347.64,   351.49,   722.46
  344.34,   354.09,   847.39
  476.70,    99.42,   606.04
  473.39,   102.01,   730.97
  470.09,   104.61,   855.90
  476.30,   224.39,   603.44
  472.99,   226.99,   728.37
  469.69,   229.58,   853.29
  475.90,   349.36,   600.83
  472.60,   351.96,   725.76
  469.29,   354.55,   850.69
  223.56,   224.38,   101.59
  221.01,   220.79,   226.51
  218.47,   217.19,   351.43
  221.18,   349.30,   105.13
  218.64,   345.71,   230.05
  216.10,   342.12,   354.97
  218.81,   474.23,   108.67
  216.27,   470.64,   233.59
  213.72,   467.05,   358.52
  348.51,   226.68,   104.20
  345.96,   223.08,   229.12
  343.42,   219.49,   354.04
  346.13,   351.60,   107.74
  343.59,   348.01,   232.66
  341.05,   344.42,   357.58
  343.76,   476.53,   111.28
  341.22,   472.94,   236.20
  338.67,   469.35,   361.13
  473.46,   228.97,   106.81
  470.91,   225.38,   231.73
  468.37,   221.79,   356.65
  471.09,   353.90,   110.35
  468.54,   350.31,   235.27
  466.00,   346.72,   360.19
  468.71,   478.83,   113.89
  466.17,   475.24,   238.81
  463.63,   471.65,   363.74
  225.39,   225.68,   223.95
  222.00,   224.51,   348.90
  218.60,   223.35,   473.85
  225.77,   350.68,   225.13
  222.38,   349.51,   350.08
  218.99,   348.34,   475.02
  226.16,   475.67,   226.31
  222.76,   474.50,   351.25
  219.37,   473.33,   476.20
  350.35,   225.27,   227.34
  346.95,   224.10,   352.29
  343.56,   222.93,   477.24
  350.73,   350.26,   228.52
  347.33,   349.09,   353.47
  343.94,   347.93,   478.41
  351.11,   475.26,   229.70
  347.72,   474.09,   354.65
  344.32,   472.92,   479.59
  475.30,   224.85,   230.73
  471.90,   223.69,   355.68
  468.51,   222.52,   480.63
  475.68,   349.85,   231.91
  472.29,   348.68,   356.86
  468.89,   347.51,   481.81
  476.06,   474.84,   233.09
  472.67,   473.67,   358.04
  469.27,   472.51,   482.98
  225.51,   224.97,   351.62
  227.20,   227.03,   476.59
  228.88,   229.09,   601.56
  224.22,   349.95,   349.58
  225.91,   352.01,   474.55
  227.60,   354.07,   599.52
  222.94,   474.93,   347.53
  224.62,   476.99,   472.51
  226.31,   479.05,   597.48
  350.49,   226.23,   349.91
  352.18,   228.29,   474.89
  353.87,   230.35,   599.86
  349.21,   351.21,   347.87
  350.89,   353.27,   472.84
  352.58,   355.33,   597.81
  347.92,   476.19,   345.83
  349.61,   478.25,   470.80
  351.29,   480.31,   595.77
  475.47,   227.49,   348.21
  477.16,   229.55,   473.18
  478.85,   231.61,   598.15
  474.19,   352.47,   346.16
  475.87,   354.53,   471.14
  477.56,   356.59,   596.11
  472.90,   477.44,   344.12
  474.59,   479.51,   469.09
  476.27,   481.57,   594.06
  225.94,   223.69,   474.98
  224.68,   224.91,   599.97
  223.43,   226.12,   724.96
  222.60,   348.64,   473.73
  221.35,   349.86,   598.72
  220.10,   351.07,   723.71
  219.27,   473.59,   472.48
  218.02,   474.81,   597.47
  216.76,   476.02,   722.46
  350.89,   227.04,   476.20
  349.63,   228.25,   601.19
  348.38,   229.47,   726.18
  347.55,   351.99,   474.95
  346.30,   353.20,   599.94
  345.05,   354.42,   724.93
  344.22,   476.94,   473.71
  342.97,   478.15,   598.69
  341.71,   479.37,   723.68
  475.84,   230.38,   477.42
  474.58,   231.60,   602.41
  473.33,   232.81,   727.40
  472.50,   355.33,   476.17
  471.25,   356.55,   601.16
  469.99,   357.76,   726.15
  469.17,   480.28,   474.93
  467.92,   481.50,   599.91
  466.66,   482.71,   724.90
  225.29,   224.49,   599.22
  228.25,   228.07,   724.14
  231.21,   231.64,   849.05
  225.92,   349.44,   595.63
  228.88,   353.01,   720.55
  231.85,   356.59,   845.46
  226.56,   474.39,   592.04
  229.52,   477.96,   716.96
  232.48,   481.53,   841.87
  350.25,   223.77,   596.28
  353.21,   227.34,   721.20
  356.17,   230.92,   846.11
  350.89,   348.72,   592.69
  353.85,   352.29,   717.60
  356.81,   355.87,   842.52
  351.52,   473.66,   589.10
  354.48,   477.24,   714.01
  357.45,   480.81,   838.93
  475.21,   223.05,   593.34
  478.17,   226.62,   718.25
  481.14,   230.20,   843.17
  475.85,   347.99,   589.75
  478.81,   351.57,   714.66
  481.77,   355.14,   839.58
  476.49,   472.94,   586.16
  479.45,   476.52,   711.07
  482.41,   480.09,   835.99
  223.03,   348.76,   100.85
  219.31,   346.87,   225.78
  215.59,   344.98,   350.71
  224.40,   473.73,   102.78
  220.68,   471.85,   227.71
  216.96,   469.96,   352.64
  225.78,   598.71,   104.71
  222.06,   596.82,   229.64
  218.34,   594.94,   354.57
  347.96,   347.32,   104.55
  344.24,   345.44,   229.48
  340.52,   343.55,   354.41
  349.34,   472.30,   106.48
  345.62,   470.41,   231.41
  341.90,   468.53,   356.34
  350.72,   597.28,   108.41
  347.00,   595.39,   233.34
  343.27,   593.50,   358.27
  472.90,   345.89,   108.25
  469.18,   344.00,   233.18
  465.46,   342.12,   358.11
  474.28,   470.87,   110.18
  470.56,   468.98,   235.11
  466.84,   467.09,   360.04
  475.65,   595.85,   112.11
  471.93,   593.96,   237.04
  468.21,   592.07,   361.97
  225.49,   348.02,   226.67
  223.18,   346.48,   351.63
  220.87,   344.93,   476.60
  226.91,   473.01,   228.24
  224.60,   471.46,   353.21
  222.29,   469.91,   478.18
  228.33,   597.99,   229.81
  226.02,   596.44,   354.78
  223.71,   594.89,   479.75
  350.46,   346.57,   228.96
  348.15,   345.03,   353.93
  345.84,   343.48,   478.90
  351.88,   471.56,   230.53
  349.57,   470.01,   355.50
  347.26,   468.46,   480.47
  353.30,   596.54,   232.11
  350.99,   594.99,   357.07
  348.68,   593.44,   482.04
  475.43,   345.12,   231.25
  473.12,   343.58,   356.22
  470.81,   342.03,   481.19
  476.85,   470.11,   232.82
  474.54,   468.56,   357.79
  472.23,   467.01,   482.76
  478.27,   595.09,   234.40
  475.96,   593.54,   359.37
  473.65,   591.99,   484.34
  226.01,   349.17,   348.55
  222.48,   352.88,   473.45
  218.96,   356.59,   598.34
  226.81,   474.12,   344.86
  223.28,   477.83,   469.76
  219.76,   481.53,   594.66
  227.61,   599.06,   341.18
  224.08,   602.77,   466.07
  220.56,   606.48,   590.97
  350.96,   348.48,   352.10
  347.43,   352.19,   477.00
  343.90,   355.90,   601.89
  351.76,   473.42,   348.41
  348.23,   477.13,   473.31
  344.70,   480.84,   598.20
  352.56,   598.36,   344.73
  349.03,   602.07,   469.62
  345.50,   605.78,   594.52
  475.91,   347.78,   355.65
  472.38,   351.49,   480.55
  468.85,   355.20,   605.44
  476.71,   472.73,   351.96
  473.18,   476.44,   476.86
  469.65,   480.14,   601.75
  477.51,   597.67,   348.28
  473.98,   601.38,   473.17
  470.45,   605.09,   598.07
  225.54,   350.77,   474.36
  223.69,   348.53,   599.33
  221.84,   346.29,   724.30
  222.97,   475.72,   476.56
  221.12,   473.48,   601.53
  219.27,   471.25,   726.49
  220.40,   600.67,   478.76
  218.55,   598.44,   603.73
  216.70,   596.20,   728.69
  350.50,   353.30,   476.26
  348.65,   351.07,   601.23
  346.80,   348.83,   726.19
  347.93,   478.26,   478.46
  346.08,   476.02,   603.42
  344.23,   473.79,   728.39
  345.36,   603.21,   480.66
  343.51,   600.98,   605.62
  341.66,   598.74,   730.59
  475.46,   355.84,   478.16
  473.61,   353.60,   603.12
  471.76,   351.37,   728.09
  472.89,   480.79,   480.35
  471.04,   478.56,   605.32
  469.19,   476.32,   730.29
  470.32,   605.75,   482.55
  468.47,   603.51,   607.52
  466.62,   601.28,   732.48
  223.69,   351.21,   601.28
  224.92,   348.04,   726.24
  226.15,   344.88,   851.19
  226.83,   476.13,   604.42
  228.06,   472.96,   729.37
  229.29,   469.80,   854.32
  229.97,   601.05,   607.55
  231.20,   597.89,   732.50
  232.43,   594.72,   857.46
  348.65,   348.10,   599.97
  349.88,   344.94,   724.93
  351.11,   341.77,   849.88
  351.79,   473.02,   603.11
  353.02,   469.86,   728.06
  354.25,   466.69,   853.01
  354.93,   597.94,   606.24
  356.16,   594.78,   731.19
  357.39,   591.61,   856.15
  473.60,   344.99,   598.66
  474.83,   341.83,   723.62
  476.06,   338.66,   848.57
  476.74,   469.91,   601.80
  477.97,   466.75,   726.75
  479.20,   463.58,   851.71
  479.88,   594.84,   604.93
  481.11,   591.67,   729.89
  482.34,   588.50,   854.84
  225.14,   476.03,   100.73
  225.33,   474.91,   225.72
  225.51,   473.78,   350.72
  221.57,   600.97,   101.86
  221.76,   599.85,   226.85
  221.95,   598.73,   351.84
  218.01,   725.92,   102.98
  218.20,   724.79,   227.98
  218.39,   723.67,   352.97
  350.08,   479.59,   100.57
  350.27,   478.47,   225.56
  350.46,   477.35,   350.56
  346.52,   604.54,   101.70
  346.71,   603.42,   226.69
  346.90,   602.29,   351.69
  342.96,   729.48,   102.83
  343.14,   728.36,   227.82
  343.33,   727.24,   352.81
  475.03,   483.16,   100.41
  475.22,   482.04,   225.41
  475.41,   480.91,   350.40
  471.47,   608.10,   101.54
  471.66,   606.98,   226.53
  471.85,   605.86,   351.53
  467.90,   733.05,   102.67
  468.09,   731.93,   227.66
  468.28,   730.80,   352.66
  224.60,   475.20,   223.34
  227.77,   474.38,   348.29
  230.94,   473.56,   473.25
  223.29,   600.19,   224.19
  226.46,   599.37,   349.15
  229.63,   598.55,   474.11
  221.98,   725.18,   225.05
  225.15,   724.36,   350.00
  228.32,   723.54,   474.96
  349.55,   476.53,   220.18
  352.72,   475.71,   345.13
  355.89,   474.89,   470.09
  348.24,   601.52,   221.03
  351.41,   600.70,   345.99
  354.58,   599.88,   470.95
  346.93,   726.51,   221.89
  350.10,   725.69,   346.84
  353.27,   724.87,   471.80
  474.50,   477.86,   217.02
  477.67,   477.04,   341.97
  480.84,   476.21,   466.93
  473.19,   602.85,   217.87
  476.36,   602.03,   342.83
  479.53,   601.21,   467.78
  471.88,   727.84,   218.73
  475.05,   727.02,   343.68
  478.22,   726.20,   468.64
  224.51,   476.29,   351.09
  228.17,   473.00,   475.99
  231.82,   469.71,   600.89
  224.43,   601.25,   354.38
  228.08,   597.96,   479.29
  231.73,   594.67,   604.19
  224.34,   726.20,   357.68
  227.99,   722.91,   482.58
  231.65,   719.62,   607.48
  349.46,   476.47,   347.44
  353.12,   473.18,   472.34
  356.77,   469.89,   597.24
  349.37,   601.43,   350.73
  353.03,   598.14,   475.64
  356.68,   594.85,   600.54
  349.29,   726.39,   354.03
  352.94,   723.10,   478.93
  356.59,   719.81,   603.83
  474.41,   476.66,   343.79
  478.06,   473.37,   468.69
  481.72,   470.08,   593.59
  474.32,   601.61,   347.08
  477.97,   598.32,   471.99
  481.63,   595.03,   596.89
  474.23,   726.57,   350.38
  477.89,   723.28,   475.28
  481.54,   719.99,   600.18
  225.08,   473.11,   475.65
  227.11,   471.96,   600.63
  229.14,   470.82,   725.61
  227.58,   598.08,   476.76
  229.62,   596.93,   601.74
  231.65,   595.79,   726.72
  230.09,   723.05,   477.87
  232.12,   721.90,   602.85
  234.15,   720.76,   727.83
  350.04,   470.63,   473.60
  352.07,   469.48,   598.58
  354.10,   468.33,   723.56
  352.54,   595.60,   474.71
  354.57,   594.45,   599.68
  356.61,   593.30,   724.66
  355.05,   720.57,   475.81
  357.08,   719.42,   600.79
  359.11,   718.27,   725.77
  474.99,   468.14,   471.54
  477.03,   466.99,   596.52
  479.06,   465.84,   721.50
  477.50,   593.11,   472.65
  479.53,   591.96,   597.63
  481.56,   590.81,   722.61
  480.01,   718.08,   473.76
  482.04,   716.93,   598.74
  484.07,   715.78,   723.72
  226.13,   474.80,   601.81
  222.46,   474.74,   726.75
  218.78,   474.68,   851.70
  227.37,   599.79,   601.90
  223.69,   599.73,   726.85
  220.02,   599.67,   851.79
  228.60,   724.78,   602.00
  224.93,   724.72,   726.94
  221.25,   724.66,   851.89
  351.07,   473.56,   605.48
  347.40,   473.50,   730.42
  343.72,   473.44,   855.37
  352.31,   598.55,   605.57
  348.63,   598.49,   730.52
  344.96,   598.43,   855.47
  353.54,   723.55,   605.67
  349.87,   723.49,   730.62
  346.19,   723.43,   855.56
  476.01,   472.32,   609.15
  472.34,   472.26,   734.10
  468.66,   472.20,   859.04
  477.24,   597.32,   609.25
  473.57,   597.26,   734.19
  469.90,   597.20,   859.14
  478.48,   722.31,   609.34
  474.81,   722.25,   734.29
  471.13,   722.19,   859.23
  224.57,   600.21,    99.79
  222.44,   597.51,   224.74
  220.32,   594.80,   349.69
  227.75,   725.14,   102.54
  225.62,   722.44,   227.50
  223.50,   719.73,   352.45
  230.93,   850.07,   105.30
  228.80,   847.37,   230.25
  226.68,   844.66,   355.21
  349.51,   596.98,   101.84
  347.38,   594.28,   226.80
  345.26,   591.58,   351.75
  352.69,   721.91,   104.60
  350.56,   719.21,   229.55
  348.44,   716.51,   354.50
  355.87,   846.84,   107.36
  353.74,   844.14,   232.31
  351.62,   841.44,   357.26
  474.45,   593.76,   103.90
  472.33,   591.06,   228.85
  470.20,   588.35,   353.80
  477.63,   718.69,   106.65
  475.51,   715.98,   231.61
  473.38,   713.28,   356.56
  480.81,   843.62,   109.41
  478.69,   840.91,   234.36
  476.56,   838.21,   359.32
  224.21,   601.50,   223.41
  221.88,   604.80,   348.34
  219.56,   608.09,   473.28
  226.07,   726.44,   220.15
  223.74,   729.74,   345.08
  221.42,   733.03,   470.02
  227.93,   851.39,   216.89
  225.60,   854.68,   341.82
  223.28,   857.98,   466.76
  349.17,   599.70,   225.78
  346.85,   603.00,   350.72
  344.52,   606.29,   475.65
  351.03,   724.65,   222.52
  348.71,   727.94,   347.45
  346.38,   731.24,   472.39
  352.89,   849.59,   219.26
  350.57,   852.88,   344.19
  348.24,   856.18,   469.13
  474.14,   597.90,   228.15
  471.81,   601.20,   353.09
  469.49,   604.49,   478.02
  476.00,   722.85,   224.89
  473.67,   726.14,   349.83
  471.35,   729.44,   474.76
  477.86,   847.79,   221.63
  475.53,   851.09,   346.57
  473.21,   854.38,   471.50
  224.16,   598.29,   349.76
  225.32,   599.16,   474.75
  226.49,   600.04,   599.74
  224.54,   723.28,   348.88
  225.70,   724.16,   473.87
  226.87,   725.04,   598.86
  224.91,   848.28,   348.00
  226.08,   849.16,   472.99
  227.24,   850.03,   597.98
  349.15,   597.90,   348.59
  350.32,   598.78,   473.59
  351.48,   599.65,   598.58
  349.53,   722.90,   347.72
  350.70,   723.77,   472.71
  351.86,   724.65,   597.70
  349.91,   847.89,   346.84
  351.07,   848.77,   471.83
  352.24,   849.65,   596.82
  474.15,   597.52,   347.43
  475.31,   598.39,   472.42
  476.48,   599.27,   597.42
  474.52,   722.51,   346.55
  475.69,   723.39,   471.55
  476.85,   724.26,   596.54
  474.90,   847.51,   345.67
  476.07,   848.38,   470.67
  477.23,   849.26,   595.66
  224.92,   601.95,   476.11
  224.32,   599.94,   601.09
  223.72,   597.92,   726.07
  224.13,   726.93,   478.12
  223.53,   724.92,   603.10
  222.93,   722.90,   728.08
  223.35,   851.91,   480.13
  222.75,   849.90,   605.11
  222.15,   847.89,   730.09
  349.92,   602.72,   476.72
  349.32,   600.71,   601.70
  348.72,   598.70,   726.68
  349.13,   727.71,   478.73
  348.53,   725.69,   603.71
  347.93,   723.68,   728.69
  348.34,   852.69,   480.74
  347.74,   850.68,   605.72
  347.14,   848.66,   730.70
  474.91,   603.50,   477.33
  474.31,   601.49,   602.32
  473.71,   599.48,   727.30
  474.12,   728.48,   479.34
  473.52,   726.47,   604.32
  472.92,   724.46,   729.31
  473.34,   853.47,   481.35
  472.74,   851.45,   606.33
  472.14,   849.44,   731.32
  225.11,   598.97,   601.58
  226.42,   597.54,   726.56
  227.73,   596.10,   851.55
  223.14,   723.95,   603.03
  224.45,   722.51,   728.02
  225.75,   721.08,   853.00
  221.16,   848.92,   604.49
  222.47,   847.49,   729.47
  223.78,   846.06,   854.46
  350.09,   600.96,   600.29
  351.40,   599.53,   725.28
  352.71,   598.09,   850.26
  348.11,   725.94,   601.75
  349.42,   724.50,   726.73
  350.73,   723.07,   851.72
  346.14,   850.91,   603.20
  347.45,   849.48,   728.19
  348.76,   848.04,   853.17
  475.07,   602.95,   599.00
  476.38,   601.52,   723.99
  477.68,   600.08,   848.97
  473.09,   727.93,   600.46
  474.40,   726.49,   725.45
  475.71,   725.06,   850.43
  471.12,   852.90,   601.92
  472.43,   851.47,   726.90
  473.73,   850.03,   851.89
  351.58,    98.36,   101.41
  350.20,   101.32,   226.37
  348.81,   104.27,   351.33
  354.42,   223.29,    98.49
  353.04,   226.25,   223.44
  351.65,   229.21,   348.40
  357.26,   348.22,    95.56
  355.88,   351.18,   220.52
  354.49,   354.14,   345.47
  476.54,    95.55,   102.87
  475.16,    98.51,   227.82
  473.77,   101.47,   352.78
  479.38,   220.48,    99.94
  478.00,   223.44,   224.90
  476.61,   226.40,   349.85
  482.22,   345.42,    97.01
  480.84,   348.38,   221.97
  479.45,   351.33,   346.93
  601.50,    92.75,   104.32
  600.12,    95.70,   229.28
  598.73,    98.66,   354.23
  604.34,   217.68,   101.39
  602.96,   220.64,   226.35
  601.57,   223.59,   351.31
  607.18,   342.61,    98.47
  605.80,   345.57,   223.43
  604.41,   348.53,   348.38
  349.60,    99.08,   223.40
  349.45,   102.54,   348.36
  349.29,   106.00,   473.31
  350.47,   224.03,   219.95
  350.32,   227.49,   344.90
  350.16,   230.95,   469.85
  351.34,   348.98,   216.50
  351.19,   352.44,   341.45
  351.03,   355.89,   466.40
  474.60,    98.22,   223.59
  474.44,   101.67,   348.54
  474.29,   105.13,   473.49
  475.47,   223.17,   220.13
  475.31,   226.62,   345.08
  475.16,   230.08,   470.04
  476.34,   348.12,   216.68
  476.18,   351.57,   341.63
  476.03,   355.03,   466.58
  599.60,    97.35,   223.77
  599.44,   100.81,   348.72
  599.28,   104.26,   473.67
  600.47,   222.30,   220.31
  600.31,   225.76,   345.27
  600.15,   229.21,   470.22
  601.34,   347.25,   216.86
  601.18,   350.71,   341.81
  601.02,   354.16,   466.76
  350.47,    99.23,   348.91
  347.78,   102.60,   473.84
  345.08,   105.97,   598.76
  352.69,   224.17,   345.59
  349.99,   227.54,   470.52
  347.30,   230.91,   595.44
  354.90,   349.10,   342.27
  352.21,   352.47,   467.19
  349.51,   355.84,   592.12
  475.42,    97.09,   351.66
  472.73,   100.46,   476.59
  470.03,   103.83,   601.52
  477.64,   222.03,   348.34
  474.94,   225.40,   473.27
  472.25,   228.77,   598.19
  479.85,   346.96,   345.02
  477.16,   350.33,   469.95
  474.46,   353.70,   594.87
  600.37,    94.95,   354.42
  597.68,    98.32,   479.34
  594.99,   101.69,   604.27
  602.59,   219.88,   351.10
  599.90,   223.25,   476.02
  597.20,   226.62,   600.95
  604.80,   344.82,   347.77
  602.11,   348.19,   472.70
  599.42,   351.56,   597.62
  349.38,   101.22,   473.56
  345.74,   103.78,   598.48
  342.10,   106.34,   723.40
  352.44,   226.16,   471.09
  348.80,   228.72,   596.01
  345.17,   231.28,   720.93
  355.51,   351.10,   468.62
  351.87,   353.66,   593.54
  348.23,   356.22,   718.46
  474.29,    98.23,   477.26
  470.65,   100.79,   602.18
  467.01,   103.35,   727.10
  477.35,   223.17,   474.79
  473.71,   225.73,   599.71
  470.08,   228.29,   724.63
  480.42,   348.11,   472.32
  476.78,   350.67,   597.24
  473.14,   353.22,   722.16
  599.20,    95.24,   480.96
  595.56,    97.80,   605.88
  591.92,   100.36,   730.80
  602.26,   220.18,   478.49
  598.62,   222.74,   603.41
  594.99,   225.29,   728.33
  605.33,   345.12,   476.02
  601.69,   347.67,   600.94
  598.05,   350.23,   725.86
  349.86,    99.81,   598.68
  349.80,    98.00,   723.66
  349.75,    96.20,   848.65
  349.66,   224.79,   600.48
  349.60,   222.99,   725.47
  349.54,   221.19,   850.46
  349.45,   349.78,   602.29
  349.39,   347.98,   727.27
  349.33,   346.17,   852.26
  474.86,   100.01,   598.74
  474.80,    98.21,   723.73
  474.74,    96.41,   848.71
  474.65,   225.00,   600.54
  474.60,   223.20,   725.53
  474.54,   221.39,   850.52
  474.45,   349.99,   602.35
  474.39,   348.18,   727.34
  474.33,   346.38,   852.32
  599.86,   100.22,   598.80
  599.80,    98.42,   723.79
  599.74,    96.61,   848.78
  599.65,   225.21,   600.61
  599.60,   223.40,   725.59
  599.54,   221.60,   850.58
  599.45,   350.20,   602.41
  599.39,   348.39,   727.40
  599.33,   346.59,   852.38
  351.73,   223.01,   100.58
  349.75,   222.28,   225.56
  347.77,   221.54,   350.54
  351.89,   348.01,   101.31
  349.91,   347.28,   226.30
  347.93,   346.54,   351.28
  352.05,   473.01,   102.05
  350.07,   472.27,   227.03
  348.09,   471.54,   352.01
  476.71,   222.84,   102.56
  474.73,   222.11,   227.54
  472.75,   221.37,   352.52
  476.87,   347.84,   103.29
  474.89,   347.10,   228.27
  472.91,   346.37,   353.26
  477.03,   472.84,   104.03
  475.05,   472.10,   229.01
  473.07,   471.37,   353.99
  601.69,   222.67,   104.53
  599.71,   221.93,   229.52
  597.73,   221.20,   354.50
  601.85,   347.67,   105.27
  599.87,   346.93,   230.25
  597.89,   346.20,   355.24
  602.01,   472.66,   106.01
  600.03,   471.93,   230.99
  598.05,   471.20,   355.97
  349.74,   224.79,   223.88
  353.51,   221.45,   348.78
  357.29,   218.11,   473.67
  347.18,   349.71,   227.29
  350.95,   346.37,   352.19
  354.72,   343.04,   477.09
  344.62,   474.64,   230.71
  348.39,   471.30,   355.61
  352.16,   467.96,   480.51
  474.66,   227.45,   220.18
  478.43,   224.11,   345.07
  482.20,   220.77,   469.97
  472.09,   352.38,   223.59
  475.87,   349.04,   348.49
  479.64,   345.70,   473.39
  469.53,   477.30,   227.01
  473.31,   473.97,   351.91
  477.08,   470.63,   476.81
  599.57,   230.11,   216.47
  603.35,   226.77,   341.37
  607.12,   223.44,   466.27
  597.01,   355.04,   219.89
  600.78,   351.70,   344.79
  604.56,   348.36,   469.69
  594.45,   479.97,   223.31
  598.22,   476.63,   348.20
  602.00,   473.29,   473.10
  350.24,   224.72,   349.88
  352.38,   221.40,   474.82
  354.51,   218.08,   599.75
  352.57,   349.65,   353.16
  354.70,   346.34,   478.10
  356.84,   343.02,   603.03
  354.89,   474.59,   356.44
  357.03,   471.27,   481.37
  359.16,   467.95,   606.31
  475.20,   222.45,   347.68
  477.34,   219.13,   472.62
  479.47,   215.81,   597.56
  477.53,   347.39,   350.96
  479.66,   344.07,   475.90
  481.80,   340.75,   600.84
  479.85,   472.32,   354.24
  481.99,   469.00,   479.18
  484.12,   465.68,   604.12
  600.16,   220.18,   345.49
  602.30,   216.86,   470.43
  604.43,   213.54,   595.36
  602.49,   345.12,   348.77
  604.62,   341.80,   473.71
  606.76,   338.48,   598.64
  604.81,   470.05,   352.05
  606.95,   466.73,   476.98
  609.08,   463.41,   601.92
  350.68,   226.82,   473.25
  354.15,   229.81,   598.16
  357.63,   232.80,   723.08
  348.02,   351.76,   470.33
  351.49,   354.75,   595.24
  354.96,   357.74,   720.16
  345.36,   476.70,   467.41
  348.83,   479.69,   592.33
  352.30,   482.68,   717.24
  475.61,   229.40,   469.71
  479.08,   232.39,   594.63
  482.55,   235.38,   719.54
  472.95,   354.34,   466.80
  476.42,   357.33,   591.71
  479.89,   360.32,   716.63
  470.28,   479.28,   463.88
  473.75,   482.27,   588.79
  477.23,   485.26,   713.71
  600.53,   231.98,   466.18
  604.00,   234.97,   591.10
  607.47,   237.96,   716.01
  597.87,   356.92,   463.26
  601.34,   359.91,   588.18
  604.81,   362.90,   713.10
  595.21,   481.86,   460.35
  598.68,   484.85,   585.26
  602.15,   487.84,   710.18
  350.13,   225.33,   601.68
  347.52,   227.69,   726.63
  344.90,   230.05,   851.58
  352.07,   350.29,   599.36
  349.45,   352.65,   724.31
  346.84,   355.01,   849.26
  354.01,   475.26,   597.04
  351.39,   477.62,   721.99
  348.78,   479.97,   846.94
  475.09,   223.44,   604.33
  472.48,   225.80,   729.28
  469.86,   228.16,   854.23
  477.03,   348.41,   602.01
  474.41,   350.76,   726.96
  471.80,   353.12,   851.91
  478.96,   473.37,   599.69
  476.35,   475.73,   724.64
  473.73,   478.09,   849.59
  600.05,   221.55,   606.98
  597.43,   223.91,   731.93
  594.82,   226.27,   856.88
  601.98,   346.52,   604.66
  599.37,   348.88,   729.61
  596.75,   351.24,   854.56
  603.92,   471.48,   602.34
  601.31,   473.84,   727.29
  598.69,   476.20,   852.24
  351.20,   351.19,    98.67
  349.75,   348.05,   223.62
  348.29,   344.90,   348.58
  354.89,   476.10,   101.86
  353.44,   472.95,   226.81
  351.98,   469.80,   351.77
  358.58,   601.00,   105.05
  357.12,   597.85,   230.00
  355.67,   594.71,   354.96
  476.14,   347.47,   100.03
  474.69,   344.32,   224.98
  473.23,   341.17,   349.94
  479.83,   472.38,   103.22
  478.37,   469.23,   228.17
  476.92,   466.08,   353.13
  483.51,   597.28,   106.41
  482.06,   594.13,   231.36
  480.61,   590.98,   356.32
  601.08,   343.75,   101.39
  599.62,   340.60,   226.34
  598.17,   337.45,   351.30
  604.76,   468.65,   104.58
  603.31,   465.50,   229.53
  601.86,   462.36,   354.49
  608.45,   593.56,   107.77
  607.00,   590.41,   232.72
  605.54,   587.26,   357.68
  351.62,   351.48,   223.80
  349.57,   348.75,   348.76
  347.53,   346.02,   473.71
  354.96,   476.40,   226.59
  352.92,   473.67,   351.54
  350.87,   470.94,   476.50
  358.31,   601.32,   229.37
  356.26,   598.59,   354.33
  354.22,   595.86,   479.28
  476.55,   348.09,   225.77
  474.51,   345.36,   350.73
  472.47,   342.63,   475.68
  479.90,   473.01,   228.56
  477.86,   470.28,   353.51
  475.81,   467.55,   478.46
  483.24,   597.93,   231.34
  481.20,   595.20,   356.30
  479.16,   592.47,   481.25
  601.49,   344.70,   227.74
  599.45,   341.97,   352.70
  597.41,   339.24,   477.65
  604.84,   469.62,   230.53
  602.79,   466.89,   355.48
  600.75,   464.16,   480.43
  608.18,   594.54,   233.31
  606.14,   591.81,   358.26
  604.10,   589.08,   483.22
  349.70,   348.09,   348.78
  352.00,   347.03,   473.75
  354.29,   345.97,   598.73
  353.32,   473.03,   349.77
  355.62,   471.97,   474.75
  357.92,   470.91,   599.72
  356.95,   597.98,   350.77
  359.25,   596.92,   475.74
  361.54,   595.85,   600.71
  474.63,   344.48,   346.45
  476.92,   343.42,   471.43
  479.22,   342.36,   596.40
  478.25,   469.43,   347.44
  480.55,   468.37,   472.42
  482.85,   467.31,   597.39
  481.88,   594.37,   348.44
  484.17,   593.31,   473.41
  486.47,   592.25,   598.39
  599.55,   340.88,   344.12
  601.85,   339.82,   469.10
  604.15,   338.76,   594.07
  603.18,   465.82,   345.12
  605.47,   464.76,   470.09
  607.77,   463.70,   595.07
  606.80,   590.76,   346.11
  609.10,   589.70,   471.08
  611.40,   588.64,   596.06
  351.32,   351.06,   475.67
  349.74,   351.83,   600.66
  348.17,   352.60,   725.64
  351.35,   476.06,   474.90
  349.78,   476.83,   599.89
  348.20,   477.60,   724.87
  351.39,   601.06,   474.13
  349.81,   601.83,   599.12
  348.24,   602.60,   724.10
  476.31,   351.04,   477.24
  474.73,   351.81,   602.23
  473.16,   352.58,   727.22
  476.34,   476.03,   476.47
  474.77,   476.80,   601.46
  473.19,   477.57,   726.45
  476.38,   601.03,   475.70
  474.80,   601.80,   600.69
  473.23,   602.57,   725.68
  601.30,   351.01,   478.82
  599.73,   351.78,   603.81
  598.15,   352.55,   728.79
  601.33,   476.01,   478.05
  599.76,   476.78,   603.04
  598.18,   477.55,   728.02
  601.37,   601.01,   477.28
  599.79,   601.78,   602.27
  598.22,   602.55,   727.26
  349.46,   351.45,   601.38
  346.70,   354.10,   726.32
  343.95,   356.76,   851.26
  350.09,   476.42,   598.74
  347.34,   479.07,   723.68
  344.59,   481.73,   848.62
  350.72,   601.39,   596.10
  347.97,   604.04,   721.04
  345.22,   606.70,   845.98
  474.42,   350.87,   604.14
  471.67,   353.53,   729.09
  468.92,   356.18,   854.03
  475.06,   475.84,   601.50
  472.31,   478.50,   726.45
  469.56,   481.15,   851.39
  475.69,   600.82,   598.86
  472.94,   603.47,   723.81
  470.19,   606.12,   848.75
  599.39,   350.30,   606.91
  596.64,   352.95,   731.85
  593.89,   355.60,   856.79
  600.03,   475.27,   604.27
  597.28,   477.92,   729.21
  594.52,   480.58,   854.15
  600.66,   600.24,   601.63
  597.91,   602.89,   726.57
  595.16,   605.55,   851.51
  348.05,   474.27,    99.22
  348.44,   472.26,   224.20
  348.82,   470.25,   349.19
  345.84,   599.23,   101.24
  346.22,   597.22,   226.22
  346.60,   595.21,   351.21
  343.63,   724.20,   103.26
  344.01,   722.19,   228.24
  344.39,   720.18,   353.22
  473.03,   476.49,    98.88
  473.42,   474.48,   223.86
  473.80,   472.47,   348.84
  470.82,   601.45,   100.89
  471.20,   599.44,   225.88
  471.58,   597.43,   350.86
  468.61,   726.42,   102.91
  468.99,   724.40,   227.89
  469.37,   722.39,   352.88
  598.01,   478.71,    98.53
  598.40,   476.70,   223.51
  598.78,   474.68,   348.50
  595.80,   603.67,   100.55
  596.18,   601.66,   225.53
  596.56,   599.65,   350.51
  593.59,   728.63,   102.57
  593.97,   726.62,   227.55
  594.35,   724.61,   352.53
  349.77,   475.41,   225.50
  353.17,   477.46,   350.44
  356.56,   479.50,   475.38
  351.36,   600.39,   223.42
  354.76,   602.43,   348.35
  358.15,   604.47,   473.29
  352.95,   725.36,   221.33
  356.34,   727.40,   346.27
  359.74,   729.44,   471.21
  474.72,   473.77,   222.13
  478.11,   475.81,   347.07
  481.51,   477.85,   472.01
  476.31,   598.74,   220.05
  479.70,   600.78,   344.99
  483.09,   602.83,   469.92
  477.89,   723.72,   217.97
  481.29,   725.76,   342.90
  484.68,   727.80,   467.84
  599.66,   472.13,   218.77
  603.06,   474.17,   343.70
  606.45,   476.21,   468.64
  601.25,   597.10,   216.68
  604.64,   599.14,   341.62
  608.04,   601.18,   466.56
  602.84,   722.07,   214.60
  606.23,   724.11,   339.54
  609.62,   726.15,   464.47
  350.21,   475.10,   348.75
  353.54,   476.18,   473.70
  356.86,   477.26,   598.65
  353.14,   600.06,   347.59
  356.46,   601.14,   472.54
  359.79,   602.22,   597.49
  356.07,   725.02,   346.43
  359.39,   726.10,   471.38
  362.72,   727.18,   596.34
  475.13,   472.14,   345.45
  478.46,   473.22,   470.40
  481.78,   474.30,   595.35
  478.06,   597.10,   344.29
  481.39,   598.18,   469.24
  484.71,   599.26,   594.20
  480.99,   722.06,   343.14
  484.31,   723.14,   468.09
  487.64,   724.22,   593.04
  600.06,   469.18,   342.15
  603.38,   470.26,   467.11
  606.70,   471.34,   592.06
  602.98,   594.14,   341.00
  606.31,   595.22,   465.95
  609.63,   596.30,   590.90
  605.91,   719.10,   339.84
  609.24,   720.18,   464.79
  612.56,   721.26,   589.74
  348.67,   476.92,   476.28
  348.47,   478.89,   601.27
  348.27,   480.87,   726.25
  346.30,   601.88,   474.30
  346.09,   603.86,   599.29
  345.89,   605.83,   724.27
  343.92,   726.84,   472.32
  343.71,   728.82,   597.31
  343.51,   730.80,   722.29
  473.65,   479.30,   476.45
  473.45,   481.27,   601.43
  473.24,   483.25,   726.42
  471.27,   604.26,   474.47
  471.07,   606.24,   599.45
  470.87,   608.21,   724.44
  468.90,   729.22,   472.49
  468.69,   731.20,   597.47
  468.49,   733.18,   722.46
  598.63,   481.68,   476.61
  598.42,   483.66,   601.60
  598.22,   485.63,   726.58
  596.25,   606.64,   474.63
  596.05,   608.62,   599.62
  595.84,   610.59,   724.60
  593.87,   731.60,   472.65
  593.67,   733.58,   597.64
  593.47,   735.56,   722.62
  349.57,   474.97,   599.03
  347.62,   477.30,   723.99
  345.66,   479.63,   848.95
  352.80,   599.91,   596.75
  350.85,   602.24,   721.71
  348.89,   604.56,   846.68
  356.04,   724.85,   594.47
  354.08,   727.17,   719.44
  352.13,   729.50,   844.40
  474.51,   471.77,   601.04
  472.56,   474.10,   726.01
  470.60,   476.43,   850.97
  477.75,   596.71,   598.77
  475.79,   599.04,   723.73
  473.84,   601.37,   848.69
  480.98,   721.65,   596.49
  479.03,   723.98,   721.45
  477.07,   726.31,   846.41
  599.46,   468.58,   603.06
  597.50,   470.91,   728.02
  595.55,   473.23,   852.98
  602.69,   593.52,   600.78
  600.74,   595.84,   725.74
  598.78,   598.17,   850.71
  605.92,   718.45,   598.50
  603.97,   720.78,   723.47
  602.01,   723.11,   848.43
  351.38,   598.67,    99.53
  348.33,   601.90,   224.45
  345.28,   605.13,   349.37
  350.86,   723.63,    96.28
  347.81,   726.86,   221.21
  344.77,   730.09,   346.13
  350.35,   848.58,    93.04
  347.30,   851.81,   217.96
  344.25,   855.05,   342.88
  476.34,   599.26,   102.56
  473.29,   602.49,   227.49
  470.24,   605.73,   352.41
  475.83,   724.22,    99.32
  472.78,   727.45,   224.24
  469.73,   730.68,   349.16
  475.31,   849.17,    96.07
  472.26,   852.41,   220.99
  469.21,   855.64,   345.91
  601.30,   599.85,   105.60
  598.25,   603.09,   230.52
  595.20,   606.32,   355.44
  600.79,   724.81,   102.35
  597.74,   728.04,   227.27
  594.69,   731.28,   352.20
  600.27,   849.77,    99.11
  597.22,   853.00,   224.03
  594.18,   856.23,   348.95
  351.86,   599.15,   223.10
  351.51,   597.99,   348.09
  351.17,   596.83,   473.09
  354.62,   724.12,   224.27
  354.27,   722.96,   349.26
  353.93,   721.80,   474.26
  357.38,   849.08,   225.44
  357.04,   847.92,   350.43
  356.69,   846.76,   475.42
  476.83,   596.39,   223.42
  476.48,   595.23,   348.41
  476.14,   594.07,   473.41
  479.59,   721.35,   224.59
  479.24,   720.19,   349.58
  478.90,   719.03,   474.58
  482.35,   846.32,   225.75
  482.00,   845.16,   350.75
  481.66,   844.00,   475.74
  601.80,   593.62,   223.74
  601.45,   592.46,   348.73
  601.11,   591.30,   473.73
  604.56,   718.59,   224.91
  604.21,   717.43,   349.90
  603.87,   716.27,   474.90
  607.32,   843.55,   226.07
  606.97,   842.39,   351.07
  606.63,   841.23,   476.06
  349.74,   600.03,   349.68
  347.53,   599.61,   474.66
  345.32,   599.19,   599.64
  353.28,   724.98,   350.17
  351.07,   724.56,   475.15
  348.85,   724.14,   600.12
  356.81,   849.93,   350.65
  354.60,   849.51,   475.63
  352.39,   849.09,   600.61
  474.67,   596.49,   351.88
  472.46,   596.07,   476.86
  470.25,   595.64,   601.84
  478.21,   721.44,   352.36
  476.00,   721.02,   477.34
  473.79,   720.59,   602.32
  481.74,   846.39,   352.85
  479.53,   845.96,   477.83
  477.32,   845.54,   602.81
  599.60,   592.94,   354.08
  597.39,   592.52,   479.06
  595.18,   592.10,   604.04
  603.14,   717.89,   354.56
  600.93,   717.47,   479.54
  598.72,   717.05,   604.52
  606.67,   842.84,   355.05
  604.46,   842.42,   480.03
  602.25,   842.00,   605.01
  350.95,   601.85,   474.94
  354.03,   602.19,   599.90
  357.10,   602.53,   724.86
  352.32,   726.84,   474.56
  355.40,   727.18,   599.53
  358.48,   727.52,   724.49
  353.70,   851.83,   474.19
  356.78,   852.17,   599.15
  359.86,   852.51,   724.11
  475.90,   600.46,   471.87
  478.98,   600.80,   596.83
  482.06,   601.15,   721.79
  477.28,   725.45,   471.49
  480.36,   725.80,   596.45
  483.43,   726.14,   721.41
  478.65,   850.45,   471.12
  481.73,   850.79,   596.08
  484.81,   851.13,   721.04
  600.86,   599.08,   468.79
  603.93,   599.42,   593.75
  607.01,   599.76,   718.71
  602.23,   724.07,   468.42
  605.31,   724.41,   593.38
  608.39,   724.75,   718.34
  603.61,   849.06,   468.04
  606.69,   849.40,   593.00
  609.77,   849.74,   717.96
  349.04,   600.21,   600.45
  348.23,   601.63,   725.44
  347.41,   603.05,   850.43
  352.59,   725.15,   599.05
  351.78,   726.57,   724.04
  350.96,   728.00,   849.03
  356.14,   850.09,   597.65
  355.33,   851.51,   722.64
  354.52,   852.94,   847.63
  473.99,   596.66,   601.31
  473.17,   598.09,   726.30
  472.36,   599.51,   851.28
  477.54,   721.61,   599.91
  476.73,   723.03,   724.90
  475.91,   724.45,   849.88
  481.09,   846.55,   598.51
  480.28,   847.97,   723.49
  479.46,   849.40,   848.48
  598.93,   593.12,   602.16
  598.12,   594.55,   727.15
  597.31,   595.97,   852.14
  602.49,   718.06,   600.76
  601.67,   719.49,   725.75
  600.86,   720.91,   850.74
  606.04,   843.01,   599.36
  605.22,   844.43,   724.35
  604.41,   845.85,   849.34
  475.52,   101.26,    98.39
  472.28,   100.32,   223.35
  469.03,    99.38,   348.30
  475.04,   226.25,    99.32
  471.80,   225.32,   224.27
  468.55,   224.38,   349.23
  474.56,   351.25,   100.24
  471.32,   350.31,   225.20
  468.07,   349.38,   350.15
  600.48,   101.71,   101.64
  597.23,   100.78,   226.60
  593.99,    99.84,   351.55
  600.00,   226.71,   102.57
  596.75,   225.77,   227.52
  593.51,   224.83,   352.48
  599.52,   351.71,   103.49
  596.28,   350.77,   228.45
  593.03,   349.83,   353.40
  725.43,   102.17,   104.89
  722.19,   101.23,   229.84
  718.95,   100.29,   354.80
  724.96,   227.16,   105.81
  721.71,   226.23,   230.77
  718.47,   225.29,   355.72
  724.48,   352.16,   106.74
  721.23,   351.22,   231.69
  717.99,   350.28,   356.65
  473.32,   100.56,   225.07
  470.37,   103.08,   350.01
  467.42,   105.61,   474.95
  474.05,   225.53,   222.57
  471.10,   228.06,   347.51
  468.15,   230.58,   472.45
  474.77,   350.51,   220.06
  471.83,   353.03,   345.00
  468.88,   355.55,   469.94
  598.28,    99.89,   228.03
  595.33,   102.42,   352.97
  592.39,   104.94,   477.91
  599.01,   224.87,   225.53
  596.06,   227.39,   350.47
  593.11,   229.91,   475.41
  599.74,   349.84,   223.02
  596.79,   352.36,   347.96
  593.84,   354.88,   472.90
  723.25,    99.23,   231.00
  720.30,   101.75,   355.94
  717.35,   104.27,   480.88
  723.97,   224.20,   228.49
  721.02,   226.72,   353.43
  718.08,   229.24,   478.37
  724.70,   349.17,   225.98
  721.75,   351.69,   350.92
  718.80,   354.22,   475.86
  475.58,    99.68,   349.21
  475.82,    99.13,   474.20
  476.06,    98.59,   599.20
  474.99,   224.67,   349.75
  475.22,   224.13,   474.75
  475.46,   223.58,   599.75
  474.39,   349.67,   350.30
  474.63,   349.13,   475.30
  474.86,   348.58,   600.29
  600.58,   100.27,   348.97
  600.82,    99.73,   473.97
  601.06,    99.19,   598.97
  599.98,   225.27,   349.52
  600.22,   224.73,   474.51
  600.46,   224.18,   599.51
  599.39,   350.27,   350.06
  599.62,   349.72,   475.06
  599.86,   349.18,   600.06
  725.58,   100.87,   348.73
  725.82,   100.33,   473.73
  726.06,    99.78,   598.73
  724.98,   225.87,   349.28
  725.22,   225.33,   474.28
  725.46,   224.78,   599.28
  724.39,   350.87,   349.83
  724.62,   350.32,   474.82
  724.86,   349.78,   599.82
  474.10,   101.68,   476.19
  476.33,    98.76,   601.14
  478.56,    95.84,   726.09
  474.78,   226.65,   479.10
  477.01,   223.72,   604.05
  479.24,   220.80,   729.00
  475.47,   351.61,   482.02
  477.70,   348.69,   606.96
  479.92,   345.77,   731.91
  599.08,   101.05,   473.95
  601.31,    98.13,   598.90
  603.53,    95.21,   723.84
  599.76,   226.02,   476.86
  601.99,   223.09,   601.81
  604.22,   220.17,   726.75
  600.45,   350.98,   479.77
  602.67,   348.06,   604.72
  604.90,   345.13,   729.66
  724.06,   100.42,   471.71
  726.28,    97.50,   596.65
  728.51,    94.57,   721.60
  724.74,   225.38,   474.62
  726.97,   222.46,   599.56
  729.20,   219.54,   724.51
  725.42,   350.35,   477.53
  727.65,   347.42,   602.47
  729.88,   344.50,   727.42
  475.53,    99.35,   600.56
  476.87,   101.11,   725.54
  478.22,   102.88,   850.52
  479.22,   224.28,   598.76
  480.56,   226.05,   723.74
  481.91,   227.81,   848.72
  482.91,   349.22,   596.96
  484.25,   350.98,   721.94
  485.60,   352.74,   846.92
  600.46,    95.64,   599.27
  601.81,    97.40,   724.25
  603.15,    99.17,   849.23
  604.16,   220.57,   597.47
  605.50,   222.34,   722.45
  606.84,   224.10,   847.43
  607.85,   345.51,   595.67
  609.19,   347.27,   720.65
  610.54,   349.03,   845.63
  725.40,    91.93,   597.98
  726.75,    93.69,   722.96
  728.09,    95.46,   847.94
  729.09,   216.86,   596.18
  730.44,   218.63,   721.16
  731.78,   220.39,   846.14
  732.78,   341.80,   594.38
  734.13,   343.56,   719.36
  735.47,   345.32,   844.34
  476.98,   225.28,    99.02
  480.67,   223.75,   223.96
  484.35,   222.22,   348.90
  474.73,   350.25,   100.62
  478.42,   348.72,   225.56
  482.10,   347.19,   350.49
  472.48,   475.22,   102.22
  476.17,   473.69,   227.15
  479.85,   472.16,   352.09
  601.91,   227.57,    95.37
  605.59,   226.04,   220.30
  609.28,   224.51,   345.24
  599.66,   352.54,    96.96
  603.34,   351.01,   221.90
  607.03,   349.48,   346.84
  597.41,   477.51,    98.56
  601.09,   475.98,   223.50
  604.78,   474.45,   348.43
  726.83,   229.87,    91.71
  730.52,   228.34,   216.65
  734.20,   226.81,   341.58
  724.58,   354.84,    93.31
  728.27,   353.31,   218.24
  731.95,   351.78,   343.18
  722.33,   479.81,    94.91
  726.02,   478.28,   219.84
  729.70,   476.75,   344.78
  476.75,   225.33,   223.14
  479.18,   222.33,   348.08
  481.60,   219.32,   473.02
  479.52,   350.27,   226.09
  481.95,   347.26,   351.03
  484.38,   344.26,   475.97
  482.29,   475.20,   229.04
  484.72,   472.20,   353.98
  487.15,   469.19,   478.92
  601.69,   222.62,   220.65
  604.12,   219.62,   345.59
  606.55,   216.61,   470.53
  604.47,   347.55,   223.60
  606.89,   344.55,   348.54
  609.32,   341.55,   473.48
  607.24,   472.49,   226.55
  609.67,   469.48,   351.49
  612.09,   466.48,   476.43
  726.64,   219.91,   218.16
  729.07,   216.90,   343.10
  731.50,   213.90,   468.04
  729.41,   344.84,   221.11
  731.84,   341.84,   346.05
  734.27,   338.83,   470.99
  732.18,   469.78,   224.06
  734.61,   466.77,   349.00
  737.04,   463.77,   473.94
  474.81,   223.88,   348.86
  475.34,   224.22,   473.85
  475.87,   224.55,   598.85
  477.49,   348.85,   348.50
  478.03,   349.19,   473.50
  478.56,   349.53,   598.50
  480.18,   473.82,   348.15
  480.72,   474.16,   473.15
  481.25,   474.50,   598.15
  599.78,   221.19,   348.33
  600.31,   221.53,   473.33
  600.84,   221.87,   598.33
  602.46,   346.16,   347.98
  603.00,   346.50,   472.98
  603.53,   346.84,   597.97
  605.15,   471.13,   347.63
  605.69,   471.47,   472.63
  606.22,   471.81,   597.62
  724.75,   218.50,   347.80
  725.28,   218.84,   472.80
  725.81,   219.18,   597.80
  727.43,   343.47,   347.45
  727.97,   343.81,   472.45
  728.50,   344.15,   597.45
  730.12,   468.44,   347.10
  730.66,   468.78,   472.10
  731.19,   469.12,   597.10
  474.19,   227.00,   475.07
  473.89,   228.51,   600.06
  473.59,   230.02,   725.05
  473.58,   351.99,   473.55
  473.28,   353.50,   598.54
  472.97,   355.01,   723.53
  472.96,   476.98,   472.04
  472.66,   478.49,   597.03
  472.36,   480.00,   722.02
  599.19,   227.62,   475.36
  598.89,   229.13,   600.35
  598.59,   230.64,   725.34
  598.58,   352.61,   473.85
  598.27,   354.12,   598.84
  597.97,   355.63,   723.83
  597.96,   477.60,   472.33
  597.66,   479.11,   597.32
  597.36,   480.62,   722.31
  724.19,   228.24,   475.66
  723.89,   229.75,   600.65
  723.58,   231.26,   725.64
  723.57,   353.23,   474.14
  723.27,   354.74,   599.13
  722.97,   356.25,   724.12
  722.96,   478.21,   472.63
  722.66,   479.73,   597.62
  722.35,   481.24,   722.61
  474.39,   223.48,   601.53
  475.19,   225.68,   726.51
  476.00,   227.87,   851.49
  471.04,   348.42,   599.36
  471.85,   350.62,   724.34
  472.66,   352.81,   849.31
  467.70,   473.36,   597.19
  468.51,   475.55,   722.16
  469.32,   477.75,   847.14
  599.34,   226.81,   600.66
  600.15,   229.01,   725.64
  600.96,   231.20,   850.62
  596.00,   351.75,   598.49
  596.80,   353.94,   723.47
  597.61,   356.14,   848.45
  592.65,   476.68,   596.32
  593.46,   478.88,   721.30
  594.27,   481.07,   846.27
  724.29,   230.14,   599.80
  725.10,   232.33,   724.78
  725.91,   234.53,   849.75
  720.95,   355.07,   597.62
  721.76,   357.27,   722.60
  722.57,   359.47,   847.58
  717.61,   480.01,   595.45
  718.41,   482.21,   720.43
  719.22,   484.40,   845.41
  473.05,   348.87,    98.95
  472.84,   345.76,   223.91
  472.63,   342.65,   348.87
  470.40,   473.80,   102.05
  470.19,   470.69,   227.01
  469.98,   467.58,   351.97
  467.75,   598.73,   105.15
  467.54,   595.62,   230.12
  467.33,   592.52,   355.08
  598.03,   351.51,    99.23
  597.81,   348.40,   224.19
  597.60,   345.29,   349.15
  595.38,   476.44,   102.33
  595.16,   473.34,   227.29
  594.95,   470.23,   352.25
  592.72,   601.38,   105.43
  592.51,   598.27,   230.40
  592.30,   595.16,   355.36
  723.00,   354.16,    99.51
  722.78,   351.05,   224.47
  722.57,   347.94,   349.43
  720.35,   479.09,   102.61
  720.13,   475.98,   227.57
  719.92,   472.87,   352.53
  717.70,   604.02,   105.71
  717.48,   600.91,   230.67
  717.27,   597.80,   355.64
  473.50,   350.42,   224.18
  472.09,   353.90,   349.12
  470.68,   357.39,   474.06
  475.05,   475.36,   220.71
  473.64,   478.85,   345.65
  472.24,   482.33,   470.60
  476.60,   600.31,   217.24
  475.20,   603.79,   342.19
  473.79,   607.27,   467.13
  598.48,   348.91,   225.62
  597.07,   352.39,   350.57
  595.67,   355.87,   475.51
  600.03,   473.85,   222.16
  598.63,   477.33,   347.10
  597.22,   480.81,   472.04
  601.59,   598.79,   218.69
  600.18,   602.27,   343.64
  598.78,   605.76,   468.58
  723.46,   347.39,   227.07
  722.05,   350.87,   352.02
  720.65,   354.36,   476.96
  725.01,   472.33,   223.61
  723.61,   475.82,   348.55
  722.20,   479.30,   473.49
  726.57,   597.27,   220.14
  725.16,   600.76,   345.08
  723.76,   604.24,   470.03
  475.12,   348.08,   350.23
  477.11,   347.07,   475.21
  479.10,   346.06,   600.19
  474.68,   473.07,   351.24
  476.67,   472.06,   476.22
  478.65,   471.06,   601.20
  474.23,   598.07,   352.25
  476.22,   597.06,   477.23
  478.21,   596.05,   602.21
  600.11,   348.54,   348.24
  602.09,   347.53,   473.22
  604.08,   346.52,   598.20
  599.66,   473.53,   349.25
  601.65,   472.52,   474.23
  603.64,   471.52,   599.21
  599.22,   598.53,   350.27
  601.21,   597.52,   475.25
  603.19,   596.51,   600.23
  725.09,   349.00,   346.26
  727.08,   347.99,   471.24
  729.07,   346.98,   596.22
  724.65,   473.99,   347.27
  726.63,   472.98,   472.25
  728.62,   471.98,   597.23
  724.20,   598.99,   348.28
  726.19,   597.98,   473.26
  728.18,   596.97,   598.24
  474.36,   351.82,   474.33
  477.12,   350.68,   599.30
  479.87,   349.55,   724.26
  477.83,   476.77,   475.39
  480.59,   475.63,   600.36
  483.35,   474.49,   725.32
  481.31,   601.71,   476.45
  484.07,   600.58,   601.42
  486.82,   599.44,   726.38
  599.28,   348.37,   471.55
  602.04,   347.23,   596.51
  604.79,   346.09,   721.48
  602.76,   473.32,   472.61
  605.51,   472.18,   597.57
  608.27,   471.04,   722.54
  606.23,   598.26,   473.67
  608.99,   597.13,   598.63
  611.74,   595.99,   723.60
  724.20,   344.92,   468.76
  726.96,   343.78,   593.72
  729.71,   342.64,   718.69
  727.68,   469.86,   469.82
  730.43,   468.73,   594.78
  733.19,   467.59,   719.75
  731.15,   594.81,   470.88
  733.91,   593.68,   595.84
  736.67,   592.54,   720.81
  475.82,   349.14,   601.33
  474.64,   347.77,   726.32
  473.46,   346.40,   851.31
  474.96,   474.13,   602.70
  473.78,   472.76,   727.68
  472.60,   471.39,   852.67
  474.09,   599.12,   604.06
  472.91,   597.75,   729.04
  471.73,   596.38,   854.03
  600.81,   349.99,   602.52
  599.63,   348.62,   727.51
  598.45,   347.25,   852.50
  599.95,   474.98,   603.88
  598.77,   473.61,   728.87
  597.59,   472.24,   853.86
  599.09,   599.97,   605.25
  597.91,   598.60,   730.23
  596.73,   597.23,   855.22
  725.81,   350.84,   603.71
  724.63,   349.47,   728.70
  723.45,   348.10,   853.69
  724.94,   475.83,   605.07
  723.76,   474.46,   730.06
  722.58,   473.09,   855.05
  724.08,   600.82,   606.44
  722.90,   599.45,   731.42
  721.72,   598.08,   856.41
  476.42,   476.24,   100.76
  477.66,   474.55,   225.75
  478.91,   472.86,   350.73
  473.43,   601.20,   102.48
  474.67,   599.50,   227.47
  475.92,   597.81,   352.45
  470.44,   726.15,   104.20
  471.69,   724.46,   229.19
  472.93,   722.77,   354.17
  601.37,   479.25,    99.56
  602.62,   477.56,   224.54
  603.87,   475.87,   349.52
  598.38,   604.20,   101.28
  599.63,   602.51,   226.26
  600.88,   600.82,   351.24
  595.40,   729.15,   103.00
  596.64,   727.46,   227.98
  597.89,   725.77,   352.96
  726.33,   482.26,    98.35
  727.58,   480.56,   223.33
  728.83,   478.87,   348.31
  723.34,   607.21,   100.07
  724.59,   605.52,   225.05
  725.84,   603.83,   350.03
  720.35,   732.16,   101.79
  721.60,   730.47,   226.77
  722.85,   728.78,   351.75
  474.27,   475.76,   226.80
  474.75,   472.88,   351.77
  475.23,   469.99,   476.73
  477.63,   600.68,   229.67
  478.11,   597.80,   354.64
  478.59,   594.92,   479.60
  480.98,   725.60,   232.54
  481.46,   722.72,   357.51
  481.94,   719.84,   482.47
  599.22,   472.41,   226.24
  599.70,   469.53,   351.21
  600.19,   466.65,   476.18
  602.58,   597.34,   229.11
  603.06,   594.45,   354.08
  603.54,   591.57,   479.04
  605.94,   722.26,   231.98
  606.42,   719.38,   356.95
  606.90,   716.49,   481.91
  724.18,   469.07,   225.69
  724.66,   466.19,   350.65
  725.14,   463.30,   475.62
  727.53,   593.99,   228.55
  728.01,   591.11,   353.52
  728.50,   588.23,   478.49
  730.89,   718.91,   231.42
  731.37,   716.03,   356.39
  731.85,   713.15,   481.35
  473.08,   475.32,   350.79
  471.16,   472.64,   475.75
  469.25,   469.95,   600.71
  474.63,   600.28,   353.50
  472.71,   597.60,   478.46
  470.79,   594.91,   603.41
  476.18,   725.24,   356.21
  474.26,   722.56,   481.16
  472.34,   719.88,   606.12
  598.06,   473.73,   352.68
  596.14,   471.05,   477.63
  594.22,   468.36,   602.59
  599.60,   598.69,   355.38
  597.69,   596.01,   480.34
  595.77,   593.33,   605.30
  601.15,   723.65,   358.09
  599.23,   720.97,   483.05
  597.32,   718.29,   608.00
  723.03,   472.14,   354.56
  721.11,   469.46,   479.52
  719.20,   466.78,   604.47
  724.58,   597.10,   357.27
  722.66,   594.42,   482.22
  720.75,   591.74,   607.18
  726.13,   722.06,   359.97
  724.21,   719.38,   484.93
  722.29,   716.70,   609.89
  473.98,   476.69,   473.31
  470.98,   474.08,   598.25
  467.98,   471.47,   723.19
  470.95,   601.63,   475.85
  467.95,   599.02,   600.79
  464.95,   596.41,   725.72
  467.91,   726.56,   478.38
  464.91,   723.95,   603.32
  461.91,   721.35,   728.26
  598.91,   479.66,   476.38
  595.91,   477.05,   601.31
  592.91,   474.45,   726.25
  595.87,   604.60,   478.91
  592.87,   601.99,   603.85
  589.87,   599.38,   728.78
  592.84,   729.54,   481.45
  589.84,   726.93,   606.38
  586.84,   724.32,   731.32
  723.84,   482.63,   479.44
  720.84,   480.03,   604.37
  717.84,   477.42,   729.31
  720.80,   607.57,   481.97
  717.80,   604.96,   606.91
  714.80,   602.36,   731.85
  717.77,   732.51,   484.51
  714.77,   729.90,   609.44
  711.76,   727.29,   734.38
  476.47,   475.59,   600.42
  473.80,   473.09,   725.36
  471.12,   470.60,   850.31
  475.01,   600.55,   602.88
  472.33,   598.06,   727.83
  469.66,   595.57,   852.77
  473.54,   725.52,   605.34
  470.87,   723.03,   730.29
  468.19,   720.53,   855.24
  601.43,   477.00,   603.12
  598.76,   474.50,   728.07
  596.08,   472.01,   853.01
  599.97,   601.96,   605.58
  597.30,   599.47,   730.53
  594.62,   596.98,   855.48
  598.51,   726.93,   608.05
  595.83,   724.44,   732.99
  593.16,   721.94,   857.94
  726.40,   478.41,   605.82
  723.72,   475.91,   730.77
  721.05,   473.42,   855.72
  724.93,   603.38,   608.29
  722.26,   600.88,   733.23
  719.58,   598.39,   858.18
  723.47,   728.34,   610.75
  720.79,   725.85,   735.70
  718.12,   723.36,   860.64
  475.72,   598.78,   101.21
  474.54,   599.91,   226.20
  473.35,   601.03,   351.19
  479.01,   723.73,   100.12
  477.82,   724.86,   225.11
  476.64,   725.98,   350.10
  482.30,   848.69,    99.03
  481.11,   849.81,   224.02
  479.93,   850.93,   349.00
  600.67,   595.50,   102.42
  599.49,   596.63,   227.41
  598.30,   597.75,   352.40
  603.96,   720.46,   101.33
  602.77,   721.58,   226.32
  601.59,   722.70,   351.31
  607.25,   845.41,   100.24
  606.06,   846.53,   225.23
  604.88,   847.66,   350.22
  725.62,   592.23,   103.64
  724.44,   593.35,   228.63
  723.25,   594.47,   353.62
  728.91,   717.18,   102.55
  727.73,   718.30,   227.54
  726.54,   719.43,   352.52
  732.20,   842.13,   101.45
  731.01,   843.25,   226.44
  729.83,   844.38,   351.43
  475.38,   599.42,   224.78
  473.81,   602.40,   349.74
  472.25,   605.38,   474.69
  476.98,   724.38,   221.82
  475.41,   727.36,   346.78
  473.85,   730.34,   471.73
  478.58,   849.33,   218.86
  477.01,   852.31,   343.82
  475.45,   855.29,   468.77
  600.36,   597.86,   226.38
  598.79,   600.84,   351.34
  597.23,   603.82,   476.29
  601.96,   722.81,   223.42
  600.39,   725.79,   348.38
  598.83,   728.77,   473.33
  603.56,   847.77,   220.46
  601.99,   850.75,   345.42
  600.43,   853.73,   470.37
  725.34,   596.29,   227.98
  723.77,   599.27,   352.94
  722.21,   602.26,   477.89
  726.94,   721.25,   225.02
  725.37,   724.23,   349.98
  723.81,   727.21,   474.93
  728.54,   846.20,   222.06
  726.97,   849.18,   347.02
  725.41,   852.16,   471.97
  474.37,   599.55,   349.62
  475.64,   599.44,   474.61
  476.92,   599.34,   599.60
  473.79,   724.55,   349.73
  475.07,   724.44,   474.72
  476.34,   724.34,   599.71
  473.21,   849.54,   349.84
  474.49,   849.44,   474.83
  475.76,   849.34,   599.82
  599.36,   600.13,   348.34
  600.64,   600.02,   473.34
  601.91,   599.92,   598.33
  598.78,   725.13,   348.45
  600.06,   725.02,   473.45
  601.33,   724.92,   598.44
  598.21,   850.12,   348.56
  599.48,   850.02,   473.56
  600.75,   849.92,   598.55
  724.35,   600.71,   347.07
  725.63,   600.60,   472.07
  726.90,   600.50,   597.06
  723.78,   725.70,   347.18
  725.05,   725.60,   472.18
  726.32,   725.50,   597.17
  723.20,   850.70,   347.29
  724.47,   850.60,   472.28
  725.74,   850.50,   597.28
  473.30,   598.62,   473.90
  474.35,   598.10,   598.90
  475.41,   597.57,   723.89
  472.51,   723.62,   474.43
  473.57,   723.09,   599.43
  474.62,   722.57,   724.42
  471.72,   848.61,   474.96
  472.78,   848.09,   599.96
  473.84,   847.57,   724.95
  598.29,   599.41,   472.85
  599.35,   598.89,   597.84
  600.40,   598.36,   722.84
  597.50,   724.41,   473.38
  598.56,   723.88,   598.37
  599.62,   723.36,   723.37
  596.72,   849.40,   473.91
  597.77,   848.88,   598.90
  598.83,   848.36,   723.90
  723.28,   600.20,   471.80
  724.34,   599.68,   596.79
  725.40,   599.15,   721.78
  722.50,   725.20,   472.33
  723.55,   724.67,   597.32
  724.61,   724.15,   722.31
  721.71,   850.19,   472.86
  722.77,   849.67,   597.85
  723.82,   849.15,   722.84
  476.63,   599.49,   599.84
  478.41,   601.70,   724.81
  480.19,   603.91,   849.77
  477.77,   724.47,   597.61
  479.55,   726.68,   722.58
  481.33,   728.88,   847.55
  478.91,   849.44,   595.39
  480.69,   851.65,   720.36
  482.47,   853.86,   845.33
  601.61,   598.32,   598.08
  603.39,   600.53,   723.05
  605.17,   602.74,   848.01
  602.75,   723.29,   595.85
  604.53,   725.50,   720.82
  606.31,   727.71,   845.79
  603.89,   848.27,   593.63
  605.67,   850.48,   718.60
  607.46,   852.68,   843.57
  726.59,   597.15,   596.32
  728.37,   599.35,   721.29
  730.15,   601.56,   846.25
  727.73,   722.12,   594.09
  729.51,   724.33,   719.06
  731.29,   726.54,   844.03
  728.88,   847.10,   591.87
  730.66,   849.30,   716.84
  732.44,   851.51,   841.81
  601.52,   101.40,    99.40
  601.22,   101.48,   224.40
  600.92,   101.55,   349.40
  601.55,   226.40,    99.33
  601.25,   226.48,   224.33
  600.95,   226.55,   349.32
  601.58,   351.40,    99.26
  601.28,   351.48,   224.25
  600.97,   351.55,   349.25
  726.52,   101.38,    99.70
  726.22,   101.45,   224.70
  725.92,   101.52,   349.70
  726.55,   226.38,    99.63
  726.25,   226.45,   224.63
  725.95,   226.52,   349.63
  726.58,   351.38,    99.56
  726.28,   351.45,   224.56
  725.97,   351.52,   349.56
  851.52,   101.35,   100.00
  851.22,   101.42,   225.00
  850.92,   101.49,   350.00
  851.55,   226.35,    99.93
  851.25,   226.42,   224.93
  850.95,   226.49,   349.93
  851.58,   351.35,    99.86
  851.28,   351.42,   224.86
  850.97,   351.49,   349.86
  600.64,    99.20,   225.64
  597.72,   102.54,   350.56
  594.81,   105.88,   475.49
  600.15,   224.15,   222.29
  597.23,   227.49,   347.21
  594.32,   230.83,   472.13
  599.65,   349.10,   218.94
  596.74,   352.44,   343.86
  593.83,   355.78,   468.78
  725.60,    99.76,   228.54
  722.69,   103.10,   353.46
  719.77,   106.45,   478.38
  725.11,   224.72,   225.19
  722.20,   228.06,   350.11
  719.28,   231.40,   475.03
  724.62,   349.67,   221.84
  721.71,   353.01,   346.76
  718.79,   356.35,   471.68
  850.57,   100.33,   231.44
  847.65,   103.67,   356.36
  844.74,   107.01,   481.28
  850.08,   225.29,   228.09
  847.16,   228.63,   353.01
  844.25,   231.97,   477.93
  849.58,   350.24,   224.74
  846.67,   353.58,   349.66
  843.76,   356.92,   474.58
  598.81,   101.38,   349.31
  602.32,   101.30,   474.26
  605.82,   101.22,   599.21
  601.81,   226.34,   349.31
  605.32,   226.26,   474.26
  608.82,   226.19,   599.21
  604.81,   351.31,   349.30
  608.32,   351.23,   474.25
  611.82,   351.15,   599.20
  723.73,    98.38,   345.81
  727.23,    98.30,   470.76
  730.73,    98.22,   595.71
  726.73,   223.34,   345.80
  730.23,   223.27,   470.75
  733.73,   223.19,   595.70
  729.73,   348.31,   345.80
  733.23,   348.23,   470.75
  736.73,   348.15,   595.70
  848.64,    95.38,   342.30
  852.15,    95.30,   467.26
  855.65,    95.22,   592.21
  851.64,   220.35,   342.30
  855.15,   220.27,   467.25
  858.65,   220.19,   592.20
  854.64,   345.31,   342.29
  858.15,   345.23,   467.24
  861.65,   345.15,   592.19
  600.66,   101.72,   476.84
  600.86,   103.27,   601.83
  601.07,   104.82,   726.82
  599.18,   226.71,   475.29
  599.39,   228.26,   600.28
  599.59,   229.80,   725.27
  597.70,   351.69,   473.74
  597.91,   353.24,   598.73
  598.11,   354.79,   723.72
  725.65,   103.20,   476.61
  725.86,   104.75,   601.60
  726.06,   106.30,   726.59
  724.17,   228.18,   475.06
  724.38,   229.73,   600.05
  724.58,   231.28,   725.04
  722.69,   353.16,   473.52
  722.90,   354.71,   598.51
  723.11,   356.26,   723.50
  850.64,   104.68,   476.38
  850.85,   106.23,   601.37
  851.06,   107.78,   726.36
  849.16,   229.66,   474.84
  849.37,   231.21,   599.83
  849.58,   232.76,   724.82
  847.68,   354.64,   473.29
  847.89,   356.19,   598.28
  848.10,   357.74,   723.27
  598.19,    98.56,   598.74
  596.66,    97.95,   723.73
  595.13,    97.35,   848.72
  597.68,   223.56,   599.34
  596.15,   222.95,   724.33
  594.63,   222.34,   849.32
  597.17,   348.55,   599.94
  595.65,   347.95,   724.93
  594.12,   347.34,   849.92
  723.18,    99.06,   600.27
  721.65,    98.45,   725.26
  720.12,    97.84,   850.25
  722.67,   224.05,   600.87
  721.14,   223.45,   725.86
  719.61,   222.84,   850.85
  722.16,   349.05,   601.47
  720.64,   348.45,   726.46
  719.11,   347.84,   851.45
  848.16,    99.56,   601.80
  846.64,    98.95,   726.79
  845.11,    98.34,   851.78
  847.66,   224.55,   602.40
  846.13,   223.95,   727.39
  844.60,   223.34,   852.38
  847.15,   349.55,   603.00
  845.63,   348.94,   727.99
  844.10,   348.34,   852.98
  601.01,   225.90,   100.68
  603.20,   229.42,   225.61
  605.39,   232.93,   350.54
  598.02,   350.82,    97.22
  600.22,   354.33,   222.15
  602.41,   357.85,   347.08
  595.04,   475.73,    93.75
  597.23,   479.25,   218.69
  599.43,   482.76,   343.62
  725.95,   228.82,    98.40
  728.15,   232.34,   223.33
  730.34,   235.85,   348.26
  722.97,   353.74,    94.94
  725.16,   357.25,   219.87
  727.36,   360.77,   344.80
  719.99,   478.66,    91.48
  722.18,   482.17,   216.41
  724.37,   485.68,   341.34
  850.90,   231.74,    96.13
  853.09,   235.26,   221.06
  855.28,   238.77,   345.99
  847.91,   356.66,    92.66
  850.11,   360.17,   217.60
  852.30,   363.69,   342.53
  844.93,   481.58,    89.20
  847.12,   485.09,   214.13
  849.32,   488.60,   339.07
  600.68,   226.48,   226.10
  600.54,   222.88,   351.05
  600.41,   219.28,   476.00
  602.80,   351.41,   229.70
  602.66,   347.81,   354.65
  602.52,   344.21,   479.60
  604.92,   476.34,   233.30
  604.78,   472.74,   358.25
  604.64,   469.14,   483.20
  725.66,   224.36,   226.18
  725.52,   220.76,   351.12
  725.39,   217.16,   476.07
  727.78,   349.29,   229.78
  727.64,   345.69,   354.72
  727.50,   342.09,   479.67
  729.90,   474.22,   233.38
  729.76,   470.62,   358.32
  729.62,   467.02,   483.27
  850.64,   222.24,   226.25
  850.51,   218.64,   351.20
  850.37,   215.04,   476.15
  852.76,   347.17,   229.85
  852.62,   343.57,   354.80
  852.49,   339.97,   479.75
  854.88,   472.10,   233.45
  854.74,   468.50,   358.40
  854.60,   464.90,   483.35
  600.30,   223.06,   351.67
  601.64,   226.66,   476.61
  602.97,   230.26,   601.55
  598.93,   348.00,   348.08
  600.27,   351.60,   473.02
  601.60,   355.20,   597.96
  597.56,   472.94,   344.49
  598.90,   476.54,   469.44
  600.23,   480.14,   594.38
  725.28,   224.39,   350.29
  726.62,   227.99,   475.23
  727.96,   231.59,   600.18
  723.91,   349.33,   346.71
  725.25,   352.93,   471.65
  726.59,   356.53,   596.59
  722.54,   474.27,   343.12
  723.88,   477.87,   468.06
  725.22,   481.48,   593.00
  850.27,   225.72,   348.92
  851.61,   229.32,   473.86
  852.94,   232.92,   598.80
  848.90,   350.66,   345.33
  850.24,   354.26,   470.27
  851.57,   357.86,   595.21
  847.53,   475.60,   341.74
  848.87,   479.20,   466.68
  850.21,   482.81,   591.62
  600.95,   226.34,   473.19
  599.33,   222.89,   598.14
  597.72,   219.43,   723.08
  601.84,   351.29,   476.66
  600.23,   347.84,   601.60
  598.62,   344.38,   726.55
  602.74,   476.24,   480.13
  601.13,   472.78,   605.07
  599.52,   469.33,   730.01
  725.93,   225.40,   474.78
  724.32,   221.94,   599.72
  722.71,   218.49,   724.66
  726.83,   350.35,   478.25
  725.22,   346.89,   603.19
  723.61,   343.44,   728.13
  727.73,   475.30,   481.72
  726.12,   471.84,   606.66
  724.51,   468.38,   731.60
  850.92,   224.46,   476.37
  849.31,   221.00,   601.31
  847.70,   217.54,   726.25
  851.82,   349.41,   479.83
  850.21,   345.95,   604.78
  848.59,   342.49,   729.72
  852.72,   474.36,   483.30
  851.10,   470.90,   608.24
  849.49,   467.44,   733.19
  598.92,   225.68,   600.79
  599.41,   224.88,   725.78
  599.90,   224.08,   850.78
  601.91,   350.64,   601.57
  602.40,   349.84,   726.57
  602.89,   349.05,   851.56
  604.91,   475.60,   602.36
  605.40,   474.80,   727.35
  605.89,   474.01,   852.35
  723.88,   222.68,   600.28
  724.37,   221.89,   725.27
  724.86,   221.09,   850.27
  726.88,   347.64,   601.06
  727.37,   346.85,   726.06
  727.86,   346.05,   851.06
  729.87,   472.60,   601.85
  730.36,   471.81,   726.84
  730.85,   471.01,   851.84
  848.84,   219.69,   599.77
  849.33,   218.89,   724.76
  849.82,   218.10,   849.76
  851.84,   344.65,   600.55
  852.33,   343.85,   725.55
  852.82,   343.06,   850.55
  854.84,   469.61,   601.34
  855.33,   468.81,   726.33
  855.82,   468.02,   851.33
  600.25,   350.54,   100.42
  599.11,   351.36,   225.41
  597.97,   352.17,   350.40
  596.90,   475.50,    99.58
  595.75,   476.31,   224.57
  594.61,   477.12,   349.56
  593.54,   600.45,    98.73
  592.40,   601.26,   223.73
  591.25,   602.07,   348.72
  725.20,   353.91,   101.54
  724.06,   354.72,   226.53
  722.92,   355.53,   351.52
  721.85,   478.86,   100.70
  720.70,   479.67,   225.69
  719.56,   480.48,   350.68
  718.49,   603.81,    99.85
  717.35,   604.62,   224.85
  716.20,   605.44,   349.84
  850.15,   357.27,   102.66
  849.01,   358.09,   227.65
  847.87,   358.90,   352.64
  846.79,   482.23,   101.82
  845.65,   483.04,   226.81
  844.51,   483.85,   351.80
  843.44,   607.18,   100.97
  842.29,   607.99,   225.97
  841.15,   608.80,   350.96
  598.54,   350.68,   226.93
  595.85,   352.97,   351.88
  593.16,   355.26,   476.83
  595.30,   475.62,   224.57
  592.61,   477.90,   349.52
  589.92,   480.19,   474.47
  592.06,   600.55,   222.21
  589.37,   602.84,   347.16
  586.68,   605.13,   472.11
  723.47,   353.97,   229.56
  720.78,   356.26,   354.51
  718.09,   358.55,   479.46
  720.23,   478.91,   227.20
  717.54,   481.19,   352.15
  714.85,   483.48,   477.10
  716.99,   603.84,   224.84
  714.30,   606.13,   349.79
  711.61,   608.42,   474.74
  848.40,   357.26,   232.19
  845.71,   359.55,   357.14
  843.01,   361.84,   482.09
  845.16,   482.20,   229.83
  842.47,   484.48,   354.78
  839.77,   486.77,   479.73
  841.92,   607.13,   227.47
  839.23,   609.42,   352.42
  836.53,   611.71,   477.37
  601.02,   348.45,   348.45
  597.28,   348.10,   473.39
  593.53,   347.74,   598.34
  603.80,   473.42,   348.89
  600.05,   473.07,   473.83
  596.31,   472.71,   598.78
  606.58,   598.39,   349.33
  602.83,   598.03,   474.27
  599.09,   597.68,   599.22
  725.93,   345.66,   352.19
  722.19,   345.31,   477.13
  718.45,   344.95,   602.07
  728.71,   470.63,   352.63
  724.97,   470.28,   477.57
  721.22,   469.92,   602.51
  731.49,   595.60,   353.07
  727.75,   595.24,   478.01
  724.00,   594.89,   602.95
  850.85,   342.88,   355.92
  847.10,   342.52,   480.86
  843.36,   342.16,   605.81
  853.62,   467.84,   356.36
  849.88,   467.49,   481.30
  846.14,   467.13,   606.25
  856.40,   592.81,   356.80
  852.66,   592.46,   481.74
  848.91,   592.10,   606.69
  601.48,   348.12,   474.82
  602.29,   350.60,   599.79
  603.10,   353.08,   724.77
  599.04,   473.07,   472.36
  599.85,   475.55,   597.33
  600.66,   478.03,   722.30
  596.61,   598.03,   469.90
  597.42,   600.50,   594.87
  598.23,   602.98,   719.84
  726.45,   350.54,   473.96
  727.26,   353.01,   598.94
  728.07,   355.49,   723.91
  724.02,   475.49,   471.50
  724.83,   477.97,   596.47
  725.64,   480.44,   721.45
  721.58,   600.44,   469.04
  722.39,   602.92,   594.01
  723.20,   605.40,   718.99
  851.42,   352.95,   473.10
  852.23,   355.43,   598.08
  853.04,   357.91,   723.05
  848.99,   477.91,   470.64
  849.80,   480.38,   595.62
  850.61,   482.86,   720.59
  846.56,   602.86,   468.18
  847.37,   605.34,   593.15
  848.18,   607.81,   718.13
  601.21,   348.50,   600.49
  599.89,   346.68,   725.47
  598.57,   344.85,   850.45
  597.57,   473.43,   602.27
  596.25,   471.61,   727.25
  594.93,   469.79,   852.23
  593.92,   598.37,   604.06
  592.60,   596.54,   729.04
  591.28,   594.72,   854.02
  726.15,   352.12,   601.86
  724.83,   350.30,   726.84
  723.51,   348.48,   851.82
  722.50,   477.06,   603.64
  721.19,   475.24,   728.62
  719.87,   473.41,   853.60
  718.86,   601.99,   605.43
  717.54,   600.17,   730.41
  716.22,   598.35,   855.39
  851.09,   355.75,   603.23
  849.77,   353.93,   728.21
  848.45,   352.10,   853.19
  847.44,   480.69,   605.01
  846.13,   478.86,   729.99
  844.81,   477.04,   854.97
  843.80,   605.62,   606.80
  842.48,   603.80,   731.78
  841.16,   601.97,   856.76
  599.57,   473.59,   101.20
  602.35,   471.83,   226.15
  605.13,   470.07,   351.11
  603.04,   598.53,   102.88
  605.82,   596.77,   227.84
  608.60,   595.01,   352.79
  606.50,   723.47,   104.57
  609.28,   721.71,   229.52
  612.06,   719.95,   354.48
  724.49,   470.17,    98.37
  727.27,   468.41,   223.32
  730.06,   466.65,   348.28
  727.96,   595.11,   100.05
  730.74,   593.35,   225.01
  733.52,   591.59,   349.97
  731.42,   720.05,   101.74
  734.20,   718.29,   226.69
  736.98,   716.53,   351.65
  849.42,   466.75,    95.54
  852.20,   464.98,   220.50
  854.98,   463.22,   345.45
  852.88,   591.69,    97.22
  855.66,   589.92,   222.18
  858.44,   588.16,   347.14
  856.34,   716.63,    98.91
  859.12,   714.87,   223.87
  861.90,   713.10,   348.82
  598.96,   476.88,   225.33
  599.37,   475.93,   350.32
  599.79,   474.98,   475.32
  602.11,   601.84,   226.27
  602.53,   600.89,   351.26
  602.94,   599.94,   476.26
  605.27,   726.80,   227.21
  605.68,   725.85,   352.20
  606.10,   724.90,   477.20
  723.92,   473.73,   224.89
  724.33,   472.78,   349.88
  724.75,   471.83,   474.88
  727.07,   598.69,   225.83
  727.49,   597.74,   350.82
  727.90,   596.79,   475.82
  730.23,   723.64,   226.77
  730.64,   722.69,   351.76
  731.06,   721.74,   476.76
  848.88,   470.58,   224.45
  849.29,   469.63,   349.45
  849.71,   468.68,   474.44
  852.03,   595.54,   225.39
  852.45,   594.59,   350.38
  852.86,   593.64,   475.38
  855.19,   720.49,   226.33
  855.60,   719.54,   351.32
  856.02,   718.59,   476.32
  601.54,   474.85,   348.35
  602.61,   477.44,   473.32
  603.68,   480.03,   598.29
  602.48,   599.82,   345.76
  603.55,   602.41,   470.73
  604.62,   605.00,   595.69
  603.43,   724.79,   343.16
  604.49,   727.38,   468.13
  605.56,   729.97,   593.10
  726.53,   473.89,   347.30
  727.60,   476.48,   472.27
  728.67,   479.07,   597.24
  727.48,   598.86,   344.71
  728.54,   601.45,   469.68
  729.61,   604.04,   594.65
  728.42,   723.83,   342.11
  729.49,   726.42,   467.08
  730.55,   729.01,   592.05
  851.53,   472.93,   346.26
  852.59,   475.51,   471.22
  853.66,   478.10,   596.19
  852.47,   597.90,   343.66
  853.54,   600.48,   468.63
  854.60,   603.07,   593.60
  853.41,   722.86,   341.06
  854.48,   725.45,   466.03
  855.55,   728.04,   591.00
  600.64,   474.96,   474.16
  603.29,   472.12,   599.10
  605.94,   469.28,   724.03
  603.89,   599.89,   476.93
  606.54,   597.05,   601.87
  609.19,   594.20,   726.81
  607.15,   724.82,   479.70
  609.80,   721.97,   604.64
  612.45,   719.13,   729.58
  725.57,   471.77,   471.43
  728.22,   468.93,   596.37
  730.87,   466.08,   721.31
  728.82,   596.69,   474.21
  731.47,   593.85,   599.14
  734.12,   591.01,   724.08
  732.08,   721.62,   476.98
  734.73,   718.78,   601.92
  737.38,   715.94,   726.86
  850.49,   468.57,   468.71
  853.15,   465.73,   593.65
  855.80,   462.89,   718.59
  853.75,   593.50,   471.48
  856.40,   590.66,   596.42
  859.05,   587.81,   721.36
  857.01,   718.43,   474.26
  859.66,   715.58,   599.19
  862.31,   712.74,   724.13
  601.90,   474.35,   598.82
  601.03,   476.32,   723.80
  600.15,   478.30,   848.78
  604.51,   599.31,   596.86
  603.64,   601.28,   721.85
  602.76,   603.25,   846.83
  607.13,   724.27,   594.91
  606.25,   726.24,   719.89
  605.37,   728.21,   844.87
  726.87,   471.75,   599.73
  726.00,   473.73,   724.72
  725.12,   475.70,   849.70
  729.48,   596.71,   597.78
  728.61,   598.68,   722.76
  727.73,   600.66,   847.74
  732.10,   721.67,   595.83
  731.22,   723.64,   720.81
  730.34,   725.61,   845.79
  851.84,   469.16,   600.65
  850.97,   471.13,   725.63
  850.09,   473.10,   850.61
  854.45,   594.11,   598.70
  853.58,   596.08,   723.68
  852.70,   598.06,   848.66
  857.07,   719.07,   596.74
  856.19,   721.04,   721.73
  855.31,   723.01,   846.71
  598.72,   599.69,   101.59
  602.10,   601.60,   226.53
  605.49,   603.51,   351.47
  596.70,   724.66,    99.74
  600.09,   726.57,   224.68
  603.48,   728.48,   349.62
  594.69,   849.63,    97.88
  598.08,   851.54,   222.82
  601.47,   853.45,   347.76
  723.65,   601.65,    98.18
  727.04,   603.56,   223.12
  730.42,   605.47,   348.06
  721.64,   726.62,    96.32
  725.03,   728.53,   221.26
  728.41,   730.44,   346.20
  719.63,   851.59,    94.47
  723.02,   853.50,   219.41
  726.40,   855.41,   344.35
  848.59,   603.61,    94.76
  851.98,   605.52,   219.70
  855.36,   607.43,   344.64
  846.58,   728.58,    92.91
  849.97,   730.49,   217.85
  853.35,   732.40,   342.79
  844.57,   853.55,    91.05
  847.96,   855.46,   215.99
  851.34,   857.37,   340.93
  598.41,   601.58,   226.72
  599.19,   603.23,   351.70
  599.97,   604.87,   476.69
  596.26,   726.55,   225.08
  597.05,   728.20,   350.07
  597.83,   729.84,   475.06
  594.12,   851.52,   223.45
  594.90,   853.17,   348.44
  595.69,   854.82,   473.42
  723.38,   603.71,   225.90
  724.17,   605.36,   350.89
  724.95,   607.01,   475.88
  721.24,   728.68,   224.27
  722.03,   730.33,   349.26
  722.81,   731.98,   474.25
  719.10,   853.65,   222.64
  719.88,   855.30,   347.63
  720.67,   856.95,   472.61
  848.36,   605.85,   225.09
  849.15,   607.49,   350.08
  849.93,   609.14,   475.07
  846.22,   730.82,   223.46
  847.00,   732.46,   348.45
  847.79,   734.11,   473.43
  844.08,   855.79,   221.83
  844.86,   857.43,   346.81
  845.65,   859.08,   471.80
  599.24,   598.39,   351.09
  596.52,   599.03,   476.06
  593.79,   599.66,   601.03
  597.68,   723.37,   350.41
  594.95,   724.01,   475.38
  592.22,   724.65,   600.35
  596.11,   848.36,   349.74
  593.38,   849.00,   474.71
  590.66,   849.64,   599.68
  724.20,   599.97,   353.81
  721.48,   600.61,   478.78
  718.75,   601.25,   603.74
  722.64,   724.95,   353.13
  719.91,   725.59,   478.10
  717.18,   726.23,   603.07
  721.07,   849.94,   352.46
  718.34,   850.58,   477.43
  715.62,   851.22,   602.40
  849.16,   601.55,   356.53
  846.44,   602.19,   481.49
  843.71,   602.83,   606.46
  847.60,   726.54,   355.85
  844.87,   727.18,   480.82
  842.14,   727.81,   605.79
  846.03,   851.52,   355.18
  843.30,   852.16,   480.15
  840.58,   852.80,   605.11
  598.17,   598.63,   476.29
  594.85,   595.15,   601.20
  591.53,   591.67,   726.11
  600.41,   723.56,   479.83
  597.09,   720.08,   604.74
  593.77,   716.60,   729.64
  602.64,   848.49,   483.37
  599.32,   845.01,   608.27
  596.00,   841.53,   733.18
  723.11,   596.30,   479.55
  719.79,   592.82,   604.45
  716.47,   589.35,   729.36
  725.34,   721.23,   483.08
  722.02,   717.75,   607.99
  718.70,   714.28,   732.90
  727.58,   846.16,   486.62
  724.26,   842.68,   611.53
  720.94,   839.21,   736.44
  848.04,   593.98,   482.80
  844.72,   590.50,   607.71
  841.41,   587.02,   732.62
  850.28,   718.91,   486.34
  846.96,   715.43,   611.25
  843.64,   711.95,   736.15
  852.51,   843.84,   489.88
  849.19,   840.36,   614.78
  845.87,   836.88,   739.69
  599.30,   598.27,   600.03
  596.02,   598.16,   724.98
  592.74,   598.05,   849.94
  599.28,   723.27,   600.14
  596.01,   723.16,   725.10
  592.73,   723.05,   850.05
  599.27,   848.27,   600.25
  595.99,   848.16,   725.21
  592.72,   848.05,   850.16
  724.25,   598.28,   603.30
  720.98,   598.17,   728.26
  717.70,   598.06,   853.22
  724.24,   723.28,   603.42
  720.96,   723.17,   728.37
  717.69,   723.06,   853.33
  724.23,   848.28,   603.53
  720.95,   848.17,   728.48
  717.67,   848.06,   853.44
  849.21,   598.29,   606.58
  845.93,   598.18,   731.54
  842.66,   598.07,   856.50
  849.20,   723.29,   606.69
  845.92,   723.18,   731.65
  842.64,   723.07,   856.61
  849.18,   848.29,   606.80
  845.91,   848.18,   731.76
  842.63,   848.07,   856.72
