27, 125, pa2-debug-b-output1.txt
  202.52,   206.15,   199.84
  401.45,   402.11,   206.90
   99.51,   100.80,   101.94
  100.33,   102.71,   226.60
  101.02,   104.99,   351.61
   98.85,   225.56,    99.04
   99.76,   227.73,   224.71
   99.89,   230.22,   348.86
   98.60,   350.56,    97.06
   99.14,   352.85,   222.15
   98.99,   355.11,   346.72
  225.18,   101.77,   100.89
  225.10,   103.86,   225.97
  225.33,   105.39,   351.02
  224.06,   226.06,    98.84
  224.40,   228.38,   223.94
  224.78,   230.30,   348.92
  223.42,   350.87,    96.35
  223.57,   353.43,   221.84
  224.61,   355.55,   346.73
  350.11,   102.31,   101.07
  350.06,   103.90,   225.79
  350.30,   106.65,   350.45
  349.60,   226.84,    98.80
  349.54,   229.18,   223.73
  349.73,   230.80,   347.96
  348.98,   351.35,    96.15
  348.49,   354.22,   220.74
  349.57,   355.91,   346.04
  100.85,   100.91,   226.62
  103.00,    98.82,   350.99
  105.36,    97.61,   476.31
   99.53,   225.70,   227.99
  102.37,   223.65,   353.16
  105.06,   221.87,   478.63
   98.97,   350.90,   230.35
  101.59,   349.04,   355.12
  103.92,   347.51,   480.44
  226.18,   102.45,   224.16
  227.75,   100.47,   349.46
  230.19,    97.96,   473.87
  224.68,   227.21,   225.98
  226.99,   224.71,   350.54
  230.05,   222.73,   476.20
  224.13,   352.45,   227.85
  225.86,   349.91,   352.53
  229.01,   347.83,   477.60
  350.87,   103.14,   222.15
  352.89,   100.90,   346.20
  355.73,    99.04,   471.55
  350.06,   227.97,   223.25
  352.29,   225.96,   349.04
  354.79,   224.41,   473.32
  348.85,   353.53,   225.30
  351.61,   351.04,   350.90
  353.12,   349.28,   475.69
  101.58,    98.28,   351.31
   98.54,    96.02,   476.62
   96.07,    94.43,   601.33
  103.16,   223.65,   353.76
  100.46,   221.20,   478.78
   97.56,   219.21,   603.43
  104.80,   347.85,   355.57
  102.24,   346.01,   480.43
   99.22,   344.09,   605.25
  226.88,    96.37,   354.43
  223.63,    94.25,   479.87
  220.99,    92.50,   604.60
  228.17,   221.45,   356.47
  225.61,   219.12,   481.95
  222.20,   217.09,   606.62
  229.75,   346.71,   359.01
  227.03,   344.84,   483.42
  223.68,   341.93,   608.16
  351.79,    94.73,   357.40
  348.93,    92.93,   482.33
  345.65,    90.71,   607.11
  353.41,   219.53,   359.75
  350.27,   217.71,   484.30
  347.75,   215.40,   609.11
  354.87,   344.71,   361.91
  351.75,   342.69,   486.29
  348.91,   341.30,   611.44
   99.69,   101.19,   476.22
  101.46,   104.52,   600.82
  102.14,   107.13,   725.99
   97.67,   226.48,   473.15
   99.36,   228.71,   598.57
  100.88,   231.54,   723.72
   95.94,   350.82,   471.33
   96.79,   354.03,   595.95
   98.20,   356.40,   720.69
  224.06,   102.81,   474.97
  225.83,   105.64,   599.86
  227.55,   108.23,   725.06
  222.62,   228.48,   472.05
  223.98,   231.16,   596.90
  225.29,   233.15,   721.86
  220.26,   353.47,   469.15
  222.43,   355.73,   594.30
  223.98,   358.36,   719.07
  349.81,   104.89,   473.35
  350.75,   107.90,   598.29
  352.55,   110.85,   723.14
  347.61,   229.89,   470.38
  349.57,   232.35,   595.64
  350.40,   235.08,   720.26
  345.95,   354.63,   467.60
  346.74,   357.94,   592.39
  348.60,   360.58,   718.02
   99.78,   101.71,   600.36
  100.03,   102.06,   725.44
   99.36,   102.91,   850.66
   97.38,   226.76,   599.72
   96.73,   227.56,   724.67
   95.95,   227.94,   850.18
   94.32,   351.63,   599.59
   93.57,   351.98,   724.46
   93.61,   353.50,   849.79
  224.99,   105.10,   601.26
  224.46,   105.97,   726.15
  224.40,   105.87,   850.47
  222.45,   230.36,   600.10
  221.93,   230.66,   725.85
  220.91,   230.82,   850.29
  219.32,   355.01,   599.58
  218.97,   355.17,   724.70
  218.21,   356.03,   849.72
  350.16,   108.09,   601.44
  350.05,   108.77,   726.89
  349.08,   108.94,   851.04
  347.03,   233.33,   600.42
  346.83,   233.82,   725.72
  346.26,   234.27,   850.96
  344.09,   357.90,   600.56
  344.05,   358.42,   725.66
  343.32,   358.97,   850.54
  100.04,   223.59,   101.07
   99.73,   219.63,   225.98
   98.82,   215.82,   350.82
   96.02,   348.68,   105.37
   95.55,   344.72,   229.97
   95.35,   340.73,   354.50
   92.50,   473.89,   108.92
   92.48,   470.20,   233.58
   92.08,   466.12,   358.44
  224.94,   227.78,   101.53
  223.94,   223.97,   226.49
  224.55,   220.00,   351.05
  221.42,   352.30,   104.93
  220.34,   348.46,   230.15
  220.52,   344.83,   355.31
  216.95,   476.80,   109.46
  217.36,   473.37,   234.41
  217.10,   470.07,   358.92
  349.80,   230.94,   101.81
  349.43,   227.43,   226.97
  349.15,   223.69,   351.73
  345.66,   355.69,   106.16
  345.92,   352.35,   230.39
  345.01,   348.50,   355.45
  342.55,   481.19,   109.85
  341.79,   477.16,   234.58
  341.57,   473.37,   359.13
  102.19,   224.99,   224.70
  104.00,   225.98,   350.35
  106.29,   226.81,   475.36
  103.25,   349.85,   224.35
  104.96,   350.67,   349.24
  107.67,   350.95,   474.34
  104.05,   474.83,   223.55
  106.92,   475.16,   348.54
  108.51,   476.70,   473.73
  226.50,   223.16,   223.20
  228.87,   224.21,   347.89
  230.51,   224.76,   473.39
  228.33,   349.07,   222.59
  229.73,   348.99,   346.78
  232.58,   350.43,   472.19
  229.45,   473.47,   221.30
  231.59,   474.20,   346.35
  233.38,   475.49,   471.64
  351.64,   222.25,   221.34
  353.49,   222.55,   345.81
  356.04,   224.09,   471.00
  353.65,   347.16,   220.38
  354.78,   348.41,   344.93
  357.42,   349.04,   469.82
  354.17,   472.08,   219.58
  356.31,   472.68,   344.32
  358.27,   473.68,   469.55
   97.71,   224.22,   349.70
   98.50,   224.36,   474.49
   99.56,   224.99,   600.11
   98.44,   348.47,   349.17
   99.59,   349.24,   474.35
  100.14,   350.28,   599.59
   98.94,   474.23,   349.07
   99.78,   474.50,   473.30
  100.48,   474.59,   598.46
  223.28,   223.70,   348.97
  223.75,   223.78,   473.66
  224.80,   224.44,   599.39
  223.43,   348.74,   348.87
  224.27,   348.84,   474.07
  225.02,   349.47,   598.91
  224.04,   473.46,   347.77
  224.32,   473.82,   473.06
  225.56,   474.64,   597.60
  348.58,   222.81,   348.06
  348.88,   223.42,   473.86
  349.95,   223.97,   598.51
  348.90,   347.61,   348.14
  349.42,   348.36,   472.54
  350.06,   348.95,   597.44
  348.85,   472.83,   347.23
  349.22,   473.32,   472.17
  350.69,   473.61,   597.52
   99.21,   226.11,   474.72
  100.10,   225.53,   599.56
   99.75,   224.87,   724.66
   99.36,   351.77,   475.19
   99.48,   350.98,   599.76
   99.41,   349.90,   724.87
  100.17,   476.35,   475.97
   99.83,   475.82,   600.86
   99.85,   475.48,   725.37
  224.65,   226.10,   474.41
  225.14,   225.38,   599.03
  224.68,   224.80,   724.43
  225.08,   351.16,   474.79
  225.16,   350.84,   600.05
  225.18,   350.37,   724.89
  225.02,   475.81,   475.57
  224.66,   475.75,   600.67
  225.35,   475.51,   725.54
  349.85,   226.03,   473.84
  349.41,   225.21,   599.35
  349.25,   224.80,   724.19
  350.17,   351.56,   474.77
  349.95,   350.55,   599.72
  349.97,   349.74,   724.96
  350.06,   476.06,   475.30
  349.59,   475.96,   600.89
  350.24,   475.12,   725.04
  100.48,   225.62,   599.93
  101.12,   224.47,   725.25
  102.32,   222.36,   849.78
  103.77,   350.61,   601.90
  104.72,   349.26,   726.87
  105.15,   347.17,   851.95
  107.03,   475.33,   603.73
  106.86,   473.81,   728.04
  108.38,   472.64,   853.87
  225.98,   222.48,   599.41
  226.32,   221.52,   724.39
  226.81,   218.92,   849.37
  228.48,   347.67,   601.44
  229.84,   346.48,   725.92
  229.80,   344.14,   850.84
  231.14,   472.41,   602.75
  232.54,   470.64,   727.47
  232.56,   469.61,   853.03
  350.51,   220.37,   598.59
  351.37,   217.75,   724.06
  352.50,   216.59,   848.82
  353.23,   344.39,   600.43
  353.98,   342.70,   724.97
  355.07,   341.68,   850.65
  356.86,   469.68,   602.12
  357.37,   468.45,   727.06
  357.65,   466.30,   852.31
   99.07,   349.93,    98.79
   95.34,   348.88,   223.15
   91.47,   347.99,   348.00
   98.46,   475.34,    99.64
   94.50,   474.45,   224.45
   91.33,   473.05,   349.36
   98.03,   600.25,   100.25
   93.76,   599.29,   225.45
   90.46,   597.56,   350.71
  223.39,   351.26,   102.07
  220.22,   349.67,   226.59
  216.46,   348.83,   351.72
  223.09,   476.28,   102.74
  219.89,   474.84,   227.85
  216.16,   473.54,   353.03
  222.19,   601.21,   104.61
  219.28,   599.21,   229.09
  215.19,   598.90,   353.79
  348.68,   351.45,   105.25
  345.19,   350.29,   230.09
  341.19,   349.31,   355.04
  348.17,   475.98,   106.51
  344.69,   475.70,   231.43
  340.60,   474.04,   356.39
  347.12,   601.35,   107.67
  343.46,   599.85,   232.82
  340.04,   599.50,   357.72
  101.75,   347.70,   224.21
  103.68,   348.53,   348.93
  106.76,   349.35,   473.73
   99.23,   472.81,   223.68
  102.03,   474.04,   348.17
  105.09,   474.18,   473.79
   97.60,   597.92,   222.82
  100.41,   598.55,   348.20
  102.71,   599.65,   472.89
  226.27,   349.68,   221.85
  229.25,   350.63,   346.21
  231.04,   351.20,   471.63
  224.61,   475.15,   220.83
  227.08,   475.85,   345.45
  229.75,   475.78,   471.00
  222.64,   599.95,   220.72
  225.44,   600.99,   345.22
  228.32,   601.30,   469.90
  351.33,   351.71,   219.43
  353.44,   352.01,   344.14
  356.54,   353.41,   469.10
  349.22,   476.45,   218.37
  351.77,   477.37,   343.20
  354.43,   477.62,   468.81
  347.43,   601.81,   218.13
  349.84,   601.92,   342.89
  353.03,   603.29,   467.94
  100.07,   351.81,   351.77
   99.37,   347.62,   476.24
   98.14,   344.21,   601.31
   99.16,   476.71,   354.88
   98.60,   473.27,   480.40
   97.26,   469.45,   605.34
   98.76,   601.54,   359.17
   97.66,   598.25,   483.80
   96.14,   594.15,   608.77
  224.86,   352.51,   352.24
  223.88,   349.01,   477.36
  223.19,   344.73,   602.18
  224.27,   477.77,   356.14
  223.24,   474.08,   481.27
  222.01,   470.08,   605.94
  223.67,   602.25,   360.09
  222.80,   598.20,   484.61
  221.87,   594.40,   609.76
  349.90,   353.19,   353.84
  349.22,   348.98,   478.21
  347.80,   345.78,   603.50
  349.33,   478.14,   357.36
  348.30,   474.17,   482.00
  346.90,   470.38,   607.73
  348.34,   603.39,   361.59
  347.10,   598.71,   486.01
  346.70,   595.46,   611.45
   98.12,   350.50,   473.37
   97.00,   351.80,   598.83
   96.49,   352.76,   723.69
   99.66,   476.43,   473.03
   97.99,   476.25,   598.08
   97.71,   477.24,   723.14
  100.14,   600.84,   471.78
   99.24,   601.63,   597.34
   98.74,   602.69,   721.44
  222.88,   350.24,   474.48
  222.47,   350.44,   599.13
  221.35,   351.30,   724.72
  224.66,   475.07,   473.08
  223.82,   475.71,   599.01
  222.30,   476.63,   723.43
  225.44,   600.23,   473.23
  224.34,   601.13,   597.52
  223.64,   601.29,   723.02
  347.76,   348.97,   475.19
  347.67,   349.83,   600.45
  346.60,   350.51,   725.61
  349.30,   473.53,   474.61
  348.81,   474.21,   599.02
  347.94,   475.41,   724.79
  350.70,   598.35,   473.86
  349.34,   599.70,   598.61
  348.18,   600.21,   723.79
  101.46,   352.34,   601.73
  102.55,   355.50,   726.76
  103.78,   358.78,   851.36
   98.18,   476.64,   598.48
  100.06,   479.77,   723.09
  101.14,   483.96,   848.07
   95.37,   601.79,   595.09
   96.36,   605.00,   719.96
   97.87,   608.86,   844.53
  226.37,   354.94,   599.76
  227.55,   358.29,   725.06
  228.93,   361.37,   849.50
  223.71,   479.62,   596.34
  224.38,   483.37,   721.65
  225.67,   486.65,   846.41
  220.19,   604.19,   592.93
  221.73,   608.53,   718.81
  223.44,   611.66,   843.62
  351.38,   357.73,   598.57
  352.14,   361.21,   724.04
  354.11,   364.08,   848.87
  348.14,   482.27,   595.70
  350.08,   485.92,   720.17
  350.77,   489.04,   844.85
  344.89,   607.85,   592.06
  346.62,   610.51,   716.42
  347.94,   614.53,   842.28
  101.25,   472.88,    98.74
  104.57,   473.67,   223.29
  106.16,   473.67,   348.84
  103.30,   598.67,    97.88
  106.18,   598.85,   223.41
  108.36,   598.47,   347.76
  105.25,   723.02,    98.48
  108.08,   723.13,   223.29
  110.26,   723.46,   347.61
  226.98,   471.35,    96.48
  229.08,   471.83,   221.10
  231.54,   471.71,   346.02
  228.57,   596.23,    95.70
  231.14,   596.35,   220.59
  233.02,   596.77,   346.07
  230.89,   721.14,    95.48
  233.33,   721.32,   220.45
  235.63,   722.02,   346.07
  351.55,   469.22,    93.94
  354.40,   469.84,   219.09
  356.05,   469.86,   343.96
  353.45,   594.54,    93.26
  356.23,   594.34,   218.67
  357.97,   594.39,   343.64
  355.05,   719.55,    92.91
  358.14,   719.91,   218.71
  360.73,   719.33,   343.29
   99.32,   476.22,   223.84
   99.52,   474.17,   349.44
   99.63,   471.86,   473.86
   96.54,   600.97,   226.63
   97.07,   599.09,   351.89
   96.74,   596.76,   476.50
   94.15,   726.13,   228.14
   94.15,   723.57,   353.31
   94.34,   721.82,   478.76
  224.59,   479.36,   224.61
  224.67,   476.39,   349.02
  224.73,   474.89,   474.76
  222.43,   603.76,   226.92
  222.31,   602.17,   351.73
  222.02,   599.36,   476.20
  218.85,   728.62,   229.10
  218.80,   726.65,   354.05
  219.11,   724.65,   478.66
  349.44,   481.79,   224.68
  349.64,   480.00,   349.57
  349.08,   476.98,   474.86
  346.86,   607.02,   227.01
  347.23,   604.81,   351.50
  346.75,   602.32,   476.61
  343.99,   731.27,   228.48
  344.56,   729.68,   353.79
  343.99,   727.50,   478.34
  101.53,   474.40,   350.68
   99.04,   475.52,   476.00
   96.18,   477.48,   600.92
   98.63,   599.16,   349.84
   95.49,   600.80,   474.33
   93.31,   601.97,   599.37
   95.12,   724.58,   348.22
   93.05,   726.04,   473.10
   89.46,   727.22,   597.78
  226.65,   477.99,   354.00
  223.81,   478.63,   479.01
  220.61,   480.32,   603.48
  223.21,   602.52,   352.49
  220.61,   603.98,   477.86
  217.62,   605.03,   602.97
  220.84,   727.33,   351.19
  217.95,   729.30,   476.15
  214.31,   730.07,   601.27
  352.18,   481.14,   356.72
  348.90,   481.87,   481.82
  345.41,   483.15,   607.07
  348.13,   606.07,   355.84
  345.28,   606.77,   480.63
  342.61,   608.61,   605.50
  344.97,   730.57,   354.41
  342.99,   732.30,   478.63
  339.16,   733.53,   604.49
   97.99,   474.40,   474.31
  100.16,   472.58,   599.23
  102.24,   471.89,   724.16
   99.62,   599.62,   475.60
  101.37,   597.66,   600.21
  103.93,   596.19,   725.05
  101.07,   724.82,   477.53
  103.24,   723.35,   601.97
  105.02,   721.04,   727.02
  222.84,   473.71,   471.74
  225.14,   471.84,   596.74
  227.68,   470.23,   721.71
  224.33,   597.87,   473.61
  226.98,   596.25,   598.09
  228.91,   594.63,   723.73
  226.73,   722.79,   474.99
  228.78,   721.81,   600.34
  230.57,   720.19,   724.59
  348.40,   471.71,   470.12
  350.02,   470.16,   594.87
  352.31,   468.59,   719.68
  350.17,   596.97,   471.47
  351.99,   595.14,   596.20
  353.44,   593.20,   721.64
  351.24,   721.58,   472.52
  353.23,   719.65,   597.67
  355.34,   718.63,   722.93
   99.51,   474.75,   599.46
  100.58,   475.66,   724.06
  100.97,   476.38,   848.73
  100.94,   599.38,   597.88
  101.16,   600.35,   722.75
  101.03,   601.19,   847.97
  101.08,   724.70,   596.93
  101.90,   725.41,   721.46
  102.19,   726.92,   846.58
  224.77,   473.32,   598.69
  225.64,   474.53,   723.44
  226.29,   476.43,   848.63
  225.61,   598.49,   597.38
  225.75,   599.75,   722.16
  226.69,   600.73,   847.73
  226.67,   723.88,   596.40
  227.01,   724.86,   721.80
  226.90,   725.79,   846.61
  350.42,   473.35,   598.67
  350.21,   474.28,   723.05
  350.49,   475.54,   848.45
  350.32,   598.35,   597.26
  351.56,   599.71,   722.27
  351.91,   600.24,   847.19
  351.38,   723.12,   596.19
  351.20,   724.16,   721.36
  351.87,   725.67,   845.43
   98.86,   598.18,    97.94
   96.06,   595.83,   223.60
   93.67,   593.50,   348.06
  101.63,   723.04,   101.09
   98.62,   720.79,   225.86
   95.50,   718.40,   350.54
  103.35,   848.29,   103.78
  100.39,   845.30,   229.09
   97.82,   842.56,   353.94
  223.62,   596.03,   101.09
  221.63,   593.91,   226.40
  218.82,   591.31,   350.64
  226.73,   721.57,   103.95
  223.29,   718.85,   228.81
  220.54,   715.49,   353.88
  228.85,   845.94,   106.23
  225.22,   843.56,   231.56
  223.12,   840.94,   356.67
  349.11,   594.33,   103.29
  346.53,   591.58,   228.18
  343.63,   588.82,   354.00
  351.39,   719.30,   106.76
  348.57,   716.52,   231.13
  345.83,   713.19,   356.78
  353.32,   843.59,   109.62
  350.96,   841.61,   234.13
  348.03,   838.58,   359.01
  100.18,   600.23,   224.72
  101.28,   598.84,   350.08
  102.24,   597.99,   474.72
   97.63,   724.84,   226.17
   98.07,   723.74,   351.35
   98.62,   723.32,   476.14
   94.63,   850.36,   226.94
   95.06,   849.24,   351.76
   95.64,   847.58,   476.95
  225.95,   603.44,   224.30
  226.23,   602.15,   349.34
  227.49,   600.89,   474.42
  222.27,   728.51,   225.37
  222.86,   727.23,   350.84
  223.55,   726.55,   475.01
  219.18,   853.72,   226.23
  220.17,   852.08,   351.97
  220.88,   851.46,   476.63
  350.32,   606.64,   223.84
  351.43,   605.30,   348.19
  351.54,   604.39,   473.06
  347.51,   731.75,   224.74
  347.69,   730.65,   350.12
  349.25,   729.17,   475.08
  344.83,   856.71,   226.06
  345.49,   855.61,   350.55
  346.08,   853.64,   476.00
   99.33,   598.55,   350.96
   97.68,   600.81,   476.46
   96.82,   604.46,   601.25
  101.94,   723.01,   347.91
  100.20,   725.88,   473.05
   98.78,   729.45,   597.63
  103.85,   847.59,   345.58
  103.54,   850.83,   469.67
  102.14,   853.89,   594.73
  223.94,   595.85,   352.58
  222.85,   598.12,   477.49
  221.94,   601.88,   601.75
  227.04,   720.48,   349.66
  225.32,   723.55,   474.80
  224.21,   726.63,   599.38
  229.27,   845.01,   346.37
  228.13,   848.00,   471.74
  227.12,   851.05,   596.17
  349.08,   593.28,   353.79
  348.14,   596.19,   478.66
  346.01,   599.19,   603.48
  351.65,   717.48,   351.03
  350.08,   721.16,   475.45
  349.12,   723.77,   600.61
  354.13,   843.02,   347.55
  353.37,   845.43,   472.70
  351.90,   848.80,   598.01
   98.40,   599.19,   476.09
   97.95,   596.02,   600.88
   96.14,   593.76,   725.93
  101.71,   724.67,   478.90
  100.14,   721.28,   604.06
   99.18,   718.48,   728.60
  104.24,   849.84,   481.55
  103.65,   846.75,   607.04
  102.48,   843.44,   731.61
  224.11,   596.32,   476.42
  222.52,   593.72,   602.05
  221.54,   590.17,   726.48
  226.88,   721.77,   479.70
  225.73,   718.21,   605.01
  224.76,   715.85,   729.90
  229.03,   846.29,   482.73
  228.56,   843.69,   607.95
  227.41,   840.84,   733.06
  348.25,   594.19,   477.46
  347.21,   590.96,   602.45
  346.14,   587.33,   727.63
  351.54,   718.91,   480.41
  350.38,   715.45,   605.70
  349.37,   712.64,   730.51
  354.41,   843.86,   483.68
  353.02,   840.34,   608.36
  352.28,   838.13,   734.12
  102.25,   600.94,   601.60
  104.40,   604.22,   726.49
  107.07,   606.15,   851.30
   98.50,   726.60,   599.06
  100.46,   728.98,   723.27
  103.12,   731.10,   848.18
   94.80,   851.34,   596.02
   97.33,   853.73,   721.68
   99.25,   856.01,   846.15
  226.86,   605.28,   599.29
  229.69,   607.81,   723.71
  231.19,   610.08,   848.48
  222.94,   729.52,   595.93
  226.03,   732.00,   721.56
  228.41,   735.05,   846.11
  219.59,   854.89,   593.44
  221.84,   857.01,   718.40
  224.57,   860.31,   843.84
  352.19,   608.65,   596.94
  354.17,   610.72,   721.78
  356.30,   613.93,   846.06
  348.41,   732.97,   594.19
  350.52,   736.11,   718.88
  352.56,   739.04,   843.83
  345.09,   858.64,   591.36
  347.00,   860.50,   716.60
  348.98,   863.10,   841.00
  225.52,   101.97,   101.24
  228.49,   103.71,   225.65
  230.81,   104.47,   351.28
  224.31,   227.21,    99.19
  227.32,   228.50,   223.86
  230.88,   229.88,   349.31
  224.06,   352.17,    97.46
  227.34,   353.09,   222.62
  229.85,   355.33,   348.11
  350.17,   102.63,    97.45
  353.52,   103.51,   223.13
  355.80,   105.66,   347.71
  349.24,   226.98,    96.05
  352.58,   229.14,   221.50
  355.94,   230.16,   345.92
  348.59,   352.84,    94.81
  352.29,   353.79,   219.38
  355.22,   355.28,   344.42
  475.11,   103.02,    94.74
  478.06,   104.69,   220.27
  481.19,   105.95,   344.97
  474.36,   227.99,    93.54
  477.44,   229.17,   218.31
  480.15,   230.59,   343.78
  473.56,   352.87,    92.19
  476.90,   354.11,   216.58
  479.30,   356.24,   342.29
  226.47,    99.03,   226.05
  224.73,   101.48,   351.14
  222.86,   104.80,   476.19
  225.57,   224.07,   223.82
  224.39,   226.89,   348.17
  222.39,   229.77,   473.93
  225.45,   349.26,   220.97
  224.34,   351.91,   345.93
  222.46,   354.06,   471.59
  350.98,   100.50,   227.22
  350.06,   102.36,   352.24
  347.98,   104.79,   477.12
  350.35,   225.01,   225.14
  348.99,   227.37,   350.30
  347.54,   230.01,   475.10
  349.90,   350.06,   222.41
  348.47,   352.79,   347.90
  347.69,   354.94,   472.56
  476.39,   100.27,   229.26
  474.97,   103.44,   353.62
  473.19,   104.91,   478.73
  476.25,   225.56,   227.04
  474.51,   228.27,   351.37
  472.82,   230.64,   476.90
  475.41,   350.39,   224.32
  474.26,   352.78,   349.42
  472.71,   355.30,   474.50
  226.19,   100.56,   350.60
  224.17,   104.53,   475.95
  221.54,   108.03,   600.21
  228.10,   226.14,   346.93
  225.84,   229.25,   471.93
  223.30,   232.83,   597.42
  230.15,   351.13,   343.99
  227.66,   353.80,   468.81
  225.26,   357.27,   593.69
  351.00,    98.53,   353.55
  349.08,   102.30,   478.32
  346.87,   105.87,   602.58
  353.21,   223.98,   349.72
  351.08,   226.78,   474.44
  348.50,   230.54,   599.35
  356.03,   348.27,   346.15
  353.43,   351.82,   470.70
  351.01,   355.70,   596.30
  476.25,    96.74,   355.59
  473.83,   100.21,   480.68
  471.21,   103.99,   605.51
  478.84,   221.30,   352.61
  475.96,   225.02,   477.26
  473.86,   229.00,   601.85
  480.45,   346.77,   348.65
  478.45,   350.18,   474.03
  475.56,   353.69,   599.08
  224.22,    99.13,   474.52
  223.37,   100.01,   599.55
  221.61,   101.21,   724.66
  221.80,   223.82,   474.09
  220.21,   225.12,   598.75
  218.75,   225.60,   723.76
  218.01,   348.72,   472.77
  216.48,   349.78,   598.46
  215.68,   350.85,   723.41
  349.34,   101.69,   476.82
  347.63,   102.96,   601.90
  346.46,   104.10,   726.46
  346.68,   226.74,   475.96
  345.34,   227.60,   600.92
  343.63,   228.72,   725.36
  343.77,   351.65,   474.42
  341.73,   352.41,   600.03
  340.60,   354.02,   725.07
  474.06,   105.05,   478.32
  472.40,   106.43,   602.89
  471.00,   107.19,   727.76
  471.33,   229.83,   477.00
  469.50,   231.25,   602.63
  468.53,   231.88,   727.31
  468.67,   354.85,   476.75
  467.02,   356.42,   600.87
  465.01,   356.68,   725.93
  223.44,    98.54,   601.02
  227.11,    99.86,   725.52
  230.10,   100.58,   851.29
  220.95,   223.91,   600.33
  223.72,   224.86,   725.07
  226.55,   225.57,   849.49
  217.99,   348.48,   599.23
  220.65,   349.79,   724.08
  224.01,   350.39,   848.58
  348.03,   101.03,   598.14
  351.97,   102.30,   722.99
  354.36,   103.73,   847.92
  345.60,   226.09,   596.44
  348.60,   227.24,   722.06
  352.14,   229.16,   846.61
  342.14,   351.18,   596.10
  346.12,   352.20,   720.23
  349.16,   353.88,   845.35
  473.61,   104.84,   594.16
  476.83,   105.21,   719.33
  479.77,   107.07,   844.15
  470.67,   229.26,   593.13
  473.59,   230.17,   718.52
  476.92,   231.09,   843.17
  467.58,   354.78,   592.08
  471.15,   355.50,   717.01
  473.54,   356.90,   842.77
  223.79,   225.35,    99.68
  226.20,   226.86,   225.27
  227.57,   228.34,   349.57
  226.12,   350.80,    98.72
  228.10,   351.73,   223.58
  230.09,   352.94,   348.39
  227.99,   476.07,    97.82
  229.67,   477.42,   222.89
  230.89,   478.66,   347.04
  349.21,   224.37,    98.50
  351.15,   225.52,   222.64
  352.42,   226.05,   348.50
  350.78,   348.78,    96.72
  352.25,   350.01,   221.67
  355.10,   350.94,   346.67
  352.55,   474.21,    95.43
  354.84,   475.02,   220.57
  356.16,   476.64,   346.10
  473.69,   221.87,    96.55
  476.10,   223.14,   221.11
  477.42,   225.11,   346.61
  475.98,   346.79,    94.58
  477.57,   348.58,   220.39
  479.35,   349.45,   344.89
  477.61,   472.46,    94.12
  479.67,   473.76,   218.53
  481.40,   474.92,   343.81
  223.46,   225.94,   226.59
  224.30,   228.56,   351.17
  225.39,   231.89,   476.89
  226.92,   350.97,   223.43
  228.09,   353.38,   347.89
  228.44,   356.99,   473.37
  229.80,   475.54,   220.46
  230.79,   478.46,   345.22
  231.92,   481.88,   470.54
  348.07,   222.30,   225.73
  349.80,   225.53,   350.66
  350.90,   229.00,   475.80
  351.43,   347.22,   222.62
  352.59,   351.20,   347.71
  353.69,   353.40,   472.03
  354.49,   472.47,   219.09
  355.64,   475.38,   344.01
  356.58,   479.01,   469.08
  472.91,   219.61,   224.12
  474.29,   223.19,   349.73
  475.68,   225.56,   474.78
  476.80,   344.91,   220.84
  477.41,   347.54,   346.11
  478.39,   350.65,   471.00
  479.46,   469.33,   217.66
  480.73,   472.24,   343.07
  481.33,   476.18,   467.61
  224.25,   223.45,   351.42
  221.84,   220.23,   475.49
  218.79,   216.01,   600.65
  225.67,   347.94,   354.63
  222.75,   344.69,   479.14
  219.77,   341.08,   604.46
  226.64,   473.13,   357.60
  223.43,   469.34,   482.63
  221.47,   466.07,   607.89
  349.17,   222.18,   353.44
  346.50,   219.06,   478.61
  344.06,   215.69,   603.32
  350.22,   347.29,   357.43
  347.39,   343.46,   481.82
  345.15,   340.39,   607.36
  351.67,   472.17,   360.22
  348.51,   468.46,   485.82
  346.17,   464.78,   610.43
  474.64,   220.80,   356.72
  472.04,   217.72,   481.42
  469.32,   214.65,   606.76
  475.15,   345.93,   359.38
  472.51,   342.82,   484.71
  469.60,   339.38,   609.61
  476.12,   470.80,   363.31
  473.83,   467.18,   488.50
  470.72,   463.91,   612.81
  225.05,   222.92,   474.41
  223.21,   223.19,   599.03
  220.88,   223.80,   724.27
  228.86,   348.13,   473.31
  226.71,   348.53,   598.35
  224.02,   348.76,   723.80
  232.47,   473.12,   473.27
  229.22,   473.42,   598.38
  227.52,   473.57,   723.36
  349.86,   219.81,   476.63
  347.75,   220.82,   601.28
  345.82,   221.04,   726.70
  353.53,   345.23,   476.40
  351.24,   345.39,   601.14
  348.71,   345.43,   726.29
  357.11,   469.35,   476.14
  354.06,   469.95,   600.96
  352.31,   470.19,   725.54
  475.47,   217.14,   479.35
  472.35,   216.56,   604.14
  470.81,   217.00,   729.21
  478.15,   341.71,   478.68
  475.73,   342.12,   603.44
  473.90,   342.23,   729.08
  482.29,   466.41,   478.40
  479.79,   467.39,   603.56
  477.08,   467.38,   727.97
  226.16,   223.25,   598.28
  229.32,   221.16,   723.72
  232.78,   219.35,   848.67
  229.61,   348.24,   601.09
  232.60,   346.02,   725.96
  236.62,   344.36,   850.23
  233.73,   473.12,   602.24
  236.50,   471.76,   727.40
  239.55,   469.39,   852.94
  351.06,   219.67,   595.23
  354.22,   217.72,   720.28
  357.18,   216.06,   844.96
  354.57,   345.45,   597.09
  357.62,   342.55,   722.47
  361.28,   341.27,   847.29
  358.83,   470.17,   599.21
  361.12,   468.01,   724.20
  364.33,   466.25,   849.62
  475.86,   216.97,   592.54
  479.28,   214.83,   717.57
  482.39,   212.30,   842.02
  479.29,   341.71,   594.48
  482.47,   339.50,   718.94
  486.25,   337.02,   844.38
  483.73,   466.52,   596.24
  486.90,   464.30,   720.99
  489.21,   462.09,   846.40
  224.45,   350.45,    99.99
  227.51,   353.44,   224.37
  230.35,   356.07,   349.24
  223.53,   475.18,    96.33
  226.80,   477.66,   221.41
  229.37,   481.52,   346.25
  222.82,   599.64,    93.77
  225.13,   603.38,   218.85
  228.47,   606.64,   343.78
  349.61,   351.38,    96.42
  352.69,   354.64,   221.69
  355.77,   357.57,   347.19
  348.09,   476.32,    94.02
  351.23,   479.27,   218.91
  354.17,   482.40,   343.27
  347.77,   600.56,    90.53
  349.78,   604.27,   215.14
  353.02,   607.24,   340.48
  474.39,   352.26,    93.83
  477.16,   355.26,   219.25
  479.94,   358.60,   343.51
  473.79,   477.69,    90.78
  476.34,   480.35,   215.80
  478.75,   483.94,   340.72
  472.29,   602.55,    87.57
  474.83,   605.61,   212.60
  478.28,   608.24,   337.32
  223.09,   349.50,   225.52
  219.43,   351.78,   350.56
  216.17,   354.47,   475.44
  220.61,   474.21,   222.74
  216.99,   477.17,   347.74
  212.64,   479.62,   472.30
  217.84,   599.92,   220.02
  213.89,   601.93,   344.36
  210.63,   604.79,   469.93
  348.43,   353.10,   229.25
  344.81,   355.34,   353.53
  341.15,   357.82,   478.43
  345.71,   477.58,   226.37
  341.39,   480.08,   351.57
  337.62,   483.24,   476.34
  342.38,   602.11,   223.88
  338.43,   604.82,   348.03
  334.88,   607.70,   473.45
  473.21,   355.57,   232.41
  470.11,   358.17,   356.99
  466.01,   361.25,   481.98
  470.45,   480.95,   230.06
  466.22,   483.40,   355.10
  463.00,   486.13,   480.10
  467.58,   606.02,   226.65
  463.73,   607.92,   352.47
  460.28,   610.43,   477.34
  226.09,   350.57,   349.99
  228.93,   348.71,   474.29
  231.70,   347.44,   599.69
  229.47,   475.23,   350.89
  233.09,   474.04,   476.56
  235.66,   472.14,   601.17
  232.89,   600.55,   353.18
  236.45,   599.00,   478.13
  239.01,   596.98,   603.17
  351.32,   347.24,   346.54
  354.32,   344.83,   472.01
  356.70,   343.64,   596.41
  354.43,   472.36,   348.59
  357.27,   470.29,   473.85
  360.37,   468.16,   597.94
  358.09,   597.22,   350.56
  360.69,   595.29,   474.90
  364.14,   593.79,   600.48
  475.72,   343.78,   343.30
  478.99,   342.04,   468.46
  481.72,   340.30,   593.35
  479.51,   468.95,   345.96
  482.90,   466.72,   470.63
  485.17,   465.48,   595.55
  483.04,   593.49,   347.65
  485.93,   591.67,   472.39
  488.69,   589.51,   596.62
  226.94,   348.49,   474.60
  225.99,   350.50,   599.87
  226.11,   350.94,   724.94
  224.51,   473.81,   473.64
  223.96,   475.06,   598.74
  223.91,   476.20,   723.68
  221.89,   599.40,   472.58
  221.93,   600.31,   597.45
  221.52,   600.94,   722.39
  351.72,   351.72,   475.43
  351.45,   351.98,   600.25
  350.78,   353.14,   725.10
  349.39,   476.47,   474.79
  349.11,   477.08,   599.68
  348.53,   478.23,   724.29
  347.51,   601.15,   473.65
  346.45,   602.08,   597.73
  346.18,   603.55,   722.85
  476.74,   353.49,   475.49
  476.89,   355.02,   601.00
  475.58,   355.94,   725.85
  474.71,   478.87,   474.88
  474.03,   479.64,   600.04
  473.26,   480.90,   724.97
  472.20,   604.04,   473.66
  472.06,   605.17,   598.55
  471.27,   605.63,   723.95
  225.18,   349.90,   598.75
  223.36,   350.23,   723.24
  220.75,   350.87,   848.59
  224.26,   474.44,   597.77
  221.07,   475.44,   722.83
  219.70,   475.63,   847.45
  222.70,   600.17,   597.67
  220.55,   600.49,   721.78
  217.47,   600.80,   847.09
  350.04,   351.38,   600.78
  348.32,   351.91,   726.06
  345.32,   352.97,   851.17
  348.86,   475.87,   599.71
  346.72,   476.56,   724.71
  344.47,   477.33,   849.81
  347.31,   601.18,   599.59
  344.69,   601.88,   724.05
  342.83,   602.81,   849.83
  474.72,   352.63,   603.18
  473.13,   353.25,   728.36
  470.33,   353.48,   852.66
  473.32,   478.17,   601.88
  471.77,   477.95,   727.29
  469.69,   478.50,   852.31
  471.99,   602.94,   601.36
  470.44,   603.23,   726.24
  467.82,   603.95,   851.42
  226.17,   474.48,    99.70
  222.82,   476.67,   224.70
  219.63,   478.52,   349.98
  226.89,   600.31,    97.72
  224.08,   601.52,   222.97
  220.64,   603.68,   347.36
  228.68,   725.00,    96.37
  225.70,   726.37,   220.78
  222.62,   728.78,   346.15
  351.17,   473.77,   103.19
  347.60,   475.67,   228.13
  344.71,   477.18,   352.74
  352.56,   598.41,   100.95
  349.00,   600.10,   225.66
  345.74,   602.18,   350.62
  353.85,   724.19,    99.30
  349.81,   725.86,   224.71
  347.35,   727.75,   349.34
  476.03,   472.40,   105.93
  473.28,   474.54,   230.48
  469.50,   476.07,   355.80
  477.12,   597.59,   104.08
  474.33,   599.37,   229.41
  470.94,   601.65,   353.81
  478.49,   723.07,   102.06
  475.56,   724.83,   227.08
  471.65,   725.91,   352.21
  224.86,   476.52,   226.52
  225.69,   474.87,   351.78
  226.89,   472.90,   477.17
  227.54,   601.45,   228.97
  228.55,   599.93,   353.78
  230.19,   597.28,   478.47
  229.98,   726.88,   230.89
  230.75,   724.29,   355.92
  232.93,   722.90,   480.42
  349.35,   473.96,   225.60
  350.22,   471.79,   350.62
  352.02,   470.29,   475.74
  352.18,   599.21,   227.82
  353.69,   597.49,   351.95
  354.57,   595.01,   477.19
  354.84,   724.09,   229.26
  355.72,   721.66,   354.59
  357.31,   720.16,   478.78
  474.39,   471.30,   224.22
  475.83,   469.27,   349.07
  476.98,   467.26,   473.96
  477.10,   595.90,   226.17
  478.09,   594.54,   351.47
  479.77,   592.67,   475.77
  479.97,   721.64,   227.79
  481.29,   719.06,   352.80
  482.36,   717.64,   477.54
  225.46,   473.93,   349.52
  226.77,   475.30,   474.21
  228.11,   476.43,   599.10
  225.94,   598.76,   347.42
  227.15,   600.57,   472.55
  229.05,   601.94,   598.28
  226.58,   724.08,   346.33
  227.36,   725.44,   471.60
  229.22,   726.10,   596.24
  350.32,   473.59,   347.73
  351.77,   475.26,   472.68
  353.39,   476.21,   597.86
  351.25,   599.14,   346.52
  352.10,   600.34,   471.52
  353.62,   600.98,   596.51
  351.21,   724.23,   345.26
  352.39,   724.91,   470.33
  353.90,   726.20,   595.73
  475.30,   473.48,   346.01
  476.86,   475.09,   471.26
  478.47,   475.94,   596.40
  475.98,   598.82,   344.92
  477.59,   600.21,   469.84
  479.26,   600.53,   595.25
  476.33,   723.93,   343.51
  477.54,   725.22,   469.12
  479.31,   726.33,   593.60
  223.65,   474.27,   475.73
  220.76,   476.87,   599.84
  217.64,   479.24,   725.67
  226.31,   599.52,   473.17
  223.64,   602.11,   598.15
  220.83,   603.98,   722.41
  229.54,   724.20,   470.58
  226.39,   726.58,   595.42
  223.01,   728.86,   720.24
  347.88,   471.50,   478.00
  345.08,   473.73,   603.08
  342.73,   476.80,   728.71
  351.07,   596.28,   475.98
  348.77,   599.28,   601.03
  345.11,   601.74,   725.69
  354.31,   721.49,   473.92
  351.75,   723.43,   598.53
  348.07,   726.69,   723.19
  473.00,   469.07,   481.66
  470.00,   471.28,   606.96
  466.88,   473.31,   731.47
  475.85,   593.84,   479.35
  473.60,   596.11,   603.85
  470.27,   598.28,   728.69
  479.62,   718.10,   477.35
  476.68,   721.29,   601.63
  473.69,   723.00,   726.74
  226.11,   473.97,   601.83
  229.26,   472.84,   726.68
  232.61,   471.42,   851.41
  225.45,   599.18,   602.92
  229.10,   597.46,   727.75
  232.83,   596.15,   853.26
  224.32,   724.38,   604.62
  228.32,   722.84,   729.73
  231.78,   721.51,   854.04
  350.32,   474.73,   597.82
  354.21,   472.95,   722.78
  358.10,   472.00,   847.86
  349.61,   599.61,   599.39
  353.57,   598.01,   724.74
  357.01,   596.64,   849.01
  349.58,   724.86,   600.93
  353.26,   723.14,   726.13
  357.10,   721.72,   851.17
  475.67,   475.22,   594.57
  478.82,   474.29,   719.52
  482.95,   472.86,   844.46
  474.95,   599.76,   596.30
  479.05,   599.02,   720.45
  482.39,   597.05,   845.41
  474.67,   725.53,   597.70
  478.45,   724.26,   721.89
  481.67,   722.04,   847.60
  223.52,   600.24,    98.72
  223.09,   602.95,   224.18
  222.78,   606.39,   348.58
  224.57,   724.90,    95.92
  224.00,   728.38,   220.83
  223.87,   730.73,   345.79
  225.07,   849.93,    93.02
  225.23,   852.94,   217.36
  225.16,   855.74,   343.03
  348.64,   599.00,    99.43
  348.57,   602.41,   224.08
  348.42,   604.82,   349.36
  349.01,   724.07,    95.71
  349.06,   726.92,   221.20
  349.78,   730.17,   345.77
  350.84,   849.24,    92.65
  350.63,   851.81,   217.99
  350.18,   855.14,   342.34
  473.12,   597.99,    99.56
  473.64,   600.87,   224.14
  473.58,   604.11,   348.67
  474.04,   722.66,    96.37
  474.74,   725.47,   221.33
  474.32,   728.90,   346.17
  475.13,   847.46,    92.85
  475.05,   851.29,   217.41
  475.22,   854.04,   342.60
  223.57,   601.19,   223.50
  222.12,   597.55,   348.61
  220.18,   594.89,   473.11
  219.54,   726.04,   226.42
  217.62,   722.56,   351.71
  216.86,   719.27,   476.80
  216.25,   851.12,   229.70
  214.21,   847.71,   355.35
  213.19,   844.04,   480.44
  348.39,   605.24,   224.90
  347.01,   601.38,   350.31
  345.25,   598.21,   475.46
  344.30,   730.17,   228.59
  343.29,   726.87,   353.48
  341.26,   723.35,   478.12
  341.31,   855.13,   231.61
  338.89,   851.65,   357.09
  337.98,   847.74,   481.68
  473.27,   609.06,   226.31
  471.27,   605.06,   351.58
  470.60,   601.91,   476.73
  470.00,   733.40,   230.17
  467.77,   730.22,   355.04
  466.57,   726.68,   480.10
  466.05,   858.28,   233.29
  463.84,   855.58,   358.52
  462.93,   851.52,   483.52
  224.23,   601.28,   349.91
  225.63,   598.28,   475.13
  226.69,   595.93,   600.20
  226.27,   726.00,   352.04
  227.12,   723.23,   477.87
  228.70,   720.59,   602.72
  228.14,   850.69,   355.36
  229.47,   848.76,   479.97
  229.92,   845.49,   604.99
  349.70,   599.94,   348.37
  351.06,   597.20,   474.10
  351.81,   594.00,   598.71
  351.49,   724.39,   350.91
  352.21,   721.63,   476.00
  353.68,   718.93,   601.66
  353.14,   849.60,   353.54
  354.26,   846.47,   479.43
  354.89,   844.15,   603.98
  474.25,   597.46,   347.22
  476.08,   594.88,   472.59
  477.11,   592.17,   597.49
  476.74,   723.27,   350.59
  477.71,   719.77,   474.95
  478.14,   717.78,   600.31
  478.43,   847.47,   353.05
  479.23,   844.79,   478.34
  480.12,   842.31,   603.13
  224.93,   597.72,   476.57
  226.55,   601.68,   601.79
  228.21,   605.13,   725.79
  224.95,   722.74,   472.71
  226.46,   726.45,   597.57
  228.67,   729.80,   723.09
  225.37,   848.01,   469.70
  227.26,   851.48,   594.63
  229.42,   854.51,   719.09
  349.92,   597.23,   474.37
  351.15,   600.78,   599.85
  352.98,   604.61,   724.26
  350.16,   722.77,   471.47
  352.30,   726.08,   595.90
  353.68,   729.94,   721.22
  349.93,   848.02,   468.25
  352.41,   851.36,   592.39
  353.49,   854.49,   717.52
  475.13,   596.92,   472.85
  476.78,   601.11,   597.86
  478.18,   604.13,   722.84
  475.18,   722.61,   469.71
  477.21,   726.11,   594.23
  478.48,   729.29,   719.20
  475.61,   847.55,   465.59
  477.01,   850.52,   590.69
  479.37,   854.30,   716.30
  223.43,   601.48,   598.25
  222.68,   599.98,   722.65
  222.10,   598.86,   848.08
  222.87,   726.06,   599.21
  222.26,   724.71,   723.86
  221.20,   724.27,   849.17
  222.20,   851.56,   600.06
  221.44,   849.56,   725.20
  220.25,   849.17,   850.14
  348.60,   601.97,   599.30
  348.18,   600.92,   724.32
  346.68,   599.23,   849.02
  347.90,   727.43,   600.36
  346.97,   725.74,   725.04
  346.03,   725.19,   850.44
  346.91,   852.06,   601.19
  346.40,   850.95,   726.51
  344.71,   849.90,   851.83
  473.62,   603.18,   599.89
  473.17,   602.05,   725.41
  471.87,   601.15,   850.33
  473.08,   728.57,   601.16
  471.91,   726.46,   726.07
  470.43,   725.74,   850.94
  472.38,   853.27,   602.24
  470.55,   852.17,   727.70
  469.73,   850.24,   852.96
  350.85,    99.19,    98.71
  351.81,    98.15,   224.12
  352.74,    96.32,   349.21
  348.39,   223.87,    99.97
  349.26,   222.97,   225.08
  350.23,   221.28,   349.66
  344.60,   349.09,   101.48
  345.67,   348.12,   226.86
  346.64,   346.11,   351.49
  475.79,   102.61,    97.61
  476.60,   100.48,   222.68
  477.41,    99.94,   347.52
  473.21,   226.77,    98.87
  473.60,   225.56,   223.96
  474.27,   224.83,   349.48
  470.05,   351.84,   100.56
  470.36,   350.77,   225.61
  471.30,   349.64,   350.60
  601.33,   105.55,    97.24
  602.12,   104.52,   222.19
  603.18,   102.74,   347.41
  597.52,   230.54,    98.41
  599.24,   228.91,   222.95
  599.22,   227.91,   348.22
  594.68,   355.43,    99.63
  596.12,   354.42,   225.00
  596.42,   352.27,   349.50
  351.64,    98.90,   226.18
  352.11,    99.20,   351.22
  351.58,    98.67,   476.51
  352.51,   223.71,   226.56
  352.65,   224.51,   351.05
  352.19,   224.48,   476.58
  353.25,   349.46,   226.75
  353.56,   349.48,   351.35
  354.01,   348.72,   476.28
  476.57,    98.27,   226.56
  477.12,    97.96,   351.75
  476.83,    98.19,   476.73
  477.45,   222.76,   226.06
  477.26,   223.06,   351.36
  477.45,   222.67,   475.92
  478.31,   347.81,   225.93
  478.61,   348.57,   351.74
  478.08,   348.62,   476.26
  601.83,    96.96,   226.40
  601.34,    97.75,   351.66
  601.76,    97.40,   476.56
  602.21,   222.54,   226.21
  602.91,   221.93,   351.03
  602.18,   222.12,   475.76
  603.34,   347.47,   226.47
  603.20,   347.80,   351.33
  603.48,   347.48,   476.30
  351.86,   100.05,   348.21
  348.17,   100.98,   472.95
  345.06,   102.80,   598.09
  349.15,   225.41,   347.39
  346.05,   226.82,   472.15
  342.48,   227.72,   597.22
  345.47,   350.11,   346.01
  342.82,   351.71,   471.04
  339.45,   352.74,   595.97
  476.70,   103.60,   351.46
  473.76,   104.21,   476.08
  470.54,   105.00,   601.10
  473.48,   228.17,   349.96
  470.87,   229.62,   475.01
  467.26,   230.35,   600.07
  470.70,   353.02,   348.87
  467.60,   354.19,   474.05
  464.60,   355.58,   599.29
  601.92,   105.87,   353.78
  598.86,   107.60,   479.24
  595.52,   108.33,   603.84
  598.82,   231.66,   353.38
  595.37,   232.08,   478.00
  592.05,   233.14,   602.72
  595.77,   356.20,   352.67
  593.13,   357.60,   476.84
  589.67,   357.87,   601.72
  348.27,    98.26,   475.92
  351.65,    96.38,   600.95
  354.67,    93.49,   725.59
  349.81,   223.07,   478.30
  352.91,   221.13,   603.29
  355.75,   218.85,   727.78
  352.03,   347.95,   480.15
  355.32,   346.18,   605.79
  358.49,   343.72,   730.46
  473.40,    96.66,   473.02
  476.36,    94.08,   597.52
  479.49,    92.42,   722.49
  475.18,   222.07,   474.57
  477.55,   219.73,   599.53
  480.97,   216.87,   724.84
  476.27,   346.64,   477.54
  479.46,   344.67,   602.44
  483.06,   341.87,   727.53
  598.47,    94.72,   469.98
  600.84,    92.90,   594.12
  604.46,    90.59,   719.48
  599.54,   219.84,   471.88
  603.12,   217.57,   597.09
  606.48,   215.61,   721.43
  601.79,   344.82,   474.21
  604.55,   342.45,   598.58
  607.68,   340.34,   723.78
  348.43,   100.48,   599.89
  348.03,   102.59,   724.89
  347.73,   104.23,   849.52
  344.93,   225.65,   598.34
  344.41,   227.26,   722.36
  344.04,   229.12,   847.81
  342.27,   351.14,   595.64
  341.29,   352.36,   721.43
  341.38,   354.34,   846.37
  473.14,   104.04,   600.25
  472.41,   105.96,   725.10
  472.56,   107.30,   850.53
  470.02,   228.57,   598.58
  469.88,   231.00,   723.07
  469.45,   232.11,   848.04
  466.95,   353.58,   596.10
  466.41,   356.03,   721.24
  466.27,   357.69,   846.28
  597.97,   107.09,   601.02
  597.70,   108.52,   725.78
  596.91,   111.28,   850.77
  595.62,   232.01,   599.27
  595.03,   234.38,   723.95
  594.63,   236.07,   849.23
  591.92,   357.10,   597.38
  591.92,   358.99,   721.92
  590.67,   360.90,   847.13
  350.15,   225.06,   100.50
  350.26,   228.30,   225.36
  350.37,   231.00,   350.47
  346.61,   350.39,    97.70
  347.14,   353.61,   222.65
  347.37,   356.25,   347.81
  343.29,   475.37,    94.83
  344.02,   478.57,   220.57
  344.22,   481.09,   344.78
  474.66,   228.46,   100.63
  475.60,   231.46,   225.41
  475.20,   233.97,   350.31
  471.81,   353.32,    97.54
  471.89,   356.38,   222.48
  472.77,   358.85,   347.94
  467.92,   479.11,    95.09
  468.90,   481.31,   220.19
  468.66,   483.66,   344.79
  599.82,   232.33,    99.55
  600.24,   235.10,   225.16
  600.95,   237.39,   349.80
  595.98,   357.50,    96.90
  596.96,   360.04,   222.50
  597.30,   362.48,   347.35
  592.71,   482.47,    94.64
  593.97,   484.38,   219.08
  594.23,   487.75,   344.04
  351.51,   222.62,   223.57
  352.65,   220.42,   349.19
  352.21,   218.42,   473.71
  348.34,   347.56,   226.87
  349.52,   345.26,   351.32
  349.42,   343.32,   476.50
  345.48,   472.57,   229.41
  345.62,   470.95,   353.95
  346.64,   468.29,   478.85
  476.40,   225.91,   223.94
  477.39,   223.45,   348.43
  477.42,   221.53,   473.48
  474.20,   351.45,   226.36
  473.92,   348.71,   351.28
  474.07,   346.05,   476.01
  471.16,   476.45,   229.15
  471.23,   473.50,   353.95
  471.81,   471.11,   478.34
  601.64,   228.82,   223.94
  602.12,   226.93,   348.91
  602.05,   224.77,   473.60
  598.51,   354.26,   225.52
  598.87,   352.17,   351.13
  599.25,   348.76,   475.65
  595.61,   479.39,   228.70
  596.17,   476.80,   353.40
  596.07,   473.78,   477.96
  349.22,   223.15,   349.50
  344.66,   226.87,   474.96
  341.49,   230.81,   599.78
  350.71,   348.42,   346.26
  347.55,   352.10,   471.26
  342.93,   355.84,   596.29
  352.75,   473.58,   343.39
  349.19,   477.42,   468.47
  345.58,   480.02,   592.73
  474.24,   222.11,   353.73
  469.81,   225.75,   478.34
  465.87,   228.52,   603.82
  475.96,   346.92,   350.65
  472.43,   350.27,   474.94
  468.38,   353.87,   600.01
  477.95,   471.95,   347.38
  474.10,   475.57,   472.13
  469.89,   479.09,   596.33
  598.46,   220.26,   357.79
  594.66,   223.07,   482.79
  591.10,   227.31,   607.78
  601.05,   345.03,   353.89
  597.23,   347.95,   478.93
  593.51,   351.52,   603.48
  602.16,   469.65,   351.21
  598.62,   473.26,   475.67
  594.80,   476.41,   600.55
  349.11,   225.79,   474.78
  348.53,   229.69,   599.89
  347.46,   232.81,   724.38
  349.55,   350.91,   471.00
  348.58,   353.82,   596.39
  347.71,   357.97,   720.89
  349.41,   475.36,   467.86
  348.41,   479.09,   592.38
  347.24,   482.75,   717.91
  474.03,   226.03,   475.64
  473.12,   229.12,   600.00
  472.02,   233.09,   724.96
  474.26,   351.13,   472.05
  472.79,   354.24,   596.86
  471.89,   358.05,   721.51
  473.76,   475.48,   468.70
  473.16,   479.51,   593.16
  471.80,   482.85,   718.18
  599.34,   225.76,   476.56
  598.54,   229.38,   601.69
  597.69,   232.59,   726.54
  598.88,   351.55,   473.27
  597.86,   354.19,   598.19
  597.63,   357.58,   723.23
  598.75,   475.85,   469.28
  597.82,   479.75,   594.70
  597.04,   482.72,   719.27
  350.30,   223.88,   599.70
  349.92,   227.19,   725.02
  348.85,   229.63,   849.56
  346.26,   347.94,   596.96
  346.04,   351.78,   721.66
  344.53,   355.13,   846.86
  343.38,   473.02,   592.96
  342.22,   477.00,   718.63
  341.08,   480.15,   843.35
  475.22,   227.38,   600.75
  474.75,   230.83,   725.54
  474.07,   234.30,   850.54
  471.13,   352.10,   597.42
  470.70,   355.18,   722.52
  469.89,   358.66,   847.41
  468.15,   477.09,   593.92
  466.57,   480.20,   718.64
  465.92,   483.55,   844.00
  600.58,   231.38,   601.98
  599.16,   233.93,   726.43
  598.77,   237.29,   851.66
  596.99,   356.11,   597.79
  595.69,   359.45,   722.85
  595.29,   362.13,   848.40
  593.29,   480.75,   595.24
  592.25,   484.35,   719.84
  591.59,   487.19,   844.87
  351.94,   350.24,   101.64
  348.19,   347.15,   226.53
  345.27,   343.80,   351.60
  349.71,   475.27,   104.47
  346.67,   471.76,   229.12
  342.74,   468.52,   354.23
  346.99,   600.47,   107.45
  343.56,   596.74,   233.13
  340.33,   593.68,   358.01
  477.24,   352.19,   104.58
  473.83,   348.90,   229.42
  469.89,   345.69,   355.07
  474.31,   477.01,   107.98
  470.83,   474.47,   232.77
  467.25,   470.52,   357.79
  472.22,   602.16,   111.56
  468.87,   598.74,   236.04
  465.13,   596.28,   360.71
  601.57,   354.66,   108.60
  598.55,   351.29,   233.63
  594.47,   347.94,   358.02
  599.83,   479.60,   111.50
  596.41,   476.27,   236.40
  593.09,   473.40,   361.35
  597.51,   604.95,   114.85
  593.64,   601.14,   239.60
  590.32,   597.79,   364.25
  350.83,   349.70,   223.19
  350.30,   353.96,   348.83
  350.81,   357.16,   473.79
  353.57,   475.25,   220.36
  354.00,   478.77,   345.38
  353.70,   481.88,   469.54
  356.22,   599.87,   216.06
  357.05,   603.14,   340.91
  356.31,   607.23,   466.14
  475.94,   346.70,   223.35
  475.82,   351.19,   348.49
  476.08,   354.23,   473.33
  478.28,   472.43,   219.61
  478.73,   476.03,   345.32
  478.78,   479.63,   469.83
  481.85,   596.67,   216.52
  481.79,   600.86,   341.01
  481.59,   604.25,   466.17
  600.68,   344.69,   224.00
  600.70,   347.73,   349.22
  601.08,   351.74,   473.65
  603.26,   468.70,   219.85
  603.22,   472.74,   345.35
  603.63,   476.97,   469.96
  606.51,   593.80,   216.69
  606.84,   597.52,   340.94
  606.84,   600.92,   466.35
  349.44,   350.07,   349.45
  350.43,   349.08,   473.86
  350.78,   347.66,   598.85
  349.29,   475.11,   350.55
  349.43,   473.63,   475.30
  350.12,   473.05,   600.07
  348.49,   600.28,   351.51
  349.55,   598.65,   476.88
  349.17,   597.13,   601.19
  474.60,   350.60,   348.38
  474.78,   349.61,   473.80
  475.88,   348.20,   598.55
  474.03,   475.38,   350.06
  474.29,   473.86,   474.45
  475.01,   473.13,   600.01
  474.03,   600.44,   350.82
  473.90,   599.48,   476.59
  474.58,   597.70,   601.12
  600.19,   350.52,   347.95
  600.52,   349.12,   473.91
  600.38,   348.12,   598.24
  598.99,   475.33,   350.02
  599.57,   474.61,   475.10
  600.37,   473.74,   599.36
  598.74,   601.03,   350.65
  599.72,   599.32,   475.43
  599.92,   598.28,   600.97
  348.45,   350.06,   476.32
  345.27,   351.02,   600.83
  341.69,   353.26,   725.92
  352.23,   475.19,   475.09
  347.91,   475.92,   599.86
  344.98,   477.97,   724.64
  355.51,   599.45,   473.00
  352.20,   601.67,   598.13
  348.22,   602.33,   723.25
  473.94,   346.19,   479.53
  469.60,   347.84,   604.79
  466.24,   349.62,   729.73
  476.65,   471.26,   477.82
  473.68,   472.80,   602.97
  469.66,   474.06,   728.19
  480.35,   596.06,   476.67
  476.35,   597.79,   602.00
  473.09,   599.16,   727.17
  598.13,   343.35,   482.96
  594.57,   344.50,   608.49
  591.06,   346.45,   732.76
  601.87,   468.64,   481.86
  597.88,   469.50,   607.10
  595.00,   471.46,   731.95
  605.53,   592.74,   479.96
  601.93,   594.16,   605.30
  597.92,   595.77,   730.48
  351.11,   351.40,   600.70
  353.23,   353.53,   725.71
  354.91,   355.77,   851.05
  353.77,   476.05,   598.26
  356.37,   479.15,   723.49
  358.46,   481.02,   848.16
  356.78,   601.06,   596.38
  359.50,   603.31,   720.90
  360.53,   606.13,   845.41
  476.24,   347.90,   599.30
  478.08,   351.25,   723.95
  480.58,   353.47,   848.93
  479.04,   473.70,   596.64
  481.40,   475.55,   721.76
  483.05,   478.34,   846.69
  481.76,   597.97,   594.10
  483.64,   600.46,   719.22
  486.24,   602.85,   843.49
  601.08,   345.09,   596.73
  603.32,   347.51,   722.22
  604.70,   350.18,   847.04
  604.26,   470.06,   594.89
  605.99,   472.62,   719.67
  608.50,   475.17,   844.26
  607.20,   594.94,   592.25
  608.97,   598.07,   716.62
  610.65,   600.35,   842.47
  350.86,   474.66,   101.16
  350.19,   476.68,   226.27
  350.22,   477.54,   351.07
  348.52,   599.83,    99.58
  348.74,   601.29,   225.34
  348.42,   602.53,   349.81
  346.27,   724.45,    98.34
  346.33,   725.79,   222.96
  346.24,   728.35,   348.07
  475.67,   476.86,   101.48
  475.68,   478.37,   226.44
  475.71,   480.68,   351.97
  473.74,   602.15,   100.39
  473.64,   603.73,   224.94
  472.89,   605.38,   349.92
  471.50,   726.72,    98.65
  471.18,   728.20,   223.60
  470.79,   730.70,   348.73
  600.24,   479.75,   101.49
  600.31,   480.71,   226.66
  600.91,   482.13,   351.80
  598.35,   604.70,   100.11
  597.77,   605.83,   225.11
  598.15,   607.44,   349.47
  596.39,   729.30,    98.19
  595.81,   730.92,   223.73
  596.00,   732.73,   348.32
  348.80,   475.02,   226.15
  351.48,   476.27,   350.72
  353.89,   478.13,   475.68
  348.77,   600.22,   224.79
  351.02,   601.05,   349.43
  353.88,   603.49,   474.54
  348.29,   724.74,   222.33
  351.23,   726.38,   347.68
  353.98,   728.31,   472.78
  473.75,   475.13,   223.13
  476.76,   477.12,   348.08
  479.02,   478.69,   473.52
  473.24,   600.40,   221.30
  475.90,   601.85,   346.16
  478.60,   603.46,   471.67
  473.32,   725.14,   220.43
  475.74,   726.36,   344.57
  478.66,   728.25,   470.08
  598.95,   475.97,   220.24
  601.39,   476.90,   345.94
  604.48,   478.22,   470.58
  598.23,   600.22,   218.94
  601.51,   601.63,   343.96
  603.84,   603.80,   468.89
  598.02,   725.52,   217.62
  601.09,   727.22,   342.08
  603.21,   728.53,   466.96
  350.19,   475.14,   351.14
  353.15,   478.21,   475.55
  355.05,   481.65,   600.81
  353.68,   600.38,   347.94
  356.12,   603.54,   473.09
  359.11,   606.76,   597.30
  357.11,   725.08,   344.62
  359.80,   727.89,   469.63
  362.27,   731.39,   594.41
  475.36,   471.53,   348.41
  477.61,   474.57,   474.04
  480.54,   478.23,   598.36
  479.00,   596.33,   345.46
  481.27,   599.47,   470.11
  483.88,   602.59,   595.66
  481.78,   721.63,   342.61
  484.18,   724.40,   466.94
  486.92,   727.66,   592.30
  600.59,   468.45,   346.33
  602.71,   471.36,   471.04
  604.87,   474.44,   595.99
  603.86,   593.10,   342.99
  606.23,   595.86,   468.08
  608.80,   599.32,   592.70
  607.39,   717.71,   339.64
  609.83,   721.61,   465.25
  611.66,   724.65,   589.62
  349.58,   473.73,   475.86
  349.49,   476.25,   600.17
  350.24,   478.39,   725.33
  354.01,   598.64,   472.62
  353.60,   600.87,   597.80
  353.57,   603.82,   723.35
  357.24,   723.79,   470.15
  356.77,   726.60,   595.00
  356.50,   728.43,   720.75
  475.22,   470.15,   476.02
  474.45,   473.10,   600.95
  474.58,   475.68,   725.55
  478.01,   595.08,   473.15
  478.62,   598.10,   597.65
  478.67,   599.65,   723.17
  481.69,   720.45,   470.46
  481.82,   722.60,   595.68
  481.63,   725.23,   720.65
  599.41,   466.32,   475.84
  600.18,   469.09,   600.80
  600.02,   471.36,   725.92
  603.45,   592.00,   473.17
  603.55,   594.18,   598.46
  603.39,   596.65,   723.26
  607.44,   716.39,   470.34
  606.47,   718.56,   595.91
  607.15,   721.59,   721.10
  351.25,   474.58,   599.61
  351.58,   475.90,   724.20
  352.32,   477.29,   849.69
  349.81,   599.31,   597.69
  349.93,   600.56,   722.82
  350.54,   602.39,   847.66
  348.34,   724.06,   595.64
  348.54,   725.53,   720.40
  348.90,   728.06,   845.28
  476.08,   475.43,   598.57
  476.55,   477.28,   724.16
  477.68,   479.63,   848.25
  474.86,   600.95,   596.73
  474.92,   602.75,   722.32
  475.40,   604.17,   847.20
  473.26,   725.37,   594.85
  473.54,   727.43,   719.89
  474.27,   729.41,   845.09
  601.00,   477.03,   597.74
  601.38,   479.07,   723.48
  602.32,   480.84,   847.88
  599.58,   602.36,   595.92
  600.75,   603.72,   721.70
  600.65,   605.86,   846.40
  598.09,   726.86,   594.83
  598.64,   728.70,   719.63
  599.44,   731.23,   844.59
  349.04,   600.86,    98.27
  349.48,   604.63,   223.34
  348.88,   607.65,   348.19
  352.22,   726.46,    95.00
  351.78,   729.33,   220.29
  351.96,   733.00,   345.29
  355.70,   851.01,    92.60
  355.33,   854.47,   217.40
  355.80,   857.24,   342.28
  474.44,   598.38,    99.20
  474.39,   601.46,   223.84
  474.27,   604.39,   348.67
  476.80,   722.98,    95.45
  477.56,   726.30,   220.54
  477.31,   729.31,   345.21
  480.68,   847.49,    91.79
  480.58,   851.11,   217.52
  479.96,   854.30,   342.51
  599.51,   595.44,    98.35
  599.23,   598.39,   224.23
  599.37,   602.00,   349.16
  602.53,   719.47,    95.44
  601.91,   723.21,   220.65
  601.71,   726.35,   345.84
  605.57,   844.83,    92.63
  605.18,   848.38,   217.29
  605.31,   851.75,   342.27
  349.01,   599.63,   225.59
  350.12,   602.97,   350.42
  351.58,   605.56,   474.86
  346.35,   724.53,   222.39
  348.47,   727.64,   347.00
  350.15,   730.27,   472.28
  344.98,   850.06,   219.33
  346.36,   852.45,   344.92
  348.25,   855.99,   469.17
  473.59,   602.02,   223.47
  475.64,   604.35,   348.06
  476.50,   607.62,   473.90
  471.42,   726.55,   221.14
  473.23,   729.31,   346.03
  474.35,   733.04,   470.39
  469.60,   851.52,   217.77
  471.29,   855.08,   342.70
  472.45,   857.35,   467.73
  598.78,   603.56,   221.38
  599.78,   606.78,   346.62
  602.13,   609.73,   472.10
  596.64,   729.18,   219.43
  598.07,   731.63,   343.61
  599.45,   734.60,   468.89
  594.53,   853.95,   216.55
  595.98,   856.56,   340.76
  597.74,   859.33,   466.40
  351.83,   601.27,   349.21
  349.30,   601.18,   474.29
  346.34,   600.33,   598.99
  350.97,   726.55,   349.43
  349.14,   726.00,   475.19
  346.44,   724.53,   599.84
  351.55,   851.61,   350.84
  348.65,   851.23,   476.06
  346.63,   850.19,   600.74
  476.34,   601.56,   351.35
  473.45,   601.26,   476.13
  471.05,   600.02,   601.46
  476.30,   726.63,   351.90
  473.62,   725.51,   477.04
  471.13,   725.01,   602.01
  476.24,   851.20,   353.31
  473.66,   851.11,   477.87
  471.22,   849.71,   602.72
  601.78,   601.78,   353.73
  598.94,   600.64,   479.43
  596.18,   599.86,   603.90
  601.58,   726.72,   354.69
  598.42,   726.16,   480.06
  596.64,   725.09,   604.42
  601.09,   851.62,   355.89
  599.07,   850.91,   480.64
  596.37,   850.14,   605.43
  350.58,   600.61,   475.45
  347.84,   598.35,   600.36
  344.57,   595.97,   725.33
  347.58,   725.40,   477.41
  344.99,   723.76,   602.05
  341.88,   721.10,   727.31
  344.20,   850.78,   480.03
  341.56,   848.51,   604.54
  338.27,   845.30,   729.58
  475.86,   603.87,   477.77
  473.05,   601.80,   603.01
  469.49,   599.28,   727.78
  472.17,   729.49,   480.82
  469.30,   726.39,   605.55
  466.34,   724.14,   730.38
  469.27,   854.49,   482.69
  465.92,   851.14,   607.88
  463.20,   849.17,   732.33
  601.13,   607.74,   481.22
  597.90,   604.73,   606.09
  595.28,   601.99,   730.82
  596.99,   732.58,   483.10
  594.58,   729.70,   608.71
  591.68,   727.77,   733.80
  594.21,   857.08,   486.05
  591.02,   854.60,   610.53
  588.51,   852.57,   735.60
  349.53,   601.82,   598.17
  351.53,   605.32,   723.37
  353.45,   608.44,   847.86
  352.98,   726.59,   594.82
  354.85,   730.31,   719.57
  356.87,   733.25,   844.58
  356.36,   851.84,   591.87
  358.06,   855.31,   716.68
  359.61,   858.08,   841.41
  474.02,   598.09,   596.45
  476.37,   601.43,   720.95
  477.99,   604.82,   845.94
  477.95,   723.79,   593.02
  479.42,   727.08,   718.46
  481.54,   730.31,   842.89
  480.56,   847.90,   589.61
  483.08,   851.62,   714.61
  484.59,   855.07,   839.40
  599.09,   594.97,   594.90
  601.31,   597.91,   719.57
  602.84,   601.78,   844.41
  602.52,   720.10,   591.44
  604.58,   723.80,   715.65
  606.40,   726.64,   841.28
  605.68,   844.83,   587.83
  607.83,   848.24,   712.85
  609.68,   852.04,   838.09
  476.04,    98.51,    99.37
  477.10,    96.91,   224.38
  478.00,    95.52,   348.68
  473.03,   223.13,   100.19
  473.42,   221.45,   224.97
  474.35,   220.75,   350.80
  469.45,   348.18,   102.13
  470.15,   347.19,   226.86
  470.89,   344.98,   352.08
  601.24,   101.48,    98.03
  601.88,   100.19,   222.79
  603.02,    99.08,   347.97
  597.50,   226.14,    99.44
  598.87,   225.38,   224.51
  599.98,   224.12,   349.79
  594.33,   351.27,   100.90
  595.48,   350.30,   226.29
  596.38,   348.46,   350.92
  725.92,   104.42,    97.06
  726.77,   103.67,   222.31
  727.90,   102.06,   346.77
  722.68,   230.07,    98.70
  723.17,   228.05,   223.83
  724.30,   226.62,   348.53
  719.36,   354.78,   100.05
  720.18,   352.95,   224.49
  721.17,   351.81,   349.70
  474.20,    99.97,   225.16
  476.84,   102.31,   350.50
  480.05,   103.38,   475.33
  474.54,   225.35,   223.80
  477.67,   227.24,   348.07
  480.97,   229.23,   472.96
  474.83,   350.65,   221.66
  477.84,   351.87,   346.81
  481.05,   353.98,   471.84
  598.54,    99.81,   221.57
  601.74,   101.81,   347.03
  605.26,   103.85,   472.26
  599.11,   225.07,   220.44
  602.25,   226.70,   345.22
  605.81,   228.00,   470.07
  599.39,   349.81,   218.45
  603.23,   351.84,   343.04
  605.79,   353.70,   468.55
  723.61,    99.97,   218.13
  727.28,   101.65,   343.82
  729.84,   102.67,   468.53
  724.56,   224.11,   216.49
  727.38,   225.81,   341.99
  730.83,   227.90,   466.96
  723.98,   349.19,   215.50
  728.15,   350.94,   340.16
  730.84,   352.53,   464.91
  472.85,   100.15,   350.53
  471.69,   103.47,   475.95
  470.90,   105.13,   600.57
  471.02,   225.17,   348.25
  469.83,   227.81,   472.67
  468.38,   230.31,   597.81
  468.77,   350.03,   345.22
  467.48,   352.91,   470.16
  466.33,   355.94,   595.46
  597.88,   102.83,   351.96
  597.12,   105.12,   477.17
  595.86,   108.29,   601.71
  596.14,   227.81,   349.57
  594.73,   230.34,   474.27
  593.31,   233.18,   599.24
  593.72,   352.52,   346.74
  592.50,   355.02,   471.45
  590.80,   357.90,   596.68
  723.46,   105.33,   353.20
  721.69,   107.66,   477.90
  721.14,   110.65,   602.68
  721.15,   230.22,   350.64
  719.77,   233.08,   475.79
  718.09,   234.80,   600.76
  718.33,   355.13,   347.79
  717.11,   357.83,   472.82
  716.00,   360.61,   597.56
  476.38,    98.62,   474.85
  477.35,   101.94,   599.93
  479.00,   104.32,   724.74
  477.21,   223.71,   472.26
  478.61,   226.13,   597.17
  480.28,   229.15,   721.48
  479.07,   348.91,   469.11
  480.42,   351.70,   593.85
  481.18,   354.55,   719.26
  601.32,    97.65,   473.81
  603.01,   100.63,   598.36
  604.34,   103.24,   723.30
  602.47,   222.61,   470.87
  603.34,   224.97,   595.35
  605.38,   228.22,   720.58
  603.86,   347.14,   468.03
  604.51,   350.69,   593.07
  606.32,   352.77,   717.28
  725.86,    95.94,   472.44
  727.66,    99.68,   597.33
  728.82,   102.28,   722.00
  727.25,   221.17,   469.37
  728.48,   224.23,   594.11
  729.52,   226.64,   719.16
  728.89,   346.43,   466.85
  729.79,   349.31,   591.80
  731.68,   351.85,   716.13
  473.18,   100.85,   599.52
  473.79,    97.76,   723.96
  473.45,    94.22,   849.17
  474.58,   225.74,   603.09
  474.27,   222.26,   728.10
  475.25,   219.04,   852.38
  475.41,   350.72,   606.64
  475.45,   347.34,   731.71
  476.16,   343.74,   855.96
  598.07,    99.69,   599.29
  598.63,    96.46,   723.57
  598.74,    93.17,   848.67
  599.04,   225.33,   602.16
  599.97,   221.04,   726.92
  599.93,   217.79,   852.32
  600.05,   349.91,   605.96
  600.67,   346.62,   731.05
  601.17,   342.23,   856.26
  723.14,    99.36,   598.05
  723.62,    95.39,   723.29
  723.99,    91.57,   847.90
  724.39,   223.83,   602.43
  724.67,   220.60,   727.27
  725.44,   216.49,   852.10
  725.00,   349.03,   605.36
  726.24,   345.58,   731.09
  726.24,   341.14,   855.44
  476.49,   222.96,   100.03
  476.26,   220.20,   225.04
  476.49,   218.34,   349.98
  476.27,   348.15,   102.79
  476.10,   345.25,   227.77
  476.10,   342.63,   353.06
  475.43,   473.16,   105.98
  475.60,   470.31,   230.17
  475.53,   467.95,   355.02
  601.31,   223.63,   100.29
  601.60,   221.43,   224.76
  601.22,   218.57,   349.87
  601.25,   348.82,   102.28
  601.15,   345.46,   228.10
  600.69,   342.87,   352.83
  600.96,   473.30,   105.18
  600.29,   470.71,   230.27
  601.05,   468.38,   355.79
  726.30,   224.31,    99.80
  726.02,   220.86,   225.09
  726.24,   218.68,   350.22
  726.19,   348.89,   102.88
  725.59,   346.51,   227.07
  725.93,   343.83,   352.17
  725.94,   473.55,   105.66
  726.02,   470.80,   230.09
  725.86,   468.61,   355.54
  475.25,   223.58,   225.31
  478.25,   223.12,   350.78
  479.81,   223.36,   475.60
  476.20,   348.55,   225.42
  477.86,   348.18,   350.62
  480.50,   347.89,   476.18
  476.19,   473.72,   225.96
  478.65,   473.44,   350.76
  481.03,   473.14,   476.10
  600.21,   223.50,   223.13
  602.29,   223.30,   348.26
  605.34,   222.81,   473.70
  600.55,   348.24,   223.69
  603.03,   348.25,   348.78
  605.22,   347.87,   473.37
  600.75,   472.99,   223.78
  602.88,   472.44,   348.81
  605.57,   472.47,   474.13
  725.48,   223.02,   221.39
  727.77,   222.52,   345.81
  730.17,   222.34,   470.58
  725.66,   347.60,   221.07
  728.11,   347.97,   346.64
  730.45,   347.38,   470.99
  725.81,   473.26,   222.04
  728.55,   472.85,   346.45
  730.40,   472.77,   471.96
  473.78,   226.94,   350.89
  472.56,   224.22,   475.25
  471.08,   220.63,   600.79
  474.85,   351.36,   353.62
  473.96,   348.33,   478.23
  472.73,   346.28,   603.39
  476.32,   476.89,   356.52
  475.25,   473.96,   480.95
  474.68,   471.00,   606.41
  598.53,   225.34,   351.06
  596.96,   221.77,   476.09
  596.14,   218.74,   601.55
  600.26,   349.57,   354.39
  598.78,   346.64,   479.33
  598.04,   343.86,   604.25
  601.92,   474.57,   357.64
  600.49,   471.62,   482.70
  599.40,   469.39,   607.08
  722.98,   222.87,   352.75
  721.83,   219.93,   477.25
  720.71,   217.79,   603.05
  724.46,   347.95,   355.25
  723.52,   344.90,   480.52
  722.42,   342.78,   605.00
  726.95,   473.33,   358.31
  725.57,   470.41,   483.52
  724.15,   467.39,   608.84
  475.29,   224.12,   474.84
  477.81,   223.62,   599.69
  480.11,   224.22,   724.44
  475.84,   349.46,   475.53
  478.14,   349.45,   600.47
  479.97,   349.19,   725.02
  475.85,   473.97,   475.73
  477.74,   473.75,   600.79
  480.52,   473.67,   725.80
  600.15,   224.08,   472.26
  603.18,   224.53,   597.86
  605.44,   224.23,   722.52
  600.30,   349.20,   473.00
  602.81,   349.23,   597.72
  604.91,   348.43,   722.42
  601.05,   474.56,   473.63
  602.97,   474.14,   597.99
  604.97,   473.40,   723.45
  725.43,   224.35,   470.17
  728.28,   223.68,   594.90
  730.37,   224.20,   720.22
  725.33,   349.36,   470.87
  727.36,   349.58,   595.67
  729.88,   348.45,   720.73
  725.78,   474.14,   470.55
  727.63,   474.59,   596.05
  730.04,   473.27,   720.90
  474.41,   224.13,   601.69
  473.82,   222.60,   726.26
  473.08,   221.79,   851.35
  477.69,   348.52,   602.14
  476.12,   347.93,   727.35
  475.37,   346.92,   852.78
  479.82,   473.67,   602.87
  479.47,   472.86,   728.37
  478.27,   472.09,   852.99
  599.50,   220.88,   602.52
  598.63,   220.10,   727.40
  598.25,   218.74,   852.40
  602.61,   345.70,   603.00
  601.70,   345.43,   727.73
  600.79,   344.44,   853.27
  604.64,   470.75,   603.88
  604.37,   470.40,   729.59
  603.35,   469.37,   854.21
  724.99,   218.01,   603.12
  723.35,   217.61,   728.04
  723.17,   216.96,   853.08
  727.66,   343.79,   604.33
  726.91,   342.52,   729.25
  725.52,   341.39,   854.17
  730.32,   468.65,   605.37
  729.08,   467.82,   729.63
  727.92,   466.95,   855.20
  473.71,   351.72,   102.27
  474.23,   355.15,   226.76
  474.17,   358.70,   352.17
  473.43,   477.13,    98.57
  474.41,   479.98,   223.72
  474.15,   483.12,   348.36
  473.67,   601.84,    94.98
  473.96,   605.63,   220.07
  474.63,   608.71,   345.16
  598.43,   351.91,   101.71
  599.12,   355.13,   227.03
  598.52,   358.45,   351.56
  599.08,   476.49,    98.00
  598.82,   480.50,   223.13
  598.85,   483.62,   348.00
  598.84,   602.25,    94.94
  599.40,   604.66,   219.77
  598.90,   608.03,   344.82
  724.10,   351.54,   101.48
  724.26,   355.48,   226.14
  723.87,   358.84,   351.28
  723.48,   476.65,    97.88
  724.00,   480.50,   223.66
  723.66,   483.55,   348.62
  723.71,   601.80,    95.23
  723.96,   604.55,   219.73
  723.94,   608.04,   344.33
  474.52,   350.50,   223.22
  471.47,   351.69,   348.52
  467.57,   353.52,   472.81
  473.78,   475.49,   222.19
  470.84,   476.94,   346.36
  467.12,   478.06,   471.61
  473.53,   600.26,   220.08
  469.46,   601.33,   345.41
  466.31,   602.99,   470.50
  599.96,   351.08,   226.91
  595.78,   352.00,   352.29
  592.07,   353.84,   477.05
  599.31,   475.54,   225.68
  594.98,   477.62,   350.52
  591.59,   479.04,   475.46
  598.01,   601.13,   223.39
  594.81,   602.51,   348.93
  591.10,   604.25,   473.90
  724.34,   351.91,   230.37
  720.93,   352.75,   355.66
  717.19,   354.46,   480.73
  723.77,   476.97,   229.10
  719.96,   477.75,   353.60
  716.26,   480.15,   478.53
  722.76,   601.09,   227.09
  719.82,   603.37,   352.31
  716.36,   605.03,   477.31
  476.94,   351.38,   349.93
  480.14,   350.96,   475.13
  482.61,   351.19,   599.90
  474.33,   476.58,   350.24
  477.43,   476.72,   475.82
  480.27,   475.50,   600.57
  471.60,   601.95,   351.44
  474.80,   601.26,   475.85
  477.93,   600.77,   600.96
  601.44,   354.54,   346.43
  604.35,   353.62,   471.89
  608.17,   353.37,   596.34
  599.28,   479.47,   347.78
  602.43,   479.19,   472.58
  605.44,   478.73,   597.25
  596.57,   604.15,   348.30
  599.28,   603.88,   472.63
  602.91,   603.59,   598.19
  726.19,   357.71,   343.16
  729.62,   356.77,   468.73
  733.20,   355.96,   593.08
  724.30,   482.75,   344.35
  727.05,   481.47,   469.21
  729.91,   481.25,   594.51
  720.99,   606.93,   344.85
  724.37,   606.28,   469.92
  727.27,   606.34,   594.49
  474.80,   349.97,   476.46
  475.15,   350.09,   601.68
  475.19,   349.69,   727.08
  474.44,   474.92,   476.52
  474.50,   475.37,   601.78
  474.52,   475.08,   726.51
  473.55,   600.09,   477.40
  473.40,   600.31,   602.28
  474.08,   599.42,   727.30
  599.75,   350.47,   476.60
  599.85,   351.28,   601.76
  600.58,   351.22,   727.01
  599.57,   475.97,   476.96
  599.41,   475.56,   601.70
  599.46,   475.68,   726.16
  597.90,   600.95,   476.52
  598.83,   601.20,   601.69
  599.09,   600.79,   726.86
  725.58,   352.26,   476.42
  724.93,   351.74,   601.30
  725.55,   351.42,   726.43
  724.49,   477.20,   476.01
  724.82,   476.43,   601.49
  724.60,   477.12,   726.02
  723.06,   601.90,   476.33
  723.71,   601.95,   601.56
  724.01,   601.62,   726.41
  476.79,   351.12,   600.85
  476.59,   350.89,   725.70
  475.43,   349.30,   851.00
  476.71,   477.08,   601.75
  476.35,   475.57,   726.91
  475.79,   475.01,   851.80
  477.15,   601.61,   602.94
  477.20,   600.25,   728.23
  475.82,   599.66,   852.52
  601.34,   351.28,   601.15
  601.57,   350.73,   726.61
  601.33,   349.54,   850.98
  602.19,   476.00,   602.77
  601.20,   475.45,   727.87
  600.77,   474.78,   851.95
  601.87,   601.22,   603.81
  601.79,   599.94,   728.74
  601.17,   599.41,   852.96
  727.18,   350.88,   602.01
  725.90,   350.27,   726.62
  726.28,   349.06,   851.49
  727.12,   475.67,   602.49
  726.97,   475.51,   727.86
  725.69,   473.60,   852.70
  727.28,   601.19,   604.10
  726.37,   600.51,   728.82
  726.25,   598.88,   853.65
  473.96,   475.79,    99.26
  475.96,   477.73,   223.90
  476.79,   479.43,   348.80
  477.01,   601.11,    97.61
  478.57,   602.97,   222.13
  479.76,   603.87,   347.40
  479.43,   726.02,    95.31
  480.84,   727.82,   220.24
  482.48,   729.17,   345.04
  598.61,   472.83,    97.15
  600.64,   474.39,   221.92
  602.37,   476.79,   347.02
  601.96,   598.39,    95.56
  603.68,   600.05,   220.16
  604.78,   601.99,   346.00
  604.32,   723.42,    94.03
  606.38,   724.28,   218.77
  607.82,   726.81,   343.37
  724.24,   470.04,    96.18
  725.86,   472.46,   220.31
  727.66,   473.75,   345.78
  726.53,   595.57,    94.18
  728.20,   597.16,   219.18
  729.83,   598.26,   344.30
  729.13,   720.02,    92.20
  730.76,   721.94,   217.62
  732.38,   723.80,   342.04
  474.32,   475.64,   225.15
  474.33,   477.64,   349.97
  475.02,   480.77,   474.70
  477.37,   600.33,   222.11
  478.43,   602.68,   347.69
  479.33,   605.60,   471.86
  480.96,   725.64,   220.54
  481.67,   728.15,   345.10
  481.92,   730.74,   470.29
  598.85,   472.78,   224.02
  599.35,   474.95,   349.40
  600.63,   476.83,   474.15
  602.61,   596.93,   222.08
  603.17,   599.80,   346.61
  604.18,   602.01,   472.07
  605.85,   722.31,   219.22
  606.99,   724.86,   344.11
  607.08,   727.32,   468.94
  724.19,   468.79,   223.55
  724.67,   470.78,   347.87
  725.55,   473.14,   472.99
  727.53,   593.43,   221.22
  728.21,   595.67,   345.88
  728.36,   598.24,   471.14
  730.66,   718.31,   219.05
  731.09,   720.86,   343.51
  731.76,   722.94,   468.36
  474.75,   473.95,   350.08
  475.50,   476.22,   475.06
  476.19,   478.89,   599.65
  476.36,   598.55,   348.02
  476.31,   601.66,   472.68
  476.88,   603.90,   597.91
  477.20,   723.17,   344.66
  478.10,   725.81,   470.28
  478.03,   729.08,   594.78
  599.55,   472.71,   349.43
  600.20,   474.77,   474.81
  601.40,   477.86,   599.82
  600.89,   598.00,   346.96
  601.72,   600.36,   472.21
  602.53,   602.52,   596.83
  602.09,   722.64,   345.00
  602.41,   725.11,   469.65
  602.95,   727.15,   595.01
  725.16,   471.88,   348.97
  725.66,   474.08,   474.06
  726.04,   476.54,   598.84
  726.22,   595.94,   346.58
  726.70,   598.53,   471.19
  727.23,   601.80,   596.71
  727.08,   721.25,   343.56
  727.57,   724.07,   469.06
  728.60,   726.12,   594.30
  475.15,   476.46,   476.75
  471.44,   477.60,   601.75
  468.55,   479.85,   726.60
  470.75,   600.73,   474.70
  468.42,   603.07,   599.56
  465.26,   604.89,   724.36
  467.65,   726.22,   472.41
  463.98,   727.66,   597.27
  461.48,   729.74,   723.13
  599.24,   480.00,   479.29
  596.93,   481.47,   604.20
  593.32,   483.01,   729.24
  595.84,   604.34,   477.89
  592.94,   606.22,   602.45
  589.44,   608.37,   727.35
  592.37,   729.18,   475.62
  589.04,   731.63,   600.75
  586.36,   733.48,   725.28
  724.25,   483.91,   482.76
  721.89,   485.27,   607.55
  717.88,   486.53,   732.06
  721.31,   608.78,   480.71
  717.71,   609.68,   606.17
  714.92,   612.00,   730.21
  716.90,   733.35,   478.94
  714.41,   735.46,   604.18
  711.52,   737.03,   728.67
  477.35,   474.72,   598.95
  475.03,   476.10,   723.37
  473.38,   478.61,   849.07
  473.79,   599.19,   596.53
  472.19,   601.29,   721.61
  470.16,   602.83,   847.17
  470.25,   724.56,   594.80
  468.36,   726.32,   719.97
  466.40,   728.21,   845.32
  602.22,   477.49,   601.11
  599.82,   480.04,   725.71
  598.05,   481.14,   850.63
  598.27,   602.43,   598.95
  597.06,   605.01,   723.74
  594.48,   606.37,   848.70
  595.64,   728.16,   596.96
  593.03,   729.92,   721.98
  591.63,   731.70,   847.41
  726.31,   481.15,   602.68
  724.50,   482.53,   727.12
  722.55,   485.11,   852.56
  723.80,   606.33,   600.75
  721.39,   607.86,   725.47
  720.02,   609.86,   850.83
  719.98,   731.48,   599.08
  718.37,   732.80,   724.12
  716.36,   734.48,   848.56
  474.44,   598.74,    98.01
  478.11,   600.21,   223.75
  480.43,   600.53,   347.95
  477.53,   724.07,    97.24
  480.64,   725.37,   222.42
  483.66,   725.46,   347.62
  480.06,   848.82,    96.32
  483.57,   849.46,   221.34
  486.40,   850.43,   346.07
  599.38,   596.14,    95.51
  602.76,   596.97,   219.99
  606.01,   597.90,   344.89
  602.13,   721.72,    94.62
  605.69,   722.30,   219.34
  607.90,   723.31,   344.05
  605.01,   846.29,    93.56
  608.42,   846.75,   218.83
  611.43,   848.12,   343.79
  724.49,   593.49,    92.78
  727.24,   594.42,   217.99
  730.87,   595.37,   342.02
  727.61,   718.75,    91.50
  730.40,   719.27,   216.29
  733.54,   720.34,   341.88
  730.05,   843.30,    90.61
  733.14,   843.99,   215.64
  735.82,   844.88,   340.18
  475.80,   599.82,   225.48
  475.66,   597.94,   350.15
  476.10,   595.90,   475.16
  472.49,   724.99,   226.65
  473.02,   723.27,   352.26
  473.51,   720.56,   477.46
  469.79,   850.11,   229.02
  470.27,   848.31,   354.07
  470.67,   846.32,   478.97
  600.61,   603.26,   224.41
  601.01,   600.54,   349.78
  601.26,   598.82,   474.96
  597.96,   728.19,   226.46
  598.46,   725.55,   351.92
  597.93,   723.32,   476.86
  595.03,   853.06,   228.82
  595.39,   851.13,   353.69
  595.40,   848.73,   478.53
  725.93,   605.42,   224.60
  725.58,   603.29,   349.95
  725.62,   601.18,   474.97
  722.22,   730.61,   226.61
  722.61,   728.86,   352.15
  723.31,   726.80,   477.10
  719.60,   855.40,   228.54
  719.63,   853.40,   353.21
  720.70,   851.20,   479.03
  475.68,   599.63,   352.17
  478.43,   596.65,   476.69
  481.15,   593.73,   601.31
  479.89,   724.16,   354.98
  482.13,   721.05,   479.98
  485.09,   718.44,   604.27
  483.17,   849.06,   357.37
  485.85,   846.30,   482.08
  488.83,   843.32,   607.01
  601.00,   596.30,   349.14
  603.75,   593.19,   474.03
  606.70,   590.60,   598.75
  604.49,   721.27,   351.77
  607.24,   717.83,   476.62
  610.10,   714.70,   601.44
  607.78,   846.07,   354.62
  610.60,   842.92,   480.00
  613.59,   840.25,   604.36
  725.84,   592.39,   346.56
  729.05,   589.55,   470.82
  731.57,   586.79,   596.12
  729.27,   717.93,   348.65
  732.28,   714.46,   474.21
  735.42,   711.18,   599.18
  732.85,   842.70,   352.01
  735.98,   839.09,   476.46
  738.38,   836.93,   601.83
  477.30,   598.93,   475.52
  475.16,   599.22,   600.89
  473.12,   599.21,   725.81
  474.52,   723.87,   475.86
  472.42,   724.69,   600.84
  470.51,   724.21,   725.73
  472.95,   849.76,   475.37
  470.67,   849.01,   601.18
  468.20,   848.83,   725.45
  601.91,   601.39,   478.11
  599.75,   601.21,   603.13
  597.87,   600.82,   728.22
  599.48,   726.19,   477.32
  597.37,   726.29,   602.77
  595.70,   726.47,   727.99
  597.80,   851.04,   477.77
  596.00,   851.29,   602.53
  593.65,   850.99,   727.93
  726.73,   603.49,   479.81
  724.42,   603.74,   605.17
  722.55,   603.76,   730.00
  724.59,   728.99,   479.88
  722.43,   728.60,   604.38
  721.02,   728.51,   730.29
  723.04,   853.97,   479.49
  720.75,   853.03,   604.76
  718.68,   853.13,   730.04
  475.87,   602.15,   602.27
  474.26,   604.68,   727.21
  473.21,   607.33,   852.03
  479.73,   726.61,   598.72
  478.37,   729.40,   723.60
  477.50,   732.14,   849.01
  483.50,   851.98,   595.98
  482.19,   854.99,   720.74
  480.86,   857.01,   845.67
  600.59,   597.97,   603.04
  599.57,   600.79,   727.98
  598.10,   604.57,   853.04
  604.18,   722.78,   600.00
  603.20,   725.72,   725.71
  601.82,   729.02,   850.44
  607.68,   848.06,   597.34
  606.84,   851.38,   722.38
  605.19,   853.73,   847.86
  725.49,   594.97,   605.09
  724.82,   597.86,   730.15
  722.96,   600.33,   854.98
  729.86,   719.67,   601.76
  727.99,   722.48,   726.67
  726.58,   725.83,   851.30
  733.08,   844.64,   599.12
  732.02,   847.48,   723.56
  730.90,   850.71,   849.01
  599.07,   101.79,    99.75
  598.18,    99.84,   224.37
  598.05,    98.68,   349.12
  601.17,   227.21,   101.43
  600.77,   225.66,   226.00
  600.30,   223.82,   350.80
  602.88,   351.88,   102.34
  602.25,   350.63,   227.68
  601.47,   348.17,   352.55
  723.99,   100.16,    99.80
  723.44,    98.07,   225.22
  723.03,    96.91,   350.18
  725.76,   224.58,   102.03
  725.26,   223.21,   226.68
  724.71,   221.43,   351.64
  728.15,   349.70,   103.04
  727.21,   348.64,   228.72
  727.16,   346.86,   353.44
  849.13,    98.07,   100.87
  848.90,    96.18,   226.01
  847.60,    95.18,   350.58
  851.43,   222.75,   102.51
  850.08,   221.10,   226.94
  850.22,   219.92,   351.98
  852.48,   348.58,   103.71
  852.15,   346.19,   229.11
  852.04,   345.28,   353.79
  600.75,    99.91,   226.42
  603.88,   101.82,   351.70
  607.56,   104.58,   476.32
  597.59,   224.88,   224.84
  600.79,   227.48,   349.27
  604.84,   229.25,   474.19
  594.64,   349.44,   222.14
  597.69,   351.62,   347.05
  601.77,   354.72,   472.03
  725.14,   102.26,   223.39
  728.59,   105.27,   348.59
  732.42,   107.79,   472.74
  722.50,   227.34,   220.61
  726.11,   229.80,   345.85
  729.72,   232.77,   470.32
  720.02,   352.05,   218.29
  723.23,   355.19,   343.07
  726.72,   357.12,   468.00
  850.57,   105.66,   219.30
  854.06,   108.19,   344.22
  857.06,   110.52,   470.06
  847.73,   230.54,   217.57
  850.72,   232.85,   342.20
  854.23,   235.33,   466.88
  844.27,   355.10,   215.31
  848.48,   357.80,   340.13
  851.65,   360.56,   465.24
  602.01,   101.17,   348.84
  602.98,    97.81,   474.07
  604.65,    95.51,   599.28
  600.78,   225.95,   351.42
  602.28,   222.63,   476.74
  602.94,   220.62,   601.91
  599.32,   350.30,   354.07
  600.86,   348.32,   479.78
  602.15,   345.20,   604.54
  726.91,   102.21,   347.52
  727.94,    99.10,   472.92
  729.60,    96.54,   596.98
  725.04,   226.84,   350.29
  726.45,   224.79,   475.67
  728.66,   221.66,   599.98
  724.30,   351.82,   352.86
  725.25,   349.37,   477.85
  726.50,   346.73,   603.43
  851.75,   103.61,   345.78
  853.19,   101.41,   470.90
  854.38,    98.56,   595.94
  849.97,   228.83,   349.32
  851.97,   225.74,   473.80
  853.70,   223.33,   598.67
  848.69,   353.48,   351.25
  850.22,   351.12,   476.80
  851.77,   348.05,   601.65
  600.09,   101.66,   476.13
  601.97,   101.22,   601.77
  603.54,   100.35,   726.75
  603.08,   226.08,   477.51
  604.74,   226.14,   602.60
  607.15,   224.77,   727.05
  607.07,   351.61,   477.77
  609.25,   350.43,   602.58
  610.68,   349.62,   727.70
  725.06,    98.06,   474.41
  726.12,    97.02,   599.94
  728.01,    96.35,   724.73
  728.47,   222.35,   475.34
  730.21,   222.45,   599.89
  732.39,   221.26,   725.23
  731.98,   347.57,   475.67
  733.69,   347.14,   601.30
  735.27,   346.29,   725.77
  850.05,    94.38,   472.56
  851.90,    94.01,   598.05
  852.87,    92.59,   722.74
  853.44,   219.28,   473.25
  854.69,   218.61,   597.93
  857.30,   217.88,   723.80
  857.24,   344.18,   473.78
  859.02,   343.48,   598.55
  860.12,   342.55,   723.67
  601.39,   100.84,   600.16
  600.83,   103.35,   724.93
  599.56,   105.89,   849.58
  600.24,   225.50,   596.35
  599.36,   228.02,   721.78
  599.40,   230.87,   846.78
  599.21,   349.94,   593.92
  598.99,   353.31,   718.64
  597.85,   355.77,   843.41
  726.12,   101.25,   600.07
  725.44,   104.67,   725.05
  724.91,   106.66,   850.29
  725.61,   225.87,   597.30
  724.60,   229.37,   722.44
  724.35,   232.57,   847.00
  724.72,   351.65,   594.48
  723.85,   354.51,   719.03
  722.66,   357.31,   844.14
  851.17,   101.79,   601.24
  850.76,   105.08,   725.64
  850.06,   107.81,   850.90
  850.65,   226.82,   598.09
  849.66,   229.96,   723.31
  849.45,   232.67,   847.92
  849.34,   351.97,   594.81
  848.54,   355.03,   720.41
  847.76,   357.64,   845.51
  601.65,   223.63,   101.85
  598.06,   224.89,   226.52
  595.49,   225.55,   351.31
  600.25,   349.40,   100.89
  596.82,   350.31,   225.72
  593.71,   350.32,   350.14
  598.78,   473.81,    99.97
  595.35,   474.69,   224.69
  592.47,   475.60,   349.24
  726.82,   225.32,   104.25
  723.82,   226.07,   229.83
  720.11,   227.09,   354.90
  725.32,   349.93,   104.05
  721.55,   351.59,   228.63
  718.62,   352.36,   353.97
  723.69,   475.05,   103.38
  720.33,   476.31,   227.57
  717.83,   476.94,   353.22
  851.28,   226.79,   108.27
  848.04,   227.17,   233.04
  845.42,   228.96,   357.56
  849.97,   351.41,   106.78
  847.13,   352.48,   231.83
  844.02,   353.72,   357.31
  848.44,   476.42,   106.52
  846.06,   477.86,   231.32
  842.13,   478.31,   355.56
  599.38,   225.07,   224.02
  601.42,   227.02,   349.36
  603.74,   228.96,   474.34
  599.30,   349.74,   222.32
  601.47,   352.27,   347.40
  603.42,   353.76,   472.23
  599.13,   474.73,   220.00
  601.08,   477.20,   345.64
  603.37,   478.65,   469.93
  724.65,   225.82,   221.89
  726.50,   226.95,   347.15
  728.96,   229.46,   471.29
  724.20,   350.26,   220.13
  726.77,   352.34,   345.08
  728.46,   353.99,   470.01
  724.19,   475.18,   217.82
  725.79,   477.02,   342.85
  728.73,   478.69,   467.82
  849.82,   226.23,   219.87
  851.77,   227.49,   344.05
  854.06,   229.67,   469.28
  849.08,   350.66,   217.35
  851.14,   352.52,   342.54
  853.64,   354.23,   467.85
  848.18,   475.48,   215.20
  850.97,   477.77,   340.51
  853.36,   479.08,   465.98
  598.06,   223.77,   348.03
  602.20,   226.17,   473.10
  606.15,   227.67,   598.14
  596.52,   348.97,   346.35
  600.35,   350.89,   470.63
  603.92,   353.25,   595.96
  595.39,   473.26,   344.01
  598.26,   475.86,   468.59
  602.44,   477.99,   594.07
  723.01,   224.69,   344.29
  727.28,   227.94,   469.81
  730.35,   230.10,   594.27
  721.56,   349.87,   342.52
  725.05,   352.17,   467.71
  728.51,   354.61,   592.27
  720.11,   475.54,   340.32
  723.92,   477.04,   465.41
  727.29,   479.50,   589.61
  848.75,   226.73,   341.26
  852.17,   229.28,   465.99
  855.93,   231.65,   590.37
  846.38,   351.37,   338.64
  850.70,   354.22,   463.73
  854.20,   356.60,   588.98
  844.68,   476.74,   336.39
  848.91,   479.09,   461.09
  852.00,   481.35,   586.77
  600.38,   224.28,   473.60
  603.18,   224.38,   599.15
  606.80,   224.86,   723.94
  599.93,   349.23,   473.61
  603.53,   349.67,   598.75
  606.83,   350.17,   723.42
  599.05,   474.43,   472.60
  603.07,   474.17,   597.74
  605.71,   475.03,   723.00
  724.55,   224.64,   470.44
  728.54,   224.46,   595.00
  731.69,   225.64,   719.96
  724.81,   349.03,   469.77
  727.55,   349.88,   595.09
  731.70,   350.58,   720.11
  724.59,   474.50,   469.31
  728.01,   475.05,   594.77
  730.73,   475.38,   719.45
  849.46,   224.57,   467.43
  853.25,   225.05,   592.03
  856.33,   225.73,   717.41
  849.73,   349.61,   466.45
  853.25,   350.14,   591.93
  856.78,   350.52,   716.13
  849.51,   474.59,   466.02
  852.31,   475.67,   591.42
  856.37,   475.44,   716.22
  598.31,   224.55,   601.33
  597.85,   227.76,   726.76
  597.30,   230.88,   851.47
  599.45,   350.19,   598.83
  598.99,   352.81,   723.20
  598.20,   355.72,   848.40
  601.58,   474.55,   595.18
  600.93,   477.30,   720.89
  599.83,   480.54,   845.23
  723.41,   222.88,   602.56
  722.32,   226.41,   726.62
  722.18,   228.72,   852.53
  725.21,   348.48,   599.66
  723.91,   351.25,   723.70
  723.48,   353.88,   849.24
  726.30,   473.27,   596.37
  725.82,   475.93,   720.96
  725.14,   479.20,   846.61
  848.28,   222.08,   602.36
  847.68,   224.27,   728.04
  846.79,   227.45,   853.12
  849.86,   347.12,   599.52
  848.86,   349.97,   725.03
  848.98,   352.68,   850.18
  851.48,   471.54,   596.72
  850.44,   474.16,   721.64
  850.62,   477.38,   847.17
  601.20,   351.64,    98.92
  599.00,   355.15,   224.32
  595.42,   357.77,   349.70
  604.90,   476.40,    96.27
  601.68,   480.34,   221.47
  598.74,   482.76,   346.56
  608.55,   601.49,    93.55
  605.57,   605.23,   217.81
  602.57,   607.59,   343.51
  726.81,   349.08,   102.11
  723.93,   351.54,   226.90
  720.97,   354.60,   352.16
  729.63,   473.82,    99.26
  726.62,   476.60,   224.58
  724.51,   479.77,   348.87
  732.74,   598.48,    96.23
  730.69,   601.83,   220.84
  727.34,   604.74,   345.93
  851.47,   345.70,   105.49
  848.22,   348.32,   229.91
  845.92,   351.88,   354.66
  854.67,   470.02,   102.31
  851.50,   473.13,   227.37
  849.46,   476.18,   351.80
  858.59,   595.45,    98.95
  855.09,   598.56,   224.36
  852.85,   601.16,   348.95
  600.13,   350.63,   224.43
  600.31,   347.26,   349.03
  601.11,   344.54,   474.18
  602.79,   475.39,   227.12
  602.91,   472.10,   351.70
  604.25,   469.60,   476.57
  605.82,   600.04,   229.45
  606.40,   597.29,   354.68
  606.74,   594.58,   480.03
  725.05,   346.86,   223.80
  725.58,   344.18,   348.73
  725.46,   341.59,   473.64
  727.59,   471.81,   226.69
  728.47,   469.75,   351.26
  729.29,   467.20,   476.57
  730.96,   596.75,   228.68
  731.11,   594.88,   353.99
  731.57,   591.83,   479.14
  849.82,   343.92,   222.82
  850.43,   341.83,   347.68
  850.80,   338.56,   473.20
  852.48,   469.16,   226.08
  853.56,   466.90,   350.51
  853.47,   463.46,   476.32
  855.52,   593.95,   228.34
  856.81,   591.06,   354.10
  856.81,   589.02,   478.75
  597.98,   348.21,   349.04
  598.73,   347.66,   474.78
  599.49,   345.93,   599.72
  597.54,   474.00,   350.17
  598.67,   472.81,   475.92
  599.61,   471.47,   600.79
  598.05,   599.07,   351.79
  598.68,   596.99,   477.40
  599.39,   595.65,   601.79
  723.56,   348.92,   348.64
  723.47,   347.55,   473.39
  724.64,   346.52,   598.78
  722.48,   473.51,   349.72
  723.19,   472.65,   474.73
  724.46,   471.39,   599.80
  723.13,   599.19,   351.56
  723.12,   597.45,   476.33
  724.63,   596.66,   600.87
  848.19,   349.12,   348.16
  849.21,   347.58,   472.47
  850.08,   346.54,   597.94
  848.17,   473.74,   348.86
  848.97,   472.96,   473.66
  849.62,   471.73,   599.22
  848.02,   598.85,   350.37
  848.33,   597.95,   475.79
  848.98,   596.23,   600.50
  601.42,   351.61,   475.72
  601.51,   350.95,   600.47
  600.71,   350.39,   725.14
  602.45,   475.95,   475.45
  602.52,   475.45,   601.09
  601.31,   475.46,   726.09
  603.84,   601.44,   476.04
  603.49,   600.58,   601.47
  602.59,   600.29,   726.59
  726.85,   350.54,   475.81
  725.97,   350.11,   600.95
  725.84,   349.79,   725.52
  727.96,   475.65,   476.09
  727.56,   474.69,   600.79
  726.92,   474.27,   726.16
  728.79,   600.11,   476.16
  728.23,   599.94,   601.89
  728.17,   599.17,   727.10
  851.45,   348.91,   475.86
  851.18,   349.15,   600.84
  851.18,   347.95,   726.68
  852.25,   473.87,   476.29
  852.31,   474.31,   601.31
  851.66,   473.89,   726.84
  853.94,   599.56,   477.31
  853.55,   598.95,   602.42
  852.87,   598.72,   726.76
  601.36,   351.97,   601.05
  601.69,   351.85,   726.53
  603.35,   353.08,   851.29
  603.10,   476.33,   600.65
  603.58,   476.84,   725.70
  604.63,   477.19,   850.80
  604.19,   602.04,   599.61
  605.44,   602.28,   725.10
  606.40,   602.68,   850.27
  726.15,   349.49,   599.84
  727.28,   350.27,   725.56
  727.54,   351.15,   850.13
  727.90,   475.31,   599.95
  728.26,   475.56,   724.34
  729.35,   476.34,   849.94
  729.49,   599.98,   598.64
  730.50,   600.94,   723.84
  731.55,   600.77,   848.93
  851.51,   347.99,   598.84
  851.73,   348.83,   724.48
  852.40,   349.61,   849.23
  853.20,   473.36,   598.51
  854.03,   473.88,   724.22
  854.56,   474.64,   848.74
  853.94,   597.94,   598.32
  855.45,   598.31,   723.12
  856.12,   599.01,   848.03
  601.49,   474.85,   100.81
  598.82,   473.04,   225.61
  596.38,   472.24,   350.23
  603.09,   599.90,   101.93
  599.95,   598.37,   226.32
  597.25,   596.53,   351.78
  603.82,   723.91,   102.76
  600.62,   722.79,   228.16
  598.47,   721.66,   353.02
  726.55,   474.00,   103.10
  723.75,   472.59,   228.26
  722.01,   471.44,   352.88
  727.96,   599.02,   104.45
  725.09,   597.38,   229.09
  722.04,   595.69,   353.98
  728.58,   723.28,   106.03
  726.45,   722.62,   230.70
  723.04,   721.49,   355.81
  851.34,   472.26,   106.28
  849.30,   471.67,   231.01
  846.88,   470.23,   355.68
  852.92,   597.94,   107.45
  849.80,   595.99,   231.61
  847.12,   595.12,   356.50
  853.59,   722.98,   108.07
  850.94,   721.30,   233.25
  848.62,   720.03,   357.73
  601.21,   474.36,   224.81
  603.74,   470.54,   348.89
  606.19,   467.53,   474.60
  598.42,   599.16,   227.33
  600.87,   595.37,   352.30
  603.99,   593.01,   477.42
  595.31,   723.41,   230.78
  597.89,   721.07,   356.08
  600.73,   717.48,   480.58
  726.32,   476.62,   221.58
  728.55,   474.12,   346.34
  731.57,   470.21,   471.49
  722.84,   601.35,   225.23
  726.08,   599.12,   349.52
  728.34,   595.34,   475.24
  720.84,   726.96,   227.94
  723.22,   723.81,   353.55
  726.01,   720.21,   477.69
  851.20,   479.51,   218.75
  853.64,   476.64,   343.95
  856.52,   473.75,   469.33
  848.13,   605.18,   222.31
  850.55,   601.91,   347.31
  853.41,   597.88,   472.46
  845.86,   729.14,   225.84
  848.47,   726.48,   350.47
  850.98,   723.52,   475.73
  601.44,   476.59,   352.38
  600.61,   474.32,   476.74
  599.93,   473.37,   602.23
  599.27,   601.94,   353.20
  598.16,   600.21,   478.55
  596.81,   597.90,   603.90
  596.17,   726.58,   355.06
  595.83,   724.50,   480.67
  595.03,   723.31,   605.23
  726.69,   479.07,   352.86
  725.07,   477.58,   478.18
  724.71,   475.36,   603.21
  723.59,   603.64,   354.59
  723.54,   602.45,   479.26
  721.95,   600.10,   604.71
  720.98,   728.48,   356.39
  720.92,   727.34,   480.74
  719.76,   725.52,   605.67
  851.66,   481.80,   354.04
  850.92,   479.23,   479.15
  849.45,   478.05,   603.94
  848.86,   606.33,   355.14
  848.52,   604.56,   479.96
  847.08,   602.57,   605.29
  846.28,   731.65,   356.97
  845.36,   729.32,   482.22
  845.22,   727.80,   607.41
  600.77,   473.52,   474.27
  603.60,   471.54,   600.02
  606.52,   469.26,   724.79
  598.95,   598.36,   476.98
  602.12,   596.19,   601.16
  604.86,   594.36,   726.25
  598.16,   723.75,   478.17
  601.47,   721.72,   603.70
  604.38,   719.06,   728.10
  725.40,   474.92,   471.45
  728.00,   472.84,   596.61
  731.01,   470.95,   721.45
  724.48,   599.67,   473.98
  727.14,   597.25,   598.70
  730.09,   595.39,   723.33
  722.72,   724.08,   475.60
  726.41,   723.06,   600.41
  728.90,   720.83,   726.05
  850.12,   475.41,   468.85
  853.33,   473.35,   593.57
  855.85,   471.42,   719.31
  849.37,   601.15,   471.35
  852.16,   599.03,   595.77
  854.55,   596.88,   720.97
  848.36,   725.86,   473.12
  850.91,   723.82,   598.01
  853.50,   721.99,   722.36
  598.85,   474.58,   599.14
  601.68,   475.67,   724.31
  604.28,   476.98,   849.07
  601.41,   599.45,   598.15
  603.90,   600.40,   723.33
  607.18,   601.01,   848.26
  604.01,   724.30,   596.50
  606.86,   725.04,   721.59
  609.77,   726.52,   846.99
  724.10,   471.18,   596.53
  726.42,   472.35,   721.95
  728.42,   473.98,   846.55
  726.95,   596.74,   595.62
  728.97,   597.17,   720.48
  731.35,   598.21,   845.74
  729.74,   721.13,   594.36
  731.52,   722.74,   719.21
  734.27,   723.43,   843.97
  848.84,   468.28,   594.17
  851.63,   470.19,   719.26
  853.78,   471.27,   844.37
  851.48,   593.17,   593.27
  854.50,   594.51,   718.44
  856.58,   595.68,   843.04
  854.56,   718.55,   591.98
  857.31,   719.86,   716.72
  859.75,   721.04,   842.22
  601.50,   599.92,    98.61
  599.36,   601.89,   222.95
  598.05,   603.29,   347.71
  604.60,   724.61,    96.72
  603.53,   726.66,   221.22
  601.32,   728.25,   345.92
  608.09,   850.03,    93.79
  606.71,   851.57,   219.69
  604.50,   853.96,   343.84
  726.04,   596.25,    99.76
  724.35,   598.19,   224.55
  723.01,   600.13,   350.42
  729.79,   721.03,    98.19
  727.69,   723.52,   222.75
  725.75,   725.53,   348.40
  733.10,   845.91,    95.76
  731.27,   848.11,   221.30
  729.22,   850.45,   346.25
  851.01,   592.95,   101.94
  849.60,   594.68,   226.66
  847.55,   597.43,   351.61
  854.71,   717.69,    99.75
  853.30,   719.57,   225.27
  851.08,   721.82,   349.56
  858.24,   842.43,    98.18
  855.96,   844.89,   222.51
  854.95,   846.43,   348.13
  598.44,   599.79,   223.52
  600.28,   598.77,   347.96
  602.09,   597.14,   472.74
  599.64,   724.86,   224.55
  601.52,   723.51,   349.39
  603.46,   722.21,   474.31
  600.39,   850.62,   226.57
  602.58,   848.81,   350.96
  604.23,   847.28,   476.23
  724.13,   599.23,   221.43
  725.00,   598.05,   345.92
  726.59,   596.02,   471.29
  724.64,   724.02,   222.77
  726.80,   722.48,   347.83
  728.41,   720.66,   473.34
  725.46,   848.81,   225.03
  727.19,   847.65,   350.03
  729.53,   846.23,   474.94
  848.72,   597.78,   219.89
  850.36,   596.58,   344.73
  851.64,   594.88,   469.85
  849.49,   722.73,   221.53
  851.83,   721.05,   346.62
  852.96,   720.07,   471.69
  850.44,   848.48,   222.88
  852.15,   846.63,   348.13
  854.19,   845.29,   473.29
  601.20,   600.95,   351.34
  600.51,   601.98,   475.80
  598.77,   603.76,   601.74
  605.38,   726.26,   349.79
  604.09,   727.42,   474.89
  602.36,   727.92,   599.91
  608.53,   850.84,   349.50
  606.99,   851.96,   474.42
  605.36,   852.91,   598.71
  726.76,   597.77,   352.64
  725.77,   598.82,   477.76
  723.84,   599.69,   602.49
  730.23,   722.34,   351.26
  728.64,   723.42,   476.64
  726.91,   725.04,   601.59
  733.17,   847.56,   350.01
  731.99,   849.23,   475.22
  730.40,   849.93,   600.81
  851.60,   594.87,   354.29
  850.42,   596.12,   478.78
  849.27,   596.65,   604.17
  854.46,   719.50,   352.52
  853.82,   720.63,   478.17
  852.82,   722.12,   602.76
  858.39,   844.03,   351.20
  856.96,   845.33,   477.06
  855.72,   846.99,   601.19
  599.51,   599.85,   474.79
  600.65,   599.08,   599.69
  601.54,   597.42,   724.29
  602.11,   725.44,   474.98
  602.93,   724.35,   600.54
  603.67,   722.71,   725.54
  603.86,   850.06,   476.79
  604.71,   848.72,   601.50
  606.10,   848.14,   726.91
  724.55,   597.94,   473.33
  725.65,   597.29,   598.42
  726.49,   595.76,   722.99
  726.45,   723.11,   474.48
  727.52,   721.89,   599.05
  729.37,   721.24,   724.42
  728.81,   848.46,   475.37
  729.89,   846.74,   600.37
  731.44,   845.79,   725.50
  849.21,   595.51,   472.19
  851.07,   594.56,   597.41
  851.53,   594.19,   721.82
  851.35,   720.73,   473.10
  852.41,   719.51,   597.72
  853.50,   718.50,   723.34
  853.52,   846.28,   473.88
  855.08,   844.43,   599.28
  856.31,   843.86,   724.10
  601.22,   600.49,   600.00
  598.62,   598.23,   724.83
  595.70,   595.16,   849.73
  598.14,   725.96,   602.47
  596.08,   722.61,   727.43
  593.62,   719.75,   852.37
  595.33,   850.34,   605.44
  593.74,   848.35,   730.86
  590.80,   845.31,   855.32
  725.58,   603.05,   602.94
  723.77,   600.26,   727.36
  720.79,   597.97,   852.45
  722.95,   728.15,   605.31
  720.41,   725.22,   730.65
  718.07,   722.67,   855.23
  720.28,   852.93,   607.93
  717.95,   850.02,   732.66
  716.09,   847.57,   857.99
  851.38,   605.67,   605.68
  848.27,   603.21,   730.14
  845.69,   600.51,   854.85
  848.44,   730.39,   607.96
  846.03,   728.11,   732.88
  843.78,   725.19,   857.42
  846.04,   856.04,   610.56
  843.34,   853.11,   735.52
  840.82,   850.56,   860.23
