27, 125, pa2-debug-c-output1.txt
  207.90,   192.12,   205.74
  400.30,   396.71,   192.77
   98.68,   100.62,    98.25
   97.90,    97.40,   223.09
   97.07,    94.75,   348.02
   98.83,   225.57,   101.59
   98.01,   222.46,   226.54
   97.19,   219.89,   351.20
   99.04,   350.99,   104.73
   98.25,   347.63,   229.86
   97.66,   344.33,   354.59
  223.85,   100.71,    98.92
  223.05,    97.56,   223.77
  222.12,    94.49,   348.57
  224.06,   225.62,   102.29
  223.19,   222.50,   227.23
  222.14,   219.70,   351.73
  224.12,   350.72,   105.44
  223.41,   347.40,   230.44
  222.60,   344.32,   355.21
  348.91,   101.04,    99.52
  348.12,    97.80,   224.40
  347.23,    94.25,   349.32
  349.20,   226.09,   103.04
  348.38,   222.78,   227.76
  347.25,   219.15,   352.36
  348.96,   350.58,   106.26
  348.33,   347.36,   231.10
  347.47,   344.23,   355.90
  100.91,    99.98,   223.30
  103.49,   101.82,   348.21
  106.10,   103.15,   473.17
  100.65,   225.07,   222.33
  103.26,   226.92,   346.99
  106.07,   228.34,   471.94
  100.51,   350.30,   221.20
  103.35,   351.41,   345.96
  106.18,   352.58,   470.82
  226.05,   100.53,   220.55
  228.53,   101.93,   345.33
  231.07,   103.08,   470.15
  225.83,   225.49,   219.60
  228.22,   227.09,   344.10
  230.92,   228.38,   468.93
  225.64,   350.43,   218.36
  228.27,   351.77,   343.16
  230.92,   352.95,   468.04
  351.11,   101.18,   217.74
  353.63,   102.03,   342.64
  356.26,   102.95,   467.57
  350.99,   226.19,   216.70
  353.30,   226.99,   341.31
  355.90,   227.84,   466.17
  350.52,   350.75,   215.60
  353.11,   352.09,   340.43
  355.77,   353.21,   465.32
   97.89,    98.77,   349.04
   96.80,    95.49,   474.01
   95.98,    91.71,   598.81
  100.58,   223.85,   352.38
   99.66,   220.66,   477.35
   98.88,   216.78,   602.61
  103.61,   348.25,   355.93
  102.69,   344.87,   480.80
  101.59,   341.38,   605.87
  222.91,    95.92,   349.82
  221.70,    92.46,   474.65
  220.92,    89.01,   599.69
  225.50,   221.08,   353.14
  224.50,   217.79,   477.99
  223.84,   213.87,   603.37
  228.51,   345.68,   356.79
  227.43,   342.28,   481.67
  226.39,   338.56,   606.74
  348.00,    93.11,   350.82
  346.94,    89.54,   475.78
  346.07,    86.21,   600.80
  350.57,   217.96,   354.01
  349.48,   214.26,   478.87
  348.90,   210.72,   604.07
  353.34,   343.02,   357.72
  352.30,   339.50,   482.59
  351.51,   335.77,   607.60
   98.00,   101.61,   475.84
   95.26,   101.68,   600.74
   92.57,   101.42,   725.74
  100.81,   226.76,   475.37
   98.07,   226.75,   600.64
   95.20,   226.59,   725.89
  103.78,   350.99,   475.00
  100.71,   351.38,   600.06
   97.52,   351.94,   725.15
  222.88,    98.67,   478.51
  220.19,    99.05,   603.64
  217.70,    99.38,   729.10
  225.63,   224.00,   478.06
  222.99,   223.93,   603.46
  220.34,   223.74,   728.95
  228.49,   348.53,   477.93
  225.46,   348.68,   602.99
  222.45,   348.84,   728.11
  348.07,    95.77,   481.67
  345.29,    96.27,   606.70
  342.58,    96.91,   731.79
  350.57,   220.58,   480.99
  348.04,   220.91,   606.21
  345.59,   221.49,   731.54
  353.32,   345.89,   480.90
  350.55,   346.02,   605.92
  347.82,   346.23,   731.01
  101.50,    99.20,   598.96
  103.98,   102.17,   724.03
  105.86,   105.28,   848.98
   99.61,   224.25,   595.67
  101.86,   227.24,   720.91
  103.96,   230.51,   845.64
   97.58,   348.82,   591.89
   99.48,   352.53,   716.94
  101.64,   356.19,   841.93
  226.46,   101.20,   596.69
  229.11,   104.70,   722.12
  231.24,   108.18,   846.98
  224.54,   226.09,   593.26
  227.03,   229.07,   718.72
  229.17,   232.64,   843.50
  222.33,   350.79,   589.62
  224.42,   354.12,   714.69
  226.67,   357.90,   839.65
  351.60,   102.98,   594.55
  354.09,   106.81,   719.62
  356.26,   110.56,   844.55
  349.57,   227.67,   590.83
  352.26,   231.39,   716.10
  354.37,   235.37,   841.15
  347.39,   352.80,   587.37
  349.78,   356.13,   712.41
  351.86,   360.01,   837.41
  101.35,   222.64,    98.84
   97.69,   219.34,   223.75
   94.04,   216.60,   348.36
   99.36,   348.04,   102.10
   95.71,   344.51,   227.18
   92.27,   341.04,   351.86
   97.16,   473.15,   105.32
   93.73,   469.60,   230.45
   90.43,   465.64,   355.39
  226.51,   224.83,   102.45
  222.80,   221.53,   227.33
  218.91,   218.56,   351.78
  224.36,   349.90,   105.71
  220.81,   346.41,   230.66
  217.17,   343.16,   355.38
  222.15,   474.98,   109.02
  218.78,   471.46,   233.97
  215.29,   467.76,   358.92
  351.58,   227.43,   106.09
  347.91,   223.92,   230.75
  343.95,   220.13,   355.30
  349.13,   351.88,   109.43
  345.66,   348.50,   234.21
  341.97,   345.19,   358.97
  346.85,   476.57,   112.80
  343.44,   473.30,   237.67
  339.89,   470.23,   362.54
   99.88,   223.72,   223.54
   97.17,   222.00,   348.19
   94.65,   219.84,   473.16
  102.70,   348.88,   226.04
  100.20,   346.45,   350.77
   97.70,   344.08,   475.63
  105.53,   474.00,   228.35
  103.15,   471.05,   353.35
  100.52,   468.39,   478.18
  225.01,   221.17,   226.08
  222.06,   219.23,   350.57
  219.45,   216.98,   475.41
  227.79,   346.05,   228.47
  225.09,   343.84,   353.24
  222.42,   341.47,   478.11
  230.52,   471.10,   230.85
  227.96,   468.51,   355.85
  225.21,   465.98,   480.75
  350.14,   218.85,   228.45
  347.11,   216.07,   353.04
  344.41,   213.40,   477.90
  352.66,   343.42,   230.98
  349.90,   341.14,   355.77
  347.25,   338.63,   480.65
  355.19,   468.20,   233.52
  352.58,   466.23,   358.42
  349.94,   463.91,   483.35
  101.40,   227.46,   350.91
  100.43,   225.07,   475.89
   99.59,   221.98,   601.16
  101.76,   351.91,   353.65
  100.79,   349.30,   478.53
   99.64,   346.62,   603.61
  102.00,   476.53,   356.40
  100.91,   473.65,   481.25
   99.52,   471.40,   606.03
  226.36,   227.37,   351.80
  225.30,   224.87,   476.66
  224.57,   221.74,   602.05
  226.70,   352.01,   354.64
  225.56,   349.39,   479.54
  224.45,   346.48,   604.61
  226.86,   476.71,   357.41
  225.65,   473.96,   482.33
  224.29,   471.41,   607.13
  351.45,   226.95,   352.79
  350.30,   224.04,   477.67
  349.66,   221.28,   602.88
  351.55,   352.06,   355.70
  350.45,   349.35,   480.60
  349.59,   346.40,   605.61
  351.53,   477.16,   358.49
  350.42,   474.64,   483.44
  349.37,   471.67,   608.37
  100.71,   224.76,   475.43
  101.54,   223.29,   600.73
  102.24,   221.62,   726.03
  101.07,   349.02,   476.46
  101.57,   347.95,   601.56
  101.95,   346.99,   726.69
  101.18,   473.39,   477.57
  101.46,   472.73,   602.38
  101.67,   472.33,   727.29
  225.59,   224.61,   474.54
  226.52,   223.09,   599.94
  227.48,   221.44,   725.47
  225.84,   349.16,   475.81
  226.39,   347.86,   600.90
  226.97,   346.54,   726.06
  225.93,   473.74,   476.99
  226.24,   472.80,   601.82
  226.57,   471.94,   726.66
  350.59,   223.82,   473.88
  351.60,   222.66,   599.11
  352.75,   221.79,   724.45
  350.73,   349.15,   475.21
  351.52,   347.82,   600.24
  352.38,   346.55,   725.36
  350.69,   474.47,   476.43
  351.31,   473.14,   601.39
  351.95,   471.69,   726.38
  101.73,   226.06,   600.00
  104.10,   222.37,   725.26
  106.32,   218.94,   849.95
  102.97,   350.67,   602.82
  105.01,   347.68,   727.91
  107.37,   344.62,   852.88
  104.06,   475.43,   605.64
  105.94,   473.00,   730.49
  108.37,   470.05,   855.75
  226.68,   224.70,   597.50
  229.32,   221.04,   722.98
  231.57,   217.96,   847.73
  227.77,   349.42,   600.46
  230.04,   346.08,   725.57
  232.44,   343.24,   850.53
  228.83,   474.33,   603.39
  230.86,   471.43,   728.19
  233.39,   468.60,   853.33
  351.73,   223.09,   594.97
  354.55,   220.21,   720.25
  356.77,   217.55,   845.30
  352.88,   348.23,   598.11
  355.43,   344.93,   723.18
  357.59,   342.25,   848.20
  353.88,   473.50,   601.27
  356.21,   470.02,   726.21
  358.48,   467.19,   851.16
  101.82,   350.33,   101.32
  104.22,   350.13,   226.47
  106.81,   349.98,   351.23
  102.02,   475.50,   101.27
  104.63,   475.31,   226.44
  107.36,   474.63,   351.47
  102.00,   600.25,   101.30
  104.96,   600.44,   226.34
  107.50,   599.75,   351.58
  226.85,   349.93,    98.84
  229.34,   349.74,   223.88
  231.72,   349.80,   348.68
  227.02,   475.03,    98.91
  229.66,   474.86,   223.90
  232.18,   474.56,   348.94
  227.26,   600.09,    99.18
  229.88,   600.12,   223.97
  232.30,   599.67,   348.96
  351.65,   349.63,    96.50
  354.23,   349.53,   221.37
  356.56,   349.56,   346.20
  351.74,   474.37,    96.59
  354.37,   474.34,   221.56
  356.83,   474.68,   346.48
  352.20,   599.58,    96.77
  354.71,   599.61,   221.76
  356.98,   599.64,   346.47
   99.67,   348.23,   224.88
   96.05,   348.09,   349.61
   92.44,   347.99,   474.46
   97.41,   473.39,   224.77
   93.93,   472.76,   349.77
   90.21,   472.39,   474.59
   95.11,   598.47,   224.55
   91.44,   597.85,   349.80
   87.68,   597.40,   474.73
  224.75,   350.49,   228.49
  220.93,   350.57,   353.26
  217.14,   350.48,   478.14
  222.43,   475.60,   228.42
  218.76,   475.25,   353.43
  214.90,   474.99,   478.32
  219.99,   600.84,   228.39
  216.22,   600.35,   353.38
  212.46,   600.01,   478.35
  349.58,   352.93,   232.18
  345.71,   352.99,   356.99
  341.95,   352.82,   481.87
  347.09,   477.77,   232.28
  343.35,   478.07,   357.18
  339.57,   478.06,   482.10
  344.76,   603.00,   232.36
  340.82,   603.00,   357.06
  336.94,   602.92,   481.94
  101.36,   348.37,   351.10
  103.95,   346.22,   475.96
  106.35,   343.95,   601.03
  102.72,   473.00,   353.39
  105.19,   470.54,   478.22
  107.35,   468.70,   602.99
  103.68,   598.07,   355.56
  106.17,   595.54,   480.50
  108.45,   593.78,   605.32
  226.28,   347.42,   348.51
  228.70,   345.26,   473.38
  231.16,   342.79,   598.44
  227.56,   472.14,   350.81
  229.91,   469.84,   475.73
  232.13,   467.70,   600.53
  228.49,   597.22,   352.89
  230.91,   594.84,   477.87
  233.20,   592.79,   602.75
  351.12,   346.41,   345.98
  353.56,   344.15,   470.86
  356.26,   341.65,   595.86
  352.21,   471.50,   348.32
  354.66,   469.47,   473.25
  357.18,   466.96,   598.18
  353.15,   596.44,   350.36
  355.49,   594.35,   475.24
  358.02,   592.07,   600.35
  101.93,   348.96,   474.87
  104.29,   349.37,   599.94
  106.52,   349.89,   725.05
  105.00,   473.29,   474.43
  107.13,   474.10,   599.21
  109.19,   475.19,   724.08
  107.82,   598.29,   474.01
  110.09,   599.16,   598.87
  112.18,   600.16,   723.62
  226.64,   346.14,   472.35
  229.06,   346.32,   597.43
  231.52,   346.49,   722.56
  229.70,   470.70,   472.00
  231.88,   471.23,   596.82
  234.10,   471.83,   721.64
  232.53,   595.70,   471.43
  234.80,   596.30,   596.34
  237.07,   597.07,   721.22
  351.46,   343.13,   469.89
  354.13,   343.31,   594.91
  356.88,   343.53,   720.02
  354.41,   468.44,   469.58
  356.89,   468.61,   594.53
  359.41,   468.63,   719.51
  357.09,   593.31,   468.86
  359.57,   593.70,   593.99
  362.25,   594.03,   719.30
  100.78,   351.81,   599.59
   97.74,   351.14,   724.68
   94.97,   350.36,   849.71
   99.01,   476.59,   600.15
   95.82,   476.44,   725.04
   93.10,   475.75,   850.32
   97.32,   601.69,   601.10
   94.17,   601.39,   725.90
   91.49,   600.65,   851.07
  225.54,   353.36,   602.37
  222.67,   352.30,   727.48
  219.98,   351.73,   852.46
  223.73,   478.30,   603.02
  220.62,   477.72,   727.82
  218.07,   477.14,   853.01
  222.06,   603.40,   603.84
  219.00,   602.96,   728.67
  216.39,   602.42,   853.93
  350.64,   354.98,   605.17
  348.04,   353.93,   730.24
  345.08,   353.54,   855.27
  348.75,   480.27,   606.04
  345.94,   479.09,   730.99
  343.14,   478.55,   855.96
  346.82,   605.36,   606.78
  344.23,   604.52,   732.07
  341.70,   603.75,   857.14
   99.09,   475.32,    98.69
   97.66,   475.66,   223.89
   96.39,   475.51,   348.94
  100.50,   600.05,    98.26
   99.46,   600.76,   223.28
   97.99,   600.61,   348.57
  101.91,   724.69,    97.90
  101.02,   725.75,   222.80
   99.38,   726.12,   348.13
  224.10,   473.43,   100.34
  222.73,   473.76,   225.36
  221.26,   473.92,   350.41
  225.78,   598.47,   100.13
  224.40,   599.01,   224.94
  222.82,   599.03,   349.96
  227.47,   723.38,   100.00
  225.95,   724.12,   224.50
  224.19,   724.41,   349.38
  348.83,   471.30,   102.04
  347.45,   471.82,   227.01
  345.91,   472.62,   351.96
  350.72,   596.51,   101.75
  349.22,   597.05,   226.72
  347.49,   597.58,   351.47
  352.69,   722.01,   101.50
  351.13,   722.52,   226.36
  349.04,   722.41,   350.78
   99.83,   473.84,   224.77
   99.23,   476.76,   349.77
   98.38,   479.92,   474.61
   97.12,   598.87,   221.04
   96.34,   601.83,   346.29
   95.47,   604.92,   471.25
   94.24,   723.77,   217.41
   93.26,   727.24,   342.74
   92.63,   730.67,   467.83
  224.88,   476.46,   225.47
  224.08,   479.70,   350.48
  223.10,   483.00,   475.39
  222.06,   601.65,   221.93
  221.15,   604.76,   346.91
  220.26,   607.98,   471.88
  219.13,   726.68,   218.38
  218.03,   730.09,   343.24
  217.25,   733.26,   468.25
  349.58,   479.02,   226.37
  348.72,   482.91,   351.27
  347.81,   486.51,   476.20
  346.88,   604.21,   222.96
  345.82,   607.77,   347.65
  344.78,   611.25,   472.49
  344.31,   729.61,   219.49
  342.91,   732.58,   343.87
  341.69,   735.61,   468.54
  100.79,   472.74,   348.67
   98.55,   475.93,   473.49
   96.02,   479.75,   598.24
  101.85,   597.81,   345.20
   99.60,   600.92,   470.14
   97.21,   604.80,   594.99
  102.68,   723.28,   341.66
  100.67,   726.72,   466.76
   98.46,   730.27,   591.89
  225.64,   471.78,   350.87
  223.28,   475.11,   475.76
  220.75,   478.66,   600.52
  226.67,   596.84,   347.33
  224.38,   600.10,   472.28
  221.97,   603.72,   597.14
  227.50,   722.17,   343.65
  225.31,   725.35,   468.64
  223.21,   728.69,   593.75
  350.29,   471.07,   353.15
  348.02,   474.68,   478.06
  345.78,   477.84,   602.95
  351.33,   595.98,   349.57
  348.94,   599.51,   474.41
  346.73,   602.90,   599.48
  352.37,   720.78,   345.80
  349.77,   723.88,   470.46
  347.78,   727.52,   595.85
   98.95,   473.63,   475.21
   94.97,   476.69,   599.95
   90.93,   480.05,   724.79
   96.99,   598.63,   472.56
   93.14,   601.75,   597.39
   89.15,   604.94,   722.17
   95.07,   724.40,   469.87
   91.39,   727.21,   594.99
   87.44,   729.65,   719.69
  223.63,   475.83,   478.86
  219.65,   478.62,   603.61
  215.67,   481.57,   728.35
  221.73,   600.82,   476.08
  217.86,   603.69,   600.93
  213.94,   606.75,   725.70
  219.67,   726.11,   473.16
  216.13,   728.68,   598.27
  212.60,   731.44,   723.40
  348.32,   478.43,   482.55
  344.64,   480.81,   607.43
  340.96,   483.16,   732.32
  346.24,   603.25,   479.59
  342.58,   605.87,   604.66
  339.13,   608.55,   729.89
  344.07,   727.64,   476.34
  340.67,   730.53,   601.74
  337.67,   733.79,   727.54
   99.14,   475.91,   601.28
   99.14,   473.64,   726.16
   99.63,   470.84,   851.44
  100.75,   600.98,   604.36
  100.79,   598.58,   729.14
  101.29,   595.80,   854.33
  102.43,   726.38,   607.63
  102.60,   723.15,   732.30
  103.12,   720.38,   857.20
  223.90,   474.33,   600.90
  224.01,   471.60,   725.71
  224.65,   468.91,   850.88
  225.53,   599.41,   603.86
  225.68,   596.84,   728.70
  226.30,   594.16,   853.95
  227.23,   724.36,   606.84
  227.78,   721.64,   732.08
  228.22,   719.11,   857.35
  348.96,   473.02,   600.66
  349.38,   469.70,   725.61
  349.76,   467.02,   850.58
  350.34,   598.10,   603.55
  350.94,   595.09,   728.83
  351.59,   592.20,   853.88
  351.85,   722.77,   606.33
  352.92,   720.42,   732.17
  353.80,   717.43,   857.31
   98.94,   598.58,    98.63
   99.28,   596.88,   223.66
   99.20,   594.31,   348.94
   97.07,   723.21,   100.61
   97.56,   721.86,   225.55
   97.30,   719.79,   350.88
   95.58,   848.35,   102.41
   95.77,   846.81,   227.63
   95.74,   845.21,   352.93
  224.23,   600.29,    99.15
  224.23,   598.43,   223.95
  224.04,   596.05,   348.97
  222.63,   725.17,   101.38
  222.48,   723.53,   225.88
  222.10,   721.41,   350.78
  221.18,   849.75,   103.23
  220.67,   848.13,   227.88
  220.42,   846.38,   352.89
  349.19,   601.64,    99.42
  349.07,   599.77,   224.38
  348.71,   597.88,   349.12
  347.85,   727.12,   101.57
  347.68,   725.22,   226.38
  346.97,   722.71,   350.81
  346.22,   852.17,   103.74
  346.14,   850.07,   228.42
  345.37,   847.39,   352.77
   99.25,   601.92,   225.44
   96.71,   600.17,   350.70
   94.09,   598.60,   475.66
   97.39,   726.91,   226.50
   94.69,   725.66,   351.81
   92.32,   724.38,   476.92
   95.48,   851.87,   227.73
   93.04,   851.06,   353.03
   90.75,   850.10,   478.11
  224.16,   603.57,   228.16
  221.52,   601.99,   353.16
  218.88,   600.55,   478.15
  222.27,   728.69,   229.25
  219.46,   727.38,   354.14
  216.95,   725.87,   479.20
  220.34,   853.27,   230.43
  217.67,   852.34,   355.44
  215.23,   851.03,   480.39
  348.98,   605.04,   231.02
  346.16,   603.93,   355.73
  343.41,   602.75,   480.63
  347.45,   730.47,   232.17
  344.27,   728.73,   356.57
  341.37,   727.17,   481.34
  345.77,   855.27,   233.38
  342.58,   853.41,   357.74
  339.80,   851.79,   482.46
  101.64,   599.09,   350.26
   98.09,   595.92,   475.17
   94.36,   593.52,   599.97
  101.49,   724.59,   353.00
   98.19,   721.70,   478.08
   94.62,   718.96,   603.17
  101.72,   850.00,   355.86
   98.50,   847.47,   480.91
   94.86,   844.43,   605.94
  226.43,   598.98,   353.65
  222.84,   595.94,   478.59
  219.10,   593.29,   603.42
  226.26,   724.31,   356.25
  222.81,   721.20,   481.25
  219.39,   718.28,   606.35
  226.37,   849.24,   359.17
  222.96,   846.30,   484.05
  219.71,   843.25,   609.11
  351.06,   598.97,   357.14
  347.38,   596.22,   482.00
  343.88,   593.30,   607.07
  351.06,   723.73,   359.61
  347.22,   720.61,   484.35
  343.98,   718.03,   609.79
  351.24,   848.39,   362.36
  347.50,   845.19,   487.06
  344.43,   842.80,   612.60
   99.66,   600.00,   473.09
   98.66,   598.32,   597.96
   97.50,   596.77,   722.76
   97.61,   725.80,   475.23
   96.77,   723.78,   600.39
   95.70,   721.42,   725.11
   95.78,   851.52,   477.29
   94.87,   849.25,   602.38
   93.96,   846.31,   727.14
  224.44,   602.25,   473.81
  223.43,   600.31,   598.73
  222.37,   598.58,   723.57
  222.25,   727.51,   475.71
  221.56,   725.30,   600.87
  220.89,   723.36,   726.09
  220.28,   852.62,   477.79
  219.71,   850.29,   602.85
  219.27,   847.95,   728.26
  349.00,   604.70,   474.53
  348.21,   602.56,   599.67
  347.61,   600.41,   724.97
  346.70,   729.08,   476.10
  346.15,   727.22,   601.58
  346.01,   725.70,   727.45
  344.88,   853.69,   478.11
  344.47,   851.99,   603.63
  344.29,   850.71,   729.51
  100.42,   601.37,   600.40
   97.94,   600.60,   725.20
   95.92,   599.42,   850.38
   97.36,   726.81,   601.99
   94.97,   725.23,   726.70
   93.04,   723.91,   851.49
   94.29,   852.26,   603.12
   92.06,   850.14,   727.89
   89.86,   848.55,   852.78
  225.14,   604.52,   602.49
  222.78,   603.59,   727.35
  220.84,   602.56,   852.60
  222.12,   729.48,   603.80
  220.14,   728.33,   729.03
  218.01,   727.46,   854.30
  219.10,   854.46,   604.92
  217.32,   852.90,   730.32
  214.90,   851.80,   855.46
  349.89,   607.91,   604.77
  347.99,   606.59,   730.09
  346.15,   605.32,   855.17
  346.69,   732.56,   605.85
  345.24,   731.87,   731.72
  343.58,   730.54,   856.88
  343.85,   857.34,   607.06
  342.31,   856.84,   732.89
  340.42,   855.59,   857.93
  226.91,    99.69,    98.34
  224.08,    97.09,   223.18
  221.12,    94.58,   347.97
  225.82,   224.59,   101.12
  222.93,   222.03,   226.05
  219.85,   219.80,   350.54
  224.58,   349.70,   103.68
  221.85,   346.94,   228.67
  219.02,   344.43,   353.43
  351.92,   101.27,   100.99
  349.12,    98.58,   225.86
  346.19,    95.58,   350.76
  350.92,   226.32,   103.92
  348.08,   223.56,   228.63
  344.92,   220.50,   353.21
  349.39,   350.81,   106.56
  346.74,   348.15,   231.38
  343.86,   345.59,   356.17
  476.73,   102.54,   103.54
  474.08,    99.86,   228.52
  471.16,    96.66,   353.61
  475.80,   227.71,   106.63
  472.98,   224.84,   231.17
  469.92,   221.39,   356.06
  474.21,   351.90,   109.43
  471.58,   349.28,   234.15
  468.77,   346.69,   358.94
  225.41,    98.68,   223.30
  221.85,    99.14,   348.08
  218.34,    99.37,   472.90
  222.72,   223.61,   223.19
  219.07,   224.32,   347.69
  215.76,   224.73,   472.54
  220.08,   348.53,   222.81
  216.69,   348.94,   347.59
  213.32,   349.20,   472.47
  350.42,   101.80,   226.52
  346.89,   101.72,   351.40
  343.49,   101.75,   476.32
  347.83,   226.76,   226.31
  344.10,   226.67,   350.92
  340.69,   226.66,   475.78
  344.93,   351.35,   226.07
  341.48,   351.74,   350.89
  338.12,   351.92,   475.78
  475.35,   104.70,   229.73
  471.82,   104.38,   354.80
  468.51,   104.32,   479.84
  472.69,   229.66,   229.41
  469.05,   229.17,   354.30
  465.68,   228.99,   479.30
  469.73,   354.08,   229.41
  466.35,   354.49,   354.21
  463.08,   354.68,   479.13
  226.04,   101.65,   347.82
  228.43,   100.39,   472.66
  231.26,    99.07,   597.78
  229.68,   226.76,   348.89
  232.24,   225.64,   473.74
  235.15,   223.92,   599.10
  233.70,   351.39,   350.27
  236.19,   350.17,   475.16
  238.72,   348.65,   600.21
  351.10,    97.84,   345.27
  353.59,    96.41,   470.24
  356.34,    95.21,   595.28
  354.71,   222.72,   346.23
  357.16,   221.18,   471.10
  360.14,   219.81,   596.28
  358.48,   347.79,   347.66
  361.00,   346.48,   472.55
  363.78,   344.94,   597.56
  476.02,    94.19,   342.78
  478.62,    92.74,   467.86
  481.31,    91.55,   592.82
  479.66,   218.90,   343.70
  482.13,   217.19,   468.74
  485.06,   216.08,   593.76
  483.36,   344.09,   345.05
  485.97,   342.81,   469.99
  488.83,   341.35,   595.08
  223.37,   101.62,   473.70
  222.73,   104.71,   598.83
  222.32,   107.71,   724.31
  225.57,   226.90,   470.48
  224.97,   229.58,   595.83
  224.38,   232.12,   721.31
  227.91,   351.39,   467.57
  226.92,   354.30,   592.61
  225.95,   357.20,   717.69
  348.58,    99.23,   474.83
  347.87,   102.41,   599.85
  347.29,   105.79,   724.97
  350.55,   224.06,   471.39
  350.04,   227.09,   596.58
  349.66,   230.37,   721.89
  352.76,   349.34,   468.54
  352.02,   352.22,   593.54
  351.34,   355.12,   718.60
  473.67,    97.12,   476.02
  472.91,   100.34,   600.96
  472.38,   103.79,   725.88
  475.58,   221.65,   472.60
  475.05,   224.96,   597.61
  474.62,   228.69,   722.53
  477.78,   347.30,   469.55
  477.16,   350.24,   594.62
  476.56,   353.18,   719.76
  224.53,    99.47,   600.78
  225.13,    97.22,   726.23
  225.21,    94.96,   851.11
  228.24,   224.30,   603.16
  228.72,   221.51,   728.67
  228.80,   219.31,   853.40
  231.60,   349.02,   605.27
  231.73,   346.54,   730.41
  232.00,   344.58,   855.39
  349.64,    95.78,   600.68
  350.00,    93.80,   725.75
  350.08,    91.64,   850.68
  353.28,   220.38,   602.73
  353.96,   218.37,   728.05
  353.96,   216.54,   853.11
  356.71,   345.47,   605.02
  357.12,   343.05,   730.13
  357.10,   341.27,   855.18
  474.65,    92.27,   600.62
  475.09,    90.22,   725.60
  475.06,    87.92,   850.62
  478.24,   216.81,   602.58
  478.86,   215.24,   727.51
  478.89,   213.35,   852.64
  481.82,   342.03,   604.95
  482.28,   339.69,   730.08
  482.18,   337.83,   855.09
  225.10,   223.44,   100.48
  227.40,   222.17,   225.45
  229.51,   221.18,   349.95
  224.09,   348.57,   101.80
  226.54,   347.09,   226.83
  228.89,   345.85,   351.61
  223.02,   473.69,   103.18
  225.63,   472.19,   228.18
  228.12,   470.57,   353.21
  350.19,   225.01,    98.09
  352.57,   223.57,   222.83
  354.60,   221.76,   347.45
  348.89,   349.55,    99.49
  351.43,   348.15,   224.35
  353.74,   346.88,   349.17
  347.74,   474.28,   100.91
  350.33,   472.97,   225.86
  352.77,   471.98,   350.79
  475.07,   226.22,    95.67
  477.48,   224.74,   220.18
  479.61,   222.57,   345.09
  473.70,   350.51,    97.18
  476.28,   349.12,   221.93
  478.67,   347.83,   346.74
  472.61,   475.06,    98.64
  475.15,   473.84,   223.62
  477.68,   473.09,   348.28
  226.06,   223.02,   224.22
  224.57,   224.24,   348.76
  223.43,   225.15,   473.64
  228.83,   347.93,   223.41
  227.60,   348.88,   348.23
  226.39,   349.66,   473.15
  231.54,   473.02,   222.57
  230.45,   473.61,   347.62
  229.18,   474.24,   472.58
  351.21,   220.78,   225.20
  349.64,   221.17,   349.84
  348.40,   221.66,   474.74
  353.72,   345.35,   224.53
  352.43,   346.26,   349.37
  351.24,   346.95,   474.30
  356.24,   470.13,   223.87
  355.09,   471.35,   348.81
  353.91,   472.26,   473.77
  476.12,   218.29,   226.13
  474.64,   218.28,   351.08
  473.42,   218.60,   476.13
  478.57,   342.69,   225.70
  477.35,   343.55,   350.54
  476.25,   344.26,   475.50
  481.07,   467.35,   225.21
  480.00,   468.80,   349.90
  478.92,   469.87,   474.80
  225.67,   223.81,   349.45
  226.00,   225.44,   474.33
  226.64,   226.43,   599.73
  226.79,   348.47,   348.17
  227.04,   349.98,   473.09
  227.29,   351.20,   598.16
  227.73,   473.21,   346.80
  227.91,   474.57,   471.76
  227.94,   476.13,   596.59
  350.78,   222.64,   349.08
  351.00,   223.86,   473.97
  351.73,   225.21,   599.20
  351.65,   347.75,   347.85
  351.92,   349.19,   472.78
  352.42,   350.38,   597.81
  352.40,   472.84,   346.52
  352.67,   474.50,   471.49
  352.99,   475.70,   596.45
  475.81,   221.67,   348.85
  476.04,   222.72,   473.91
  476.75,   224.35,   598.95
  476.60,   346.95,   347.55
  476.96,   348.42,   472.51
  477.57,   349.67,   597.62
  477.33,   472.20,   346.16
  477.71,   474.02,   471.04
  478.13,   475.15,   596.26
  226.60,   225.81,   473.95
  230.27,   227.49,   599.29
  233.96,   229.08,   724.74
  228.89,   350.33,   471.95
  232.17,   352.25,   596.97
  235.49,   354.16,   722.04
  231.02,   474.91,   469.87
  234.07,   477.17,   594.66
  237.16,   479.50,   719.43
  351.54,   222.93,   470.59
  355.28,   224.97,   595.75
  359.17,   227.33,   721.01
  353.71,   348.23,   468.65
  357.24,   350.14,   593.63
  360.85,   352.06,   718.68
  355.72,   473.54,   466.60
  359.07,   475.46,   591.52
  362.46,   477.20,   716.48
  476.52,   220.49,   467.53
  480.23,   222.80,   592.52
  484.06,   225.56,   717.41
  478.69,   346.15,   465.38
  482.32,   348.13,   590.43
  485.99,   350.10,   715.56
  480.70,   471.73,   463.15
  484.14,   473.60,   588.30
  487.59,   475.09,   713.65
  223.68,   224.86,   599.33
  223.66,   227.61,   724.81
  223.28,   230.98,   849.54
  224.96,   349.59,   595.86
  224.57,   352.69,   720.96
  224.34,   356.28,   845.93
  226.25,   474.45,   592.40
  225.62,   478.03,   717.18
  225.47,   481.65,   842.30
  348.76,   223.02,   599.48
  348.95,   226.54,   724.79
  348.49,   230.28,   849.82
  350.08,   348.14,   596.19
  349.98,   351.27,   721.26
  349.53,   354.99,   846.29
  351.29,   473.42,   592.94
  350.97,   476.40,   717.89
  350.64,   479.94,   842.86
  473.78,   221.54,   599.91
  473.92,   225.51,   724.83
  473.48,   229.23,   849.94
  475.23,   346.81,   596.69
  475.21,   349.99,   721.82
  474.66,   353.64,   846.82
  476.41,   472.26,   593.43
  476.17,   474.95,   718.76
  475.75,   478.32,   843.65
  226.65,   350.60,    98.90
  224.42,   352.76,   223.92
  222.11,   355.14,   348.72
  226.52,   475.69,    96.63
  224.45,   477.88,   221.60
  222.27,   479.87,   346.62
  226.45,   600.71,    94.58
  224.37,   603.12,   219.32
  222.08,   605.01,   344.30
  351.45,   350.62,   101.27
  349.31,   352.88,   226.12
  346.94,   355.27,   350.95
  351.25,   475.35,    99.02
  349.16,   477.70,   223.97
  346.92,   480.34,   348.88
  351.41,   600.56,    96.87
  349.21,   602.95,   221.82
  346.76,   605.28,   346.52
  476.30,   350.64,   103.63
  474.16,   352.91,   228.38
  471.87,   355.31,   353.19
  476.14,   475.19,   101.44
  473.98,   477.64,   226.39
  471.81,   480.55,   351.06
  476.43,   600.56,    99.06
  474.07,   603.01,   224.23
  471.65,   605.42,   348.70
  223.47,   349.19,   225.22
  224.97,   350.77,   350.02
  226.48,   352.18,   474.94
  223.71,   474.32,   223.71
  225.34,   475.51,   348.76
  226.79,   476.78,   473.70
  223.84,   599.57,   222.25
  225.37,   600.63,   347.26
  226.88,   601.81,   472.26
  348.39,   349.05,   223.60
  349.82,   350.62,   348.44
  351.35,   351.96,   473.36
  348.44,   473.87,   222.26
  350.01,   475.71,   347.20
  351.53,   477.27,   472.16
  348.69,   599.13,   220.94
  350.06,   600.66,   345.67
  351.46,   602.13,   470.55
  473.25,   348.83,   222.05
  474.76,   350.38,   346.87
  476.39,   351.76,   471.82
  473.27,   473.53,   220.89
  474.92,   475.62,   345.57
  476.56,   477.36,   470.44
  473.56,   598.91,   219.55
  474.97,   600.53,   344.05
  476.47,   602.12,   468.82
  224.07,   350.10,   350.74
  224.72,   348.72,   475.66
  225.38,   347.04,   600.74
  223.06,   474.81,   352.28
  223.63,   473.28,   477.23
  224.05,   471.96,   602.05
  221.69,   599.91,   353.60
  222.35,   598.30,   478.61
  222.86,   597.06,   603.53
  348.92,   351.36,   350.03
  349.59,   349.89,   474.96
  350.50,   348.18,   599.99
  347.72,   476.45,   351.60
  348.39,   475.19,   476.57
  349.11,   473.48,   601.52
  346.37,   601.40,   352.87
  346.92,   600.05,   477.78
  347.67,   598.57,   602.93
  473.87,   352.55,   349.34
  474.63,   351.11,   474.29
  475.65,   349.45,   599.40
  472.63,   477.80,   350.84
  473.41,   476.71,   475.74
  474.23,   474.91,   600.95
  471.27,   602.69,   352.11
  471.92,   601.48,   476.93
  472.75,   600.04,   602.38
  223.16,   349.61,   475.91
  220.07,   345.78,   600.92
  217.00,   341.92,   726.03
  225.52,   474.12,   479.68
  222.19,   470.64,   604.42
  218.89,   467.26,   729.19
  227.67,   599.10,   483.27
  224.44,   595.69,   608.10
  221.18,   592.48,   732.86
  347.98,   347.22,   478.87
  345.15,   343.35,   603.83
  342.37,   339.55,   728.88
  350.23,   472.47,   482.69
  347.21,   468.57,   607.56
  344.21,   464.61,   732.44
  352.22,   597.30,   486.12
  349.24,   593.64,   611.20
  346.41,   589.97,   736.38
  472.97,   344.85,   481.88
  470.26,   341.03,   606.90
  467.56,   337.34,   731.95
  475.22,   470.42,   485.54
  472.31,   466.40,   610.69
  469.40,   462.15,   735.91
  477.20,   595.19,   488.95
  474.29,   591.54,   614.37
  471.52,   587.60,   739.85
  224.43,   350.89,   601.60
  226.75,   350.22,   726.73
  229.24,   350.06,   851.71
  223.62,   475.83,   601.89
  225.70,   475.63,   726.71
  228.31,   475.45,   851.90
  222.94,   600.94,   602.35
  225.06,   600.90,   727.21
  227.65,   600.75,   852.48
  349.53,   351.53,   599.20
  352.14,   350.89,   724.29
  354.37,   350.86,   849.34
  348.66,   476.84,   599.72
  351.04,   476.05,   724.70
  353.41,   475.86,   849.69
  347.72,   601.94,   600.10
  350.30,   601.48,   725.41
  352.96,   601.11,   850.53
  474.66,   352.29,   596.97
  477.33,   351.67,   722.13
  479.50,   351.56,   847.15
  473.76,   477.77,   597.50
  476.23,   476.68,   722.85
  478.50,   476.31,   847.74
  472.78,   602.90,   597.90
  475.43,   602.24,   723.53
  477.99,   601.66,   848.39
  225.19,   476.60,    98.19
  222.16,   479.87,   223.12
  219.03,   482.92,   348.11
  223.71,   601.59,    95.03
  220.67,   605.09,   219.73
  217.42,   608.03,   344.67
  222.20,   726.44,    91.94
  219.08,   730.12,   216.32
  215.62,   733.40,   341.14
  349.90,   477.71,   101.52
  346.85,   481.15,   226.42
  343.64,   484.86,   351.29
  348.64,   602.90,    98.25
  345.49,   606.37,   223.15
  342.07,   609.76,   347.80
  347.43,   728.30,    95.03
  344.25,   731.79,   219.81
  340.49,   734.60,   344.16
  474.76,   478.99,   104.86
  471.63,   482.55,   229.76
  468.50,   486.54,   354.38
  473.65,   604.37,   101.38
  470.32,   607.90,   226.49
  466.91,   611.35,   350.90
  472.58,   730.22,    97.84
  469.25,   733.66,   223.08
  465.36,   736.03,   347.33
  226.63,   474.77,   223.33
  224.86,   470.90,   348.33
  222.91,   467.10,   473.22
  227.95,   599.96,   226.97
  226.08,   595.94,   351.93
  224.21,   592.05,   476.89
  229.14,   725.04,   230.57
  227.10,   721.24,   355.40
  225.34,   717.27,   480.41
  351.34,   473.11,   225.25
  349.52,   469.87,   350.13
  347.66,   466.33,   475.04
  352.77,   598.31,   229.00
  350.75,   594.79,   353.69
  348.79,   591.20,   478.56
  354.32,   723.71,   232.66
  351.93,   719.53,   357.03
  349.80,   715.57,   481.77
  476.17,   471.57,   227.21
  474.42,   468.58,   351.85
  472.67,   465.20,   476.70
  477.62,   596.87,   230.95
  475.65,   593.45,   355.39
  473.79,   590.01,   480.19
  479.30,   722.55,   234.53
  476.83,   718.05,   358.82
  474.78,   714.13,   483.57
  225.30,   473.27,   348.84
  227.58,   471.34,   473.76
  229.72,   469.59,   598.57
  225.22,   598.37,   350.56
  227.57,   596.35,   475.54
  229.79,   594.69,   600.43
  224.94,   723.73,   352.15
  227.40,   721.60,   477.17
  229.93,   719.68,   602.31
  349.96,   473.63,   346.44
  352.33,   471.98,   471.38
  354.76,   469.87,   596.31
  349.89,   598.58,   348.12
  352.15,   596.86,   473.00
  354.59,   594.97,   598.11
  349.80,   723.42,   349.60
  351.86,   721.25,   474.32
  354.53,   719.65,   599.77
  474.85,   473.69,   343.97
  477.34,   472.22,   468.82
  479.87,   470.04,   594.00
  474.79,   598.62,   345.65
  477.15,   597.02,   470.42
  479.67,   595.18,   595.82
  474.72,   723.35,   347.22
  476.83,   721.18,   471.92
  479.61,   719.77,   597.61
  225.51,   476.37,   474.38
  228.38,   476.64,   599.18
  231.27,   476.99,   723.98
  228.88,   601.38,   474.06
  231.84,   601.71,   598.96
  234.81,   602.20,   723.83
  232.08,   726.58,   473.58
  235.37,   726.64,   598.72
  238.75,   727.02,   724.03
  350.19,   473.59,   471.26
  353.35,   473.49,   596.20
  356.56,   473.24,   721.16
  353.40,   598.43,   470.79
  356.57,   598.55,   595.90
  359.96,   598.63,   721.21
  356.50,   722.78,   470.01
  359.89,   723.17,   595.45
  363.75,   723.93,   721.33
  475.13,   470.40,   467.98
  478.40,   470.23,   593.15
  481.68,   469.70,   718.49
  478.34,   595.17,   467.49
  481.59,   595.33,   592.87
  485.01,   595.20,   718.49
  481.43,   719.31,   466.90
  484.93,   719.86,   592.57
  488.81,   720.69,   718.39
  223.01,   475.87,   601.25
  223.94,   474.25,   726.07
  225.40,   472.64,   851.26
  221.24,   600.96,   603.14
  222.21,   599.50,   727.99
  223.64,   597.92,   853.26
  219.56,   725.95,   605.07
  220.91,   724.28,   730.28
  222.15,   722.87,   855.57
  348.05,   477.99,   600.25
  349.28,   475.77,   725.22
  350.50,   474.16,   850.21
  346.03,   603.05,   602.06
  347.46,   601.18,   727.37
  348.95,   599.38,   852.47
  344.16,   727.73,   603.75
  346.03,   726.48,   729.62
  347.74,   724.63,   854.81
  473.16,   480.01,   599.20
  474.48,   477.49,   724.55
  475.59,   475.71,   849.42
  471.09,   605.11,   601.04
  472.60,   603.03,   726.67
  474.00,   601.02,   851.50
  469.20,   729.68,   602.85
  471.18,   728.57,   728.70
  472.91,   726.56,   853.54
  227.03,   599.26,    98.88
  225.30,   596.89,   223.65
  223.38,   594.00,   348.64
  223.79,   724.11,   101.56
  221.91,   721.96,   226.04
  219.80,   719.32,   350.92
  220.69,   848.65,   103.87
  218.44,   846.53,   228.50
  216.46,   844.29,   353.49
  351.96,   602.23,   100.91
  350.09,   599.85,   225.85
  348.00,   597.45,   350.57
  348.97,   727.68,   103.52
  347.05,   725.25,   228.31
  344.61,   722.23,   352.71
  345.69,   852.68,   106.17
  343.86,   850.04,   230.80
  341.36,   846.87,   355.14
  476.95,   605.38,   102.83
  474.92,   603.04,   227.98
  472.86,   600.71,   352.45
  474.12,   731.30,   105.13
  472.03,   728.75,   230.37
  469.46,   725.33,   354.67
  470.92,   856.63,   107.94
  469.03,   853.75,   232.83
  466.28,   850.07,   357.00
  225.96,   598.41,   223.73
  222.42,   596.99,   348.71
  218.88,   595.69,   473.68
  228.09,   723.51,   224.78
  224.36,   722.35,   349.62
  220.93,   720.99,   474.64
  230.19,   848.11,   225.90
  226.55,   847.28,   350.83
  223.18,   846.09,   475.75
  350.72,   595.84,   227.45
  347.04,   594.93,   352.16
  343.40,   593.92,   477.04
  353.21,   721.30,   228.57
  349.16,   719.74,   352.95
  345.34,   718.35,   477.69
  355.59,   846.22,   229.73
  351.44,   844.42,   354.00
  347.69,   842.92,   478.68
  475.52,   593.49,   231.10
  471.88,   592.70,   355.56
  468.33,   591.85,   480.37
  478.13,   719.23,   232.14
  474.00,   717.35,   356.43
  470.24,   716.00,   481.17
  480.69,   844.40,   233.20
  476.31,   842.14,   357.40
  472.46,   840.57,   482.25
  223.24,   599.84,   350.67
  222.57,   602.55,   475.65
  221.76,   605.64,   600.55
  225.72,   725.16,   347.54
  225.15,   727.79,   472.56
  224.67,   730.58,   597.71
  228.46,   850.02,   344.72
  227.96,   852.80,   469.65
  227.60,   855.51,   594.68
  347.90,   597.28,   351.33
  347.12,   600.26,   476.21
  346.52,   603.11,   601.32
  350.58,   722.06,   348.10
  349.60,   724.62,   472.80
  349.24,   727.73,   598.24
  353.43,   846.74,   345.14
  352.52,   849.16,   469.79
  352.31,   852.43,   595.28
  472.79,   594.55,   351.96
  472.10,   597.67,   476.75
  471.58,   600.54,   602.17
  475.48,   719.21,   348.82
  474.55,   721.77,   473.51
  474.30,   725.08,   599.21
  478.37,   844.02,   345.76
  477.33,   846.36,   470.55
  477.15,   849.74,   596.25
  225.06,   600.33,   476.11
  227.35,   599.14,   601.00
  229.62,   598.12,   725.86
  225.18,   725.61,   477.27
  227.78,   724.14,   602.41
  230.45,   722.96,   727.67
  225.51,   850.70,   478.60
  228.26,   849.11,   603.67
  231.14,   847.61,   729.13
  349.63,   600.53,   473.48
  352.14,   599.12,   598.61
  354.86,   597.68,   723.91
  349.63,   724.94,   474.33
  352.37,   723.80,   599.79
  355.55,   723.02,   725.66
  350.08,   849.55,   475.58
  352.97,   848.58,   601.10
  356.14,   848.10,   727.00
  474.62,   600.41,   470.84
  477.21,   599.04,   596.25
  479.97,   597.40,   721.87
  474.58,   724.57,   471.86
  477.44,   723.63,   597.56
  480.68,   722.94,   723.40
  474.89,   849.23,   473.16
  477.83,   848.36,   598.88
  481.24,   848.08,   724.62
  225.85,   601.66,   600.09
  224.07,   604.17,   724.95
  222.71,   606.61,   850.20
  225.64,   726.65,   597.98
  224.26,   728.94,   723.22
  222.76,   731.50,   848.52
  225.44,   851.64,   595.70
  224.26,   853.59,   721.10
  222.51,   855.87,   846.29
  350.65,   602.28,   601.75
  349.32,   604.39,   727.06
  348.07,   606.58,   852.16
  350.24,   726.94,   599.40
  349.37,   729.68,   725.27
  348.34,   731.87,   850.50
  350.19,   851.70,   597.18
  349.27,   854.69,   723.05
  348.03,   856.99,   848.16
  475.74,   602.84,   603.48
  474.47,   604.75,   729.09
  473.12,   606.75,   853.89
  475.33,   727.43,   601.26
  474.53,   730.30,   727.09
  473.52,   732.31,   851.95
  475.06,   852.16,   599.03
  474.40,   855.39,   724.76
  473.39,   857.67,   849.65
  348.49,   100.64,    99.72
  350.41,   102.46,   224.61
  352.17,   103.90,   349.50
  349.35,   225.71,    98.19
  351.25,   227.46,   222.94
  352.82,   228.85,   347.57
  349.69,   350.26,    96.37
  351.77,   352.03,   221.24
  353.61,   353.97,   346.07
  473.29,   100.02,    97.55
  475.39,   101.91,   222.54
  477.16,   103.14,   347.63
  474.25,   225.23,    96.23
  476.18,   226.92,   220.76
  477.83,   227.95,   345.67
  474.52,   349.52,    94.53
  476.63,   351.30,   219.30
  478.55,   353.22,   344.11
  598.02,    99.15,    95.35
  600.31,   100.93,   220.56
  601.99,   102.43,   345.76
  598.92,   224.21,    94.06
  600.93,   225.85,   218.68
  602.79,   227.29,   343.87
  599.53,   348.69,    92.49
  601.63,   350.36,   217.36
  603.69,   352.36,   342.07
  349.59,   100.50,   223.08
  352.91,   101.83,   347.95
  356.35,   103.23,   472.86
  352.83,   225.48,   221.45
  355.94,   226.73,   346.05
  359.36,   228.06,   470.89
  355.73,   350.01,   219.80
  359.12,   351.81,   344.60
  362.59,   353.40,   469.47
  474.50,    97.52,   219.50
  477.83,    98.68,   344.57
  481.36,   100.03,   469.61
  477.69,   222.55,   217.75
  480.88,   223.44,   342.64
  484.31,   224.62,   467.65
  480.53,   346.87,   216.34
  483.99,   348.64,   341.11
  487.56,   350.27,   466.02
  599.37,    94.13,   216.02
  602.59,    95.56,   341.17
  606.19,    97.12,   466.20
  602.37,   219.06,   214.15
  605.76,   220.37,   339.32
  609.28,   221.90,   464.52
  605.46,   343.51,   212.88
  609.06,   345.36,   337.57
  612.65,   347.15,   462.45
  348.29,   101.55,   350.65
  350.19,   104.71,   475.54
  352.42,   108.10,   600.57
  348.63,   226.47,   347.08
  350.52,   229.59,   471.92
  352.91,   232.83,   597.08
  349.12,   351.53,   343.95
  351.06,   354.89,   468.83
  353.22,   357.99,   593.80
  473.28,   101.06,   348.77
  475.27,   104.14,   473.79
  477.45,   107.59,   598.72
  473.64,   225.84,   345.16
  475.55,   228.79,   470.16
  477.92,   232.29,   595.16
  474.05,   351.07,   341.98
  476.08,   354.47,   466.87
  478.35,   357.62,   591.93
  598.12,   100.63,   346.88
  600.19,   103.92,   471.93
  602.37,   107.39,   596.84
  598.60,   225.45,   343.35
  600.59,   228.72,   468.53
  602.81,   232.25,   593.51
  599.19,   350.49,   339.93
  601.25,   354.03,   464.81
  603.33,   357.32,   590.02
  349.79,   100.95,   474.39
  352.58,   103.74,   599.42
  355.50,   106.74,   724.51
  353.07,   225.75,   471.28
  356.05,   228.40,   596.44
  359.17,   231.34,   721.71
  356.59,   351.04,   468.73
  359.36,   353.53,   593.72
  362.19,   356.03,   718.77
  474.82,    97.46,   472.13
  477.55,   100.29,   597.06
  480.52,   103.35,   721.97
  478.05,   221.98,   469.02
  481.00,   224.88,   594.02
  484.06,   228.22,   718.91
  481.56,   347.60,   466.26
  484.43,   350.17,   591.33
  487.33,   352.71,   716.47
  599.69,    94.24,   469.69
  602.42,    97.07,   594.61
  605.39,   100.03,   719.47
  603.02,   218.95,   466.88
  605.82,   221.88,   591.86
  608.67,   224.71,   716.57
  606.67,   344.20,   463.70
  609.33,   346.90,   588.91
  612.01,   349.43,   714.29
  348.55,    99.62,   598.47
  347.38,    96.50,   723.54
  345.92,    93.20,   848.43
  347.31,   224.29,   601.69
  346.43,   221.06,   727.00
  344.90,   218.05,   852.02
  345.86,   349.38,   605.13
  344.69,   345.78,   730.20
  343.16,   342.83,   855.22
  473.60,   100.88,   600.04
  472.53,    97.79,   724.98
  470.96,    94.37,   849.98
  472.33,   225.53,   603.18
  471.40,   222.77,   728.10
  469.86,   219.74,   853.21
  471.02,   350.77,   606.70
  469.92,   347.22,   731.80
  468.25,   344.24,   856.77
  598.53,   102.42,   601.56
  597.53,    99.26,   726.43
  596.16,    95.72,   851.44
  597.22,   227.25,   604.95
  596.10,   223.99,   729.64
  594.83,   220.51,   854.49
  595.97,   352.27,   608.29
  594.71,   348.67,   733.62
  593.29,   345.30,   858.51
  350.28,   227.14,    99.04
  348.27,   227.17,   223.80
  345.93,   226.88,   348.44
  353.45,   351.65,    99.00
  351.63,   351.72,   223.87
  349.57,   351.94,   348.72
  356.79,   476.33,    98.98
  355.01,   476.50,   223.95
  353.09,   477.00,   348.88
  475.14,   223.88,   100.94
  473.15,   223.82,   225.50
  470.89,   223.12,   350.43
  478.26,   348.10,   101.04
  476.45,   348.19,   225.81
  474.46,   348.38,   350.64
  481.65,   472.60,   101.08
  479.80,   472.87,   226.06
  477.96,   473.60,   350.74
  599.75,   220.04,   102.61
  597.86,   219.96,   227.32
  595.80,   219.65,   352.54
  603.22,   344.44,   102.90
  601.41,   344.45,   227.74
  599.55,   344.72,   352.49
  606.77,   469.14,   103.05
  604.95,   469.35,   228.01
  603.21,   469.79,   352.43
  350.55,   225.79,   225.31
  352.86,   226.51,   349.93
  355.49,   227.31,   474.81
  349.17,   350.38,   224.31
  351.75,   351.64,   349.14
  354.42,   352.67,   474.05
  347.81,   475.21,   223.32
  350.52,   476.73,   348.24
  353.18,   477.99,   473.18
  475.46,   227.16,   222.37
  477.86,   227.53,   347.28
  480.50,   228.19,   472.31
  474.00,   351.56,   221.62
  476.67,   352.81,   346.42
  479.43,   353.89,   471.35
  472.61,   476.27,   220.79
  475.40,   478.05,   345.45
  478.19,   479.48,   470.30
  600.20,   228.01,   219.54
  602.81,   228.79,   344.72
  605.53,   229.79,   469.92
  598.99,   352.53,   218.93
  601.79,   353.87,   343.62
  604.58,   355.10,   468.53
  597.75,   477.49,   218.12
  600.67,   478.97,   342.52
  603.46,   480.30,   467.23
  350.04,   223.86,   349.18
  346.94,   220.31,   474.00
  344.35,   216.89,   599.16
  349.06,   348.93,   352.70
  346.01,   345.57,   477.55
  343.21,   341.98,   602.52
  347.97,   474.01,   356.13
  344.93,   470.82,   481.02
  341.94,   467.21,   605.89
  475.02,   224.64,   352.28
  471.95,   220.93,   477.26
  469.35,   217.78,   602.22
  473.97,   349.92,   355.74
  471.02,   346.57,   480.63
  468.34,   343.02,   605.65
  472.85,   475.18,   359.08
  469.92,   472.16,   483.94
  467.04,   468.42,   609.08
  599.96,   225.72,   355.50
  596.97,   222.31,   480.65
  594.22,   219.17,   605.56
  599.10,   350.81,   358.69
  596.15,   347.62,   483.61
  593.28,   344.20,   608.83
  598.12,   475.92,   361.85
  595.16,   472.85,   486.65
  592.10,   469.31,   612.09
  348.40,   224.13,   476.51
  348.55,   221.17,   601.71
  348.82,   218.49,   727.04
  346.46,   349.41,   479.63
  346.39,   346.26,   604.64
  346.37,   343.19,   729.74
  344.36,   474.65,   482.65
  344.09,   471.50,   607.58
  343.85,   468.29,   732.52
  473.44,   225.86,   477.06
  473.56,   223.16,   602.07
  473.77,   220.93,   727.00
  471.49,   351.51,   479.99
  471.53,   348.41,   605.08
  471.59,   345.39,   730.20
  469.36,   477.08,   482.86
  469.21,   473.81,   608.06
  469.06,   470.28,   733.35
  598.48,   228.33,   477.73
  598.45,   225.63,   602.72
  598.46,   222.90,   727.43
  596.65,   353.64,   480.25
  596.49,   350.67,   605.53
  596.36,   347.59,   730.88
  594.63,   478.85,   482.86
  594.30,   475.78,   608.33
  593.98,   472.45,   734.08
  350.10,   225.07,   598.88
  349.94,   223.64,   724.22
  349.15,   222.43,   849.29
  351.22,   350.22,   600.56
  350.78,   348.40,   725.67
  349.97,   347.20,   850.73
  352.21,   475.52,   602.26
  351.55,   473.54,   727.24
  350.86,   472.19,   852.23
  475.12,   223.78,   599.61
  474.91,   222.79,   724.56
  474.12,   221.57,   849.70
  476.37,   349.08,   601.36
  476.00,   347.31,   726.51
  475.09,   346.06,   851.53
  477.34,   474.53,   603.08
  476.76,   472.25,   728.43
  475.96,   470.78,   853.28
  600.02,   222.97,   600.62
  599.61,   221.50,   725.35
  599.08,   219.79,   850.22
  601.34,   348.05,   602.16
  600.78,   346.23,   727.55
  600.11,   344.60,   852.53
  602.45,   473.18,   603.69
  601.69,   471.14,   729.48
  601.09,   469.60,   854.38
  350.38,   348.34,   102.04
  352.15,   349.10,   226.91
  353.70,   349.98,   351.76
  350.39,   473.08,   101.29
  352.22,   473.93,   226.26
  353.89,   475.09,   351.20
  350.75,   598.30,   100.64
  352.47,   599.18,   225.61
  353.94,   600.05,   350.34
  475.23,   348.11,   100.48
  477.02,   348.87,   225.25
  478.64,   349.74,   350.08
  475.28,   472.66,    99.78
  477.05,   473.59,   224.77
  478.81,   475.00,   349.45
  475.78,   598.02,    98.91
  477.34,   598.97,   224.10
  478.87,   599.91,   348.60
  600.23,   347.77,    98.74
  602.04,   348.43,   223.59
  603.80,   349.39,   348.33
  600.45,   472.51,    98.12
  602.24,   473.39,   223.13
  604.12,   474.50,   347.54
  600.70,   597.97,    97.22
  602.36,   598.89,   222.23
  604.16,   599.60,   346.73
  351.11,   351.27,   225.07
  351.77,   350.04,   349.92
  352.53,   348.57,   474.84
  349.49,   476.10,   226.55
  350.28,   475.13,   351.49
  351.03,   473.87,   476.46
  348.05,   601.34,   228.02
  348.63,   600.07,   352.76
  349.28,   598.74,   477.67
  475.97,   352.75,   224.32
  476.72,   351.51,   349.14
  477.56,   350.08,   474.10
  474.32,   477.48,   225.96
  475.19,   476.76,   350.64
  476.05,   475.67,   475.54
  472.92,   602.86,   227.42
  473.54,   601.66,   351.92
  474.28,   600.45,   476.73
  601.00,   354.02,   223.57
  601.87,   352.88,   348.29
  602.73,   351.60,   473.24
  599.50,   478.99,   225.22
  600.49,   477.99,   349.64
  601.34,   476.82,   474.42
  597.93,   604.48,   226.43
  598.82,   603.06,   350.95
  599.71,   601.69,   475.84
  351.26,   348.54,   351.47
  353.63,   349.60,   476.38
  356.24,   350.43,   601.40
  354.89,   473.60,   350.44
  357.25,   474.90,   475.38
  359.68,   475.72,   600.34
  358.37,   598.50,   349.10
  360.61,   599.72,   473.97
  363.05,   600.78,   599.12
  476.14,   344.84,   349.10
  478.60,   345.92,   474.04
  481.31,   346.82,   599.14
  479.75,   470.04,   348.00
  482.23,   471.49,   472.87
  484.75,   472.25,   598.07
  483.25,   594.92,   346.68
  485.60,   596.26,   471.45
  488.11,   597.35,   596.88
  601.21,   341.05,   346.67
  603.69,   342.30,   471.62
  606.20,   343.33,   596.87
  604.99,   466.09,   345.42
  607.46,   467.46,   470.15
  609.79,   468.41,   595.57
  608.50,   591.13,   344.11
  611.00,   592.29,   468.94
  613.42,   593.46,   594.44
  350.56,   350.01,   476.05
  351.07,   350.45,   601.09
  351.64,   350.93,   726.21
  349.46,   475.32,   475.51
  349.78,   475.76,   600.48
  350.13,   476.09,   725.47
  348.11,   600.19,   474.58
  348.44,   600.85,   599.72
  348.99,   601.52,   725.05
  475.60,   351.11,   475.77
  476.22,   351.60,   600.89
  476.86,   352.11,   726.06
  474.49,   476.71,   475.06
  474.91,   477.07,   600.28
  475.34,   477.11,   725.65
  473.10,   601.49,   474.09
  473.53,   602.20,   599.55
  474.14,   602.67,   725.19
  600.78,   352.23,   475.38
  601.19,   352.84,   600.67
  601.63,   353.32,   726.10
  599.78,   477.46,   474.40
  600.03,   478.00,   599.87
  600.28,   478.27,   725.68
  598.54,   602.33,   473.66
  598.90,   603.13,   599.22
  599.24,   603.80,   724.94
  349.10,   351.00,   600.98
  351.86,   349.74,   726.07
  354.25,   349.11,   851.11
  351.36,   476.29,   602.07
  353.91,   474.87,   727.04
  356.43,   474.07,   852.02
  353.57,   601.38,   603.02
  356.32,   600.28,   728.34
  359.12,   599.27,   853.41
  474.20,   348.62,   598.57
  477.04,   347.40,   723.71
  479.35,   346.69,   848.73
  476.45,   474.07,   599.67
  479.08,   472.35,   725.01
  481.49,   471.39,   849.88
  478.63,   599.19,   600.64
  481.41,   597.88,   726.26
  484.10,   596.68,   851.07
  599.13,   346.34,   596.15
  601.77,   345.09,   721.52
  604.31,   343.99,   846.53
  601.53,   471.47,   597.04
  603.96,   469.99,   722.83
  606.56,   468.97,   847.81
  603.95,   596.57,   598.08
  606.46,   595.47,   723.79
  608.93,   594.40,   848.57
  349.36,   476.37,    99.34
  347.05,   474.06,   224.28
  344.60,   472.04,   349.19
  346.55,   601.55,   101.80
  344.13,   599.27,   226.71
  341.48,   596.96,   351.43
  343.79,   726.99,   104.31
  341.30,   724.65,   229.05
  338.30,   721.76,   353.47
  474.21,   479.08,   102.03
  471.83,   476.88,   226.98
  469.45,   475.14,   351.64
  471.54,   604.45,   104.28
  468.94,   602.21,   229.41
  466.31,   599.99,   353.87
  468.95,   730.37,   106.48
  466.28,   727.91,   231.70
  463.15,   724.60,   355.98
  599.32,   482.08,   104.61
  596.96,   479.84,   229.53
  594.68,   477.82,   353.92
  596.39,   607.56,   106.78
  593.91,   605.27,   231.71
  591.52,   602.83,   356.19
  593.55,   733.40,   108.84
  590.97,   730.84,   233.73
  588.18,   727.73,   358.51
  350.15,   476.55,   223.68
  348.71,   474.76,   348.61
  347.23,   472.67,   473.55
  346.95,   601.77,   225.93
  345.31,   599.66,   350.66
  343.72,   597.49,   475.56
  343.85,   727.16,   228.09
  341.86,   724.45,   352.52
  340.11,   721.88,   477.28
  474.94,   479.67,   225.37
  473.58,   478.13,   350.04
  472.20,   476.22,   474.92
  471.78,   605.02,   227.60
  470.16,   602.98,   352.09
  468.65,   600.94,   476.89
  468.85,   730.73,   229.71
  466.73,   727.60,   354.01
  464.99,   725.04,   478.75
  600.08,   482.94,   226.89
  598.83,   481.10,   351.30
  597.45,   479.11,   476.08
  596.75,   608.39,   228.88
  595.39,   606.12,   353.39
  594.03,   603.94,   478.27
  593.54,   733.95,   230.70
  591.76,   731.05,   355.52
  590.40,   728.52,   480.68
  348.72,   475.16,   348.91
  352.06,   477.44,   473.82
  355.47,   479.26,   598.74
  350.77,   600.09,   346.61
  353.99,   602.27,   471.44
  357.40,   604.32,   596.54
  352.82,   724.92,   344.13
  355.82,   726.63,   468.77
  359.45,   728.93,   594.19
  473.58,   473.02,   345.50
  477.04,   475.47,   470.33
  480.54,   477.22,   595.49
  475.64,   597.91,   343.22
  478.96,   600.22,   467.93
  482.45,   602.31,   593.31
  477.71,   722.67,   340.84
  480.76,   724.36,   465.46
  484.50,   726.82,   591.10
  598.81,   470.50,   341.95
  602.28,   472.85,   466.63
  605.60,   474.78,   591.99
  600.86,   595.56,   339.68
  604.35,   597.70,   464.45
  607.78,   599.85,   589.90
  602.73,   720.63,   337.42
  606.18,   722.40,   462.52
  610.06,   724.67,   588.01
  348.41,   477.00,   473.22
  346.05,   478.90,   598.15
  343.71,   480.72,   723.08
  346.40,   601.84,   470.79
  344.06,   603.96,   595.89
  341.92,   606.11,   721.16
  344.30,   726.24,   468.07
  342.18,   728.59,   593.46
  340.49,   731.34,   719.31
  473.40,   479.11,   475.42
  471.14,   480.92,   600.60
  468.89,   482.42,   725.91
  471.36,   603.84,   472.96
  469.10,   606.01,   598.37
  467.05,   607.97,   723.97
  469.21,   727.96,   470.39
  467.20,   730.54,   596.07
  465.63,   733.45,   721.93
  598.67,   480.55,   477.41
  596.23,   482.55,   602.86
  593.82,   484.26,   728.62
  596.76,   605.40,   475.18
  594.44,   607.66,   600.72
  592.14,   609.80,   726.40
  594.63,   730.03,   473.17
  592.76,   732.46,   598.71
  590.87,   735.29,   724.12
  350.08,   473.22,   601.73
  353.20,   475.92,   726.66
  356.30,   479.22,   851.60
  351.12,   598.30,   598.59
  354.43,   601.31,   723.86
  357.84,   604.41,   848.94
  352.25,   722.93,   595.28
  356.03,   726.59,   721.11
  359.70,   729.73,   846.32
  475.17,   472.08,   598.81
  478.37,   474.48,   724.11
  481.36,   477.61,   848.94
  476.17,   597.20,   595.67
  479.53,   600.01,   721.25
  482.83,   602.91,   846.08
  477.30,   721.72,   592.48
  481.13,   725.49,   718.29
  484.78,   728.54,   843.16
  600.25,   470.57,   595.65
  603.26,   473.20,   721.39
  606.42,   476.28,   846.33
  601.50,   595.65,   592.58
  604.59,   598.66,   718.25
  607.66,   601.71,   843.03
  602.85,   720.45,   589.69
  606.35,   724.11,   715.07
  609.39,   727.31,   839.57
  351.87,   600.34,    98.44
  355.04,   602.56,   223.39
  357.96,   604.76,   348.06
  351.53,   725.80,    96.50
  354.69,   728.05,   221.34
  357.25,   729.58,   345.70
  350.88,   850.89,    94.61
  354.18,   852.93,   219.35
  356.72,   854.29,   343.64
  476.87,   600.79,    95.22
  479.90,   603.08,   220.41
  482.87,   605.33,   344.85
  476.65,   726.62,    92.97
  479.70,   728.93,   218.27
  482.17,   730.10,   342.59
  476.04,   852.02,    91.19
  479.38,   854.06,   216.23
  481.69,   854.96,   340.43
  601.77,   601.45,    92.05
  604.87,   603.73,   217.05
  608.13,   605.76,   341.52
  601.25,   727.19,    89.79
  604.35,   729.40,   214.58
  607.20,   730.85,   339.40
  600.83,   852.28,    87.87
  604.09,   854.43,   212.45
  606.53,   855.76,   337.29
  351.84,   599.63,   226.21
  354.50,   601.49,   350.91
  357.21,   603.27,   475.76
  355.18,   725.08,   224.44
  357.48,   726.26,   348.80
  359.98,   727.58,   473.48
  358.40,   849.97,   222.71
  360.64,   850.93,   346.98
  363.22,   852.15,   471.62
  476.65,   596.43,   223.56
  479.37,   598.38,   348.02
  482.19,   600.28,   472.78
  480.13,   722.22,   221.69
  482.36,   723.09,   346.02
  484.94,   724.41,   470.71
  483.54,   847.40,   219.88
  485.56,   847.92,   344.11
  488.01,   849.04,   468.91
  601.61,   593.36,   220.55
  604.61,   595.09,   345.00
  607.59,   596.82,   469.82
  604.77,   718.99,   218.34
  607.40,   720.13,   343.15
  610.38,   721.52,   468.31
  608.16,   844.06,   216.40
  610.38,   845.04,   341.32
  613.14,   846.34,   466.65
  349.62,   601.84,   348.63
  346.02,   599.64,   473.49
  342.60,   597.31,   598.56
  348.04,   726.65,   350.51
  344.26,   724.05,   475.22
  341.08,   721.99,   600.62
  346.63,   851.32,   352.69
  342.96,   848.65,   477.34
  339.93,   846.75,   602.81
  474.47,   603.26,   352.03
  470.96,   601.20,   476.80
  467.62,   598.91,   602.19
  472.90,   727.92,   353.99
  469.16,   725.33,   478.69
  466.10,   723.51,   604.38
  471.54,   852.71,   356.05
  467.72,   849.97,   480.87
  464.76,   848.26,   606.57
  599.72,   604.50,   355.30
  596.34,   602.30,   480.16
  592.92,   600.10,   605.68
  597.94,   729.47,   357.48
  594.59,   726.93,   482.61
  591.63,   724.96,   608.13
  596.39,   854.34,   359.64
  592.86,   851.70,   484.91
  590.11,   849.69,   610.43
  348.86,   600.53,   474.42
  352.53,   600.00,   599.52
  356.41,   599.44,   724.81
  346.67,   724.93,   474.45
  350.57,   724.66,   599.88
  354.91,   724.77,   725.73
  344.94,   849.54,   474.89
  348.98,   849.43,   600.37
  353.30,   849.81,   726.23
  473.79,   602.57,   470.61
  477.55,   602.09,   596.01
  481.49,   601.35,   721.62
  471.56,   726.72,   470.81
  475.58,   726.65,   596.49
  479.99,   726.88,   722.32
  469.69,   851.38,   471.29
  473.78,   851.39,   596.98
  478.34,   851.98,   722.70
  599.17,   604.17,   466.86
  602.87,   603.75,   592.33
  606.54,   603.23,   718.01
  596.95,   728.84,   467.60
  601.10,   728.59,   593.12
  605.18,   728.71,   718.49
  594.78,   853.64,   468.18
  599.07,   853.33,   593.72
  603.63,   853.48,   719.01
  348.03,   598.26,   600.13
  347.39,   595.76,   725.40
  346.82,   593.37,   850.49
  345.82,   722.92,   602.38
  345.63,   721.05,   728.22
  345.27,   718.62,   853.41
  343.97,   847.67,   604.75
  343.78,   846.06,   730.63
  343.24,   843.71,   855.71
  473.10,   600.60,   601.18
  472.54,   597.89,   726.78
  471.87,   595.30,   851.60
  470.88,   725.18,   603.55
  470.79,   723.43,   729.39
  470.45,   720.81,   854.23
  468.83,   849.91,   605.92
  468.89,   848.58,   731.66
  468.59,   846.14,   856.50
  598.45,   602.52,   602.08
  597.62,   600.02,   727.77
  596.75,   597.52,   852.50
  596.45,   727.36,   604.72
  596.00,   725.56,   730.11
  595.08,   723.05,   854.56
  594.20,   852.08,   607.19
  594.22,   850.37,   732.46
  593.40,   847.97,   856.77
  474.75,   101.25,    99.69
  478.37,   102.20,   224.66
  481.68,   102.52,   349.74
  472.02,   226.42,    99.36
  475.47,   227.18,   223.88
  478.65,   227.30,   348.77
  468.60,   350.67,    98.68
  472.23,   351.56,   223.42
  475.69,   352.57,   348.20
  599.41,   104.07,    95.95
  603.22,   104.92,   221.10
  606.43,   105.51,   346.30
  596.62,   229.08,    95.65
  600.16,   229.80,   220.25
  603.56,   230.35,   345.40
  593.53,   353.52,    95.10
  597.17,   354.31,   219.93
  600.77,   355.41,   344.60
  724.06,   106.89,    92.38
  727.78,   107.44,   217.65
  731.13,   108.41,   342.91
  721.31,   231.57,    91.82
  724.81,   232.23,   216.90
  728.50,   233.53,   342.06
  718.72,   356.44,    91.31
  722.24,   357.06,   216.46
  725.95,   358.25,   340.98
  475.28,    99.69,   224.47
  474.51,   100.38,   349.59
  473.94,   101.31,   474.67
  472.91,   224.70,   223.23
  472.00,   225.16,   348.16
  471.35,   225.93,   473.20
  470.21,   349.08,   222.32
  469.56,   350.43,   347.15
  469.02,   351.61,   472.11
  600.19,   101.92,   225.01
  599.32,   102.86,   350.23
  598.84,   103.97,   475.33
  597.66,   226.82,   223.68
  596.96,   227.70,   348.89
  596.39,   228.77,   474.10
  595.20,   351.34,   222.90
  594.69,   352.78,   347.64
  594.18,   354.11,   472.59
  724.83,   103.96,   225.65
  724.08,   105.28,   350.92
  723.70,   106.75,   475.97
  722.37,   228.77,   224.43
  721.96,   230.40,   349.64
  721.47,   231.93,   474.85
  720.32,   353.59,   223.51
  719.93,   355.15,   348.09
  719.34,   356.64,   472.93
  476.67,   101.60,   347.99
  479.72,   104.59,   472.99
  482.97,   107.96,   597.90
  476.46,   226.38,   344.48
  479.44,   229.25,   469.47
  482.88,   232.66,   594.45
  476.31,   351.61,   341.39
  479.41,   354.93,   466.27
  482.76,   358.00,   591.31
  601.47,   101.71,   345.01
  604.61,   104.91,   470.05
  607.87,   108.30,   594.94
  601.40,   226.54,   341.58
  604.47,   229.73,   466.74
  607.74,   233.17,   591.72
  601.43,   351.56,   338.26
  604.56,   355.02,   463.11
  607.71,   358.23,   588.30
  726.22,   101.70,   342.07
  729.45,   105.29,   467.06
  732.74,   108.65,   591.86
  726.36,   226.81,   338.72
  729.55,   230.49,   463.85
  732.52,   233.74,   588.90
  726.64,   351.54,   335.13
  729.73,   355.16,   459.84
  732.48,   358.43,   585.05
  475.53,   101.20,   475.69
  473.74,   102.70,   600.65
  472.17,   104.44,   725.60
  475.96,   225.84,   474.02
  474.39,   227.40,   599.04
  472.92,   229.39,   723.99
  476.66,   351.54,   472.69
  474.99,   352.73,   597.79
  473.35,   353.92,   722.94
  600.45,   100.88,   477.75
  598.67,   102.38,   602.69
  597.13,   104.01,   727.57
  601.00,   225.70,   476.34
  599.28,   227.26,   601.33
  597.61,   228.77,   726.07
  601.83,   351.03,   474.59
  599.96,   352.34,   599.87
  598.14,   353.51,   725.27
  725.32,   100.60,   479.76
  723.56,   102.05,   604.59
  721.68,   103.35,   729.23
  726.09,   225.86,   478.52
  724.05,   227.17,   603.59
  722.09,   227.90,   728.41
  726.98,   350.59,   476.37
  724.71,   351.93,   601.72
  722.53,   352.99,   727.37
  475.87,    99.16,   601.38
  474.74,   100.85,   726.34
  473.12,   102.27,   851.37
  477.76,   223.81,   599.77
  476.74,   225.82,   724.71
  475.14,   227.59,   849.85
  479.61,   349.11,   598.52
  478.43,   350.33,   723.68
  476.72,   352.04,   848.70
  600.79,    97.57,   602.95
  599.71,    99.19,   727.87
  598.27,   100.43,   852.86
  602.64,   222.43,   601.62
  601.42,   223.94,   726.35
  600.09,   225.23,   851.22
  604.56,   347.50,   600.16
  603.19,   348.68,   725.56
  601.72,   350.04,   850.55
  725.68,    95.96,   604.36
  724.27,    97.33,   729.05
  723.08,    98.96,   853.79
  727.40,   221.10,   603.43
  725.90,   221.82,   728.23
  724.82,   222.88,   852.90
  729.29,   345.86,   601.58
  727.56,   346.89,   727.21
  726.37,   347.92,   852.45
  475.26,   225.03,   100.79
  476.53,   227.00,   225.34
  477.54,   228.36,   350.27
  477.54,   349.25,    98.77
  478.99,   351.37,   223.54
  480.28,   353.63,   348.35
  480.10,   473.77,    96.66
  481.52,   476.05,   221.66
  482.95,   478.82,   346.32
  599.90,   221.99,    99.27
  601.27,   223.94,   223.95
  602.49,   225.71,   349.15
  602.53,   346.42,    97.41
  603.99,   348.43,   222.26
  605.41,   350.76,   346.98
  605.26,   471.12,    95.39
  606.69,   473.35,   220.42
  608.23,   475.81,   344.81
  724.59,   218.73,    97.69
  725.95,   220.70,   222.84
  727.45,   223.22,   348.07
  727.73,   343.60,    95.85
  729.07,   345.49,   221.02
  730.62,   347.96,   345.61
  730.59,   468.70,    93.95
  732.02,   470.70,   219.06
  733.60,   472.59,   343.29
  475.98,   224.79,   225.19
  474.48,   225.85,   350.12
  473.25,   227.23,   475.16
  473.25,   349.18,   223.68
  472.02,   351.13,   348.51
  470.90,   352.91,   473.46
  470.57,   473.85,   222.10
  469.48,   476.34,   346.79
  468.37,   478.47,   471.67
  600.72,   226.95,   226.24
  599.44,   228.43,   351.43
  598.28,   230.12,   476.64
  598.24,   351.47,   224.84
  597.15,   353.52,   349.57
  596.05,   355.44,   474.51
  595.72,   476.39,   223.28
  594.74,   478.61,   347.70
  593.63,   480.66,   472.48
  725.43,   228.96,   227.57
  724.44,   231.20,   352.77
  723.37,   233.32,   477.96
  723.37,   353.77,   226.03
  722.39,   355.93,   350.59
  721.20,   358.00,   475.42
  721.07,   478.99,   224.33
  720.14,   480.62,   348.58
  718.91,   482.54,   473.26
  475.32,   224.61,   351.39
  476.73,   220.59,   476.39
  478.59,   217.16,   601.38
  475.62,   349.87,   355.15
  477.15,   346.23,   480.07
  478.94,   342.39,   605.13
  475.85,   475.13,   358.81
  477.40,   471.81,   483.68
  479.00,   467.78,   608.86
  600.29,   224.46,   350.08
  601.77,   220.77,   475.27
  603.48,   217.34,   600.23
  600.77,   349.53,   353.60
  602.31,   346.06,   478.53
  603.89,   342.36,   603.77
  601.15,   474.62,   357.09
  602.68,   471.24,   481.86
  604.08,   467.43,   607.31
  725.29,   224.48,   348.81
  726.86,   221.25,   474.00
  728.27,   217.58,   599.04
  726.02,   349.23,   352.03
  727.46,   345.95,   476.87
  728.63,   342.29,   602.19
  726.56,   473.87,   355.36
  727.93,   470.45,   480.03
  729.01,   467.04,   605.45
  474.45,   223.91,   474.64
  476.27,   223.95,   599.69
  478.17,   224.43,   724.64
  476.69,   349.60,   474.82
  478.42,   349.26,   599.93
  480.17,   348.95,   725.10
  478.77,   475.20,   474.92
  480.30,   474.72,   600.15
  481.84,   473.91,   725.52
  599.48,   222.20,   473.58
  601.14,   222.25,   598.59
  602.84,   222.23,   723.33
  601.84,   347.54,   473.34
  603.37,   347.33,   598.61
  604.91,   346.98,   724.02
  604.05,   472.75,   473.16
  605.40,   472.46,   598.61
  606.74,   471.90,   724.43
  724.54,   220.81,   472.37
  725.91,   220.63,   597.46
  727.31,   219.84,   722.27
  726.99,   345.56,   471.74
  728.11,   345.38,   597.08
  729.28,   344.89,   722.70
  729.29,   470.07,   471.39
  730.33,   470.16,   596.81
  731.43,   470.08,   722.73
  475.46,   222.85,   599.33
  477.58,   224.17,   724.28
  479.14,   225.24,   849.41
  471.85,   348.11,   598.80
  473.82,   348.64,   723.96
  475.26,   349.68,   848.99
  467.97,   473.54,   598.24
  469.73,   473.58,   723.57
  471.28,   474.36,   848.47
  600.30,   226.90,   598.00
  602.22,   227.71,   722.75
  604.03,   228.29,   847.62
  596.77,   351.94,   597.25
  598.54,   352.42,   722.66
  600.21,   353.09,   847.68
  593.02,   477.07,   596.50
  594.61,   477.32,   722.28
  596.32,   478.04,   847.26
  725.03,   231.01,   596.61
  726.64,   231.08,   721.49
  728.65,   231.36,   846.23
  721.50,   355.71,   595.44
  722.89,   356.10,   721.11
  724.79,   356.46,   846.42
  717.98,   480.47,   594.47
  719.31,   481.23,   720.39
  721.19,   482.06,   845.66
  475.50,   349.33,   101.89
  474.63,   352.11,   226.65
  473.59,   355.03,   351.46
  475.32,   473.87,    99.17
  474.42,   476.82,   224.14
  473.51,   480.24,   348.81
  475.57,   599.20,    96.27
  474.48,   602.18,   221.47
  473.32,   605.11,   345.95
  600.52,   349.26,   102.82
  599.66,   351.96,   227.65
  598.75,   354.95,   352.36
  600.49,   473.99,   100.19
  599.61,   476.90,   225.17
  598.81,   480.04,   349.56
  600.50,   599.42,    97.26
  599.50,   602.37,   222.24
  598.60,   605.10,   346.73
  725.75,   349.20,   103.58
  724.80,   351.81,   228.68
  724.02,   354.91,   353.22
  725.84,   474.37,   101.07
  724.98,   477.02,   226.06
  724.24,   479.59,   350.29
  725.48,   599.87,    98.17
  724.62,   602.64,   222.96
  724.07,   604.82,   347.59
  474.32,   348.85,   224.35
  475.43,   348.46,   349.18
  476.64,   347.88,   474.14
  474.22,   473.57,   225.11
  475.46,   473.73,   349.81
  476.70,   473.51,   474.71
  474.37,   598.95,   225.70
  475.38,   598.64,   350.21
  476.48,   598.32,   475.02
  599.34,   348.56,   223.21
  600.58,   348.26,   347.95
  601.81,   347.86,   472.91
  599.40,   473.52,   224.00
  600.76,   473.39,   348.42
  601.99,   473.09,   473.20
  599.40,   599.01,   224.34
  600.67,   598.48,   348.85
  601.93,   597.98,   473.73
  724.46,   348.27,   222.10
  725.82,   348.12,   346.70
  726.98,   347.89,   471.56
  724.77,   473.52,   222.76
  726.17,   472.82,   347.02
  727.26,   472.43,   471.69
  724.54,   599.16,   222.92
  726.14,   598.05,   347.56
  727.52,   597.29,   472.53
  474.50,   348.14,   350.18
  474.60,   351.49,   475.10
  474.96,   354.62,   600.18
  473.63,   473.35,   346.91
  473.75,   477.06,   471.76
  473.90,   480.06,   596.94
  472.66,   598.22,   343.43
  472.63,   601.78,   468.16
  472.77,   605.13,   593.54
  599.66,   348.85,   350.04
  599.78,   352.35,   474.96
  599.94,   355.59,   600.21
  598.93,   473.92,   346.62
  599.05,   477.54,   471.35
  599.03,   480.72,   596.76
  597.94,   598.97,   343.16
  598.06,   602.37,   467.97
  598.16,   605.80,   593.46
  724.91,   349.59,   349.87
  724.95,   353.24,   474.68
  724.70,   356.53,   599.99
  724.35,   474.25,   346.30
  724.34,   477.74,   470.93
  724.03,   481.30,   596.33
  723.40,   599.46,   342.95
  723.67,   602.59,   467.89
  723.60,   606.25,   593.24
  474.35,   349.13,   475.72
  471.97,   351.91,   600.77
  469.60,   354.69,   725.88
  472.93,   474.70,   472.70
  470.35,   477.36,   597.85
  467.78,   479.68,   723.13
  471.26,   599.45,   469.42
  468.66,   602.44,   594.78
  466.28,   605.21,   720.36
  599.49,   350.62,   478.31
  596.92,   353.51,   603.54
  594.38,   356.26,   728.90
  598.19,   475.82,   475.02
  595.44,   478.65,   600.43
  592.70,   481.19,   726.16
  596.65,   600.66,   471.95
  594.00,   603.74,   597.44
  591.37,   606.70,   723.11
  724.62,   352.16,   480.75
  721.64,   355.08,   606.07
  718.76,   357.73,   731.70
  723.44,   476.67,   477.31
  720.39,   479.87,   602.74
  717.43,   482.90,   728.62
  722.22,   601.51,   474.59
  719.39,   604.85,   599.95
  716.43,   608.33,   725.36
  475.68,   348.65,   599.89
  477.82,   345.67,   725.01
  479.42,   343.19,   850.01
  478.62,   474.04,   602.78
  480.54,   470.55,   728.11
  482.24,   467.85,   852.93
  481.48,   599.14,   605.55
  483.56,   596.04,   731.14
  485.51,   593.07,   855.87
  600.60,   345.71,   598.13
  602.54,   342.70,   723.47
  604.38,   339.82,   848.44
  603.68,   470.79,   600.81
  605.42,   467.54,   726.58
  607.32,   464.77,   851.50
  606.79,   595.85,   603.64
  608.58,   592.97,   729.33
  610.35,   590.13,   854.03
  725.32,   342.77,   596.16
  726.88,   339.58,   721.73
  728.95,   336.35,   846.96
  728.58,   467.49,   598.57
  730.06,   464.70,   724.46
  732.18,   461.94,   849.72
  732.10,   592.42,   601.56
  733.58,   590.11,   727.00
  735.14,   587.55,   851.97
  475.67,   473.76,   100.57
  473.70,   473.12,   225.55
  471.71,   472.96,   350.23
  475.42,   599.13,   101.28
  473.23,   598.49,   226.45
  471.01,   597.87,   350.95
  475.25,   725.08,   101.93
  473.00,   724.28,   227.21
  470.29,   722.57,   351.54
  600.83,   474.36,   102.69
  598.87,   473.68,   227.65
  596.99,   473.24,   352.07
  600.32,   599.84,   103.35
  598.25,   599.16,   228.31
  596.28,   598.31,   352.81
  599.86,   725.69,   103.88
  597.72,   724.80,   228.77
  595.37,   723.31,   353.60
  726.16,   475.22,   104.66
  724.23,   474.26,   229.62
  722.40,   473.26,   353.87
  725.29,   600.78,   105.32
  723.39,   599.88,   230.11
  721.76,   598.46,   354.75
  724.48,   726.11,   105.67
  722.23,   725.31,   230.36
  720.63,   724.08,   355.74
  474.02,   472.73,   226.87
  476.11,   470.44,   351.52
  478.19,   467.76,   476.38
  476.05,   598.05,   229.86
  477.91,   595.32,   354.32
  479.88,   592.57,   479.12
  478.31,   723.76,   232.70
  479.67,   719.95,   357.00
  481.44,   716.71,   481.77
  599.18,   470.82,   224.87
  601.38,   468.25,   349.25
  603.45,   465.51,   473.99
  601.07,   596.25,   227.62
  603.20,   593.29,   352.08
  605.30,   590.36,   476.92
  603.01,   721.84,   230.15
  604.78,   718.27,   354.97
  606.94,   715.05,   480.13
  724.52,   468.97,   222.76
  726.75,   465.85,   346.97
  728.68,   463.04,   471.59
  726.20,   594.54,   225.34
  728.66,   590.98,   349.91
  730.83,   587.80,   474.80
  727.54,   719.93,   227.66
  730.05,   716.58,   352.99
  732.68,   713.23,   478.48
  475.82,   477.10,   349.51
  472.59,   477.32,   474.38
  469.40,   476.84,   599.56
  475.06,   602.01,   349.46
  471.69,   602.10,   474.23
  468.50,   601.98,   599.64
  474.29,   726.73,   349.29
  470.69,   726.26,   473.98
  467.76,   726.57,   599.68
  601.08,   477.44,   352.56
  597.84,   477.59,   477.34
  594.48,   477.28,   602.79
  600.31,   602.52,   352.55
  597.09,   602.47,   477.41
  593.83,   602.43,   602.95
  599.33,   727.54,   352.58
  596.12,   727.14,   477.72
  593.31,   727.29,   603.26
  726.46,   477.52,   355.58
  723.07,   477.58,   480.28
  719.41,   477.66,   605.74
  725.76,   602.74,   355.72
  722.65,   602.47,   480.70
  719.19,   602.70,   606.08
  724.56,   728.39,   355.96
  721.85,   727.96,   481.49
  718.92,   727.84,   606.65
  474.08,   475.12,   476.53
  471.17,   474.08,   601.72
  468.27,   472.74,   727.01
  473.02,   599.91,   476.93
  470.11,   599.23,   602.35
  467.38,   598.30,   727.93
  471.86,   724.07,   477.22
  469.21,   723.85,   602.94
  466.96,   723.87,   728.76
  599.33,   475.53,   479.23
  596.24,   474.68,   604.69
  593.18,   473.55,   730.44
  598.43,   600.41,   479.84
  595.43,   599.83,   605.39
  592.44,   599.08,   731.07
  597.31,   725.09,   480.69
  594.77,   724.71,   606.24
  592.15,   724.68,   731.63
  724.56,   475.68,   481.90
  721.17,   475.22,   607.38
  717.87,   474.57,   733.30
  723.99,   600.55,   482.85
  720.78,   600.26,   608.24
  717.46,   600.06,   733.70
  723.05,   726.03,   484.19
  720.37,   725.40,   609.35
  717.19,   725.26,   734.12
  473.35,   473.87,   601.68
  470.50,   476.16,   726.95
  467.44,   479.22,   851.75
  475.07,   598.99,   598.74
  472.39,   601.69,   724.31
  469.67,   604.49,   849.12
  476.93,   723.52,   595.75
  474.72,   727.17,   721.56
  472.34,   730.06,   846.44
  598.42,   471.77,   604.62
  595.40,   474.27,   730.35
  592.52,   477.30,   855.15
  600.39,   596.87,   601.74
  597.44,   599.77,   727.41
  594.48,   602.67,   852.08
  602.49,   721.70,   599.04
  599.93,   725.26,   724.40
  596.95,   728.24,   848.85
  723.31,   469.64,   607.29
  720.08,   472.60,   733.18
  717.50,   475.66,   858.24
  725.71,   594.60,   604.56
  722.46,   598.04,   730.01
  719.23,   601.21,   854.86
  728.09,   719.69,   602.14
  724.97,   723.15,   726.89
  721.16,   726.37,   851.29
  474.01,   598.37,   102.17
  473.86,   597.68,   227.35
  473.68,   597.01,   351.86
  475.48,   724.32,   102.88
  475.26,   723.46,   228.17
  474.58,   721.71,   352.52
  476.58,   849.79,   104.05
  476.58,   848.62,   229.04
  475.69,   846.53,   353.27
  598.94,   597.44,   102.18
  598.89,   596.72,   227.17
  598.98,   595.82,   351.68
  600.10,   723.29,   102.78
  599.99,   722.36,   227.68
  599.69,   720.84,   352.53
  601.42,   848.47,   103.75
  601.30,   847.43,   228.45
  600.60,   845.76,   353.39
  723.92,   596.75,   102.12
  724.06,   595.82,   226.94
  724.47,   594.35,   351.57
  724.75,   722.10,   102.56
  724.52,   721.26,   227.24
  724.97,   719.98,   352.62
  726.15,   846.55,   103.36
  725.62,   845.91,   227.92
  725.41,   845.18,   353.52
  476.83,   600.57,   223.89
  475.70,   601.32,   348.39
  474.67,   602.05,   473.19
  476.41,   726.39,   223.25
  474.79,   726.06,   347.61
  473.51,   726.21,   472.33
  475.90,   851.54,   222.69
  474.09,   850.91,   346.93
  472.71,   850.88,   471.74
  601.85,   601.46,   224.63
  600.99,   601.99,   349.15
  600.11,   602.57,   474.04
  601.11,   727.12,   223.68
  599.87,   727.03,   348.55
  598.98,   727.26,   473.73
  600.62,   852.17,   223.03
  598.98,   851.95,   347.94
  597.88,   852.07,   473.25
  726.98,   602.43,   225.32
  726.47,   602.40,   349.99
  725.71,   602.72,   474.99
  725.61,   727.84,   224.16
  725.09,   728.04,   349.56
  724.73,   728.24,   475.15
  724.96,   852.43,   223.43
  723.73,   853.17,   348.97
  722.93,   853.77,   474.71
  474.78,   600.72,   351.15
  474.08,   598.88,   475.96
  473.55,   596.79,   601.40
  472.59,   725.39,   352.93
  471.67,   723.01,   477.68
  471.42,   721.38,   603.42
  470.61,   850.17,   354.82
  469.59,   847.62,   479.67
  469.45,   846.11,   605.43
  600.05,   602.63,   351.62
  599.50,   600.62,   476.50
  598.90,   598.61,   602.06
  597.67,   727.61,   353.61
  597.13,   725.27,   478.78
  596.98,   723.47,   604.35
  595.51,   852.47,   355.59
  594.78,   850.02,   480.91
  594.84,   848.19,   606.48
  725.52,   604.27,   352.18
  725.09,   602.00,   477.17
  724.28,   600.27,   602.55
  722.90,   729.87,   354.36
  722.87,   727.48,   479.92
  722.61,   725.40,   605.11
  720.27,   854.97,   356.37
  719.85,   852.95,   482.09
  720.23,   850.58,   607.31
  476.27,   601.29,   474.59
  476.81,   601.90,   600.05
  477.54,   602.26,   725.70
  478.02,   725.44,   473.64
  478.83,   726.48,   599.38
  480.02,   727.81,   725.24
  480.09,   850.10,   472.97
  480.98,   851.21,   598.71
  482.34,   852.90,   724.46
  601.71,   598.90,   474.05
  602.17,   599.59,   599.61
  602.62,   600.15,   725.34
  603.50,   723.59,   473.66
  604.42,   724.45,   599.22
  605.24,   725.67,   724.63
  605.27,   848.41,   473.12
  606.38,   849.19,   598.68
  607.69,   850.44,   723.96
  727.29,   596.14,   473.60
  727.54,   597.10,   599.00
  727.67,   598.22,   724.49
  729.25,   721.63,   473.67
  730.03,   722.24,   598.90
  730.31,   723.33,   723.69
  730.36,   847.21,   473.21
  731.73,   847.52,   598.44
  732.88,   847.78,   723.19
  473.85,   600.33,   598.20
  473.19,   596.86,   723.78
  472.43,   593.49,   848.61
  473.52,   724.89,   601.34
  473.32,   722.39,   727.16
  472.89,   719.03,   852.00
  473.36,   849.63,   604.49
  473.34,   847.53,   730.21
  472.95,   844.36,   855.04
  599.22,   600.34,   599.14
  598.28,   597.07,   724.83
  597.33,   593.81,   849.58
  599.11,   725.18,   602.56
  598.55,   722.60,   727.94
  597.53,   719.36,   852.40
  598.77,   849.91,   605.82
  598.69,   847.43,   731.06
  597.77,   844.29,   855.34
  724.62,   600.17,   599.92
  723.36,   597.47,   725.37
  722.15,   594.50,   850.31
  724.75,   725.30,   603.61
  723.64,   722.61,   728.36
  721.81,   719.67,   852.82
  724.17,   850.49,   606.94
  723.88,   847.04,   731.66
  722.06,   844.06,   855.66
  600.31,   102.18,   100.56
  603.22,    98.82,   225.75
  605.59,    95.28,   350.90
  597.27,   227.15,   104.37
  599.95,   223.68,   229.02
  602.46,   220.03,   354.18
  593.98,   351.50,   108.06
  596.75,   348.17,   232.82
  599.46,   345.06,   357.51
  724.97,   105.29,    97.98
  727.82,   101.70,   223.26
  730.31,    98.45,   348.44
  721.95,   229.87,   101.57
  724.61,   226.46,   226.65
  727.41,   223.57,   351.83
  719.14,   354.67,   105.31
  721.82,   351.23,   230.32
  724.65,   348.28,   354.85
  849.80,   108.53,    95.64
  852.34,   104.83,   220.82
  855.46,   101.60,   345.86
  847.03,   233.14,    99.07
  849.33,   229.66,   224.40
  852.53,   226.91,   349.21
  844.33,   358.16,   102.53
  846.75,   354.60,   227.78
  849.54,   351.54,   352.31
  599.74,    99.88,   225.62
  600.44,    96.34,   350.80
  601.55,    92.98,   475.82
  602.98,   224.71,   228.79
  603.84,   221.09,   353.98
  604.83,   217.68,   479.18
  606.33,   349.19,   232.49
  607.39,   346.12,   357.19
  608.43,   342.91,   482.14
  724.39,    96.19,   224.64
  725.19,    92.93,   349.80
  726.35,    89.81,   474.70
  727.65,   220.93,   227.92
  728.78,   218.07,   353.13
  729.87,   215.10,   478.33
  731.41,   345.70,   231.47
  732.58,   342.79,   356.04
  733.52,   339.77,   480.92
  849.02,    92.83,   223.67
  850.35,    89.47,   348.71
  851.67,    86.37,   473.55
  852.35,   217.56,   227.15
  853.94,   214.83,   352.00
  855.06,   211.85,   476.97
  856.32,   342.54,   230.42
  857.46,   339.50,   355.00
  858.25,   336.44,   479.80
  601.00,    99.90,   352.02
  601.18,    98.34,   477.10
  601.41,    96.91,   602.05
  604.03,   224.71,   353.41
  604.10,   223.11,   478.64
  604.40,   221.75,   603.64
  607.19,   349.78,   354.83
  607.31,   348.40,   479.81
  607.47,   346.78,   605.11
  725.76,    96.87,   352.02
  726.01,    95.60,   477.00
  726.29,    94.12,   601.82
  729.00,   222.04,   353.53
  729.16,   220.89,   478.75
  729.15,   219.25,   603.83
  732.41,   346.79,   354.64
  732.43,   345.58,   479.54
  732.16,   343.98,   604.91
  850.95,    93.78,   351.90
  851.36,    92.55,   476.80
  851.32,    91.13,   601.52
  854.17,   219.16,   353.37
  854.34,   217.99,   478.38
  853.93,   216.35,   603.55
  857.29,   343.86,   354.58
  857.16,   342.61,   479.40
  856.72,   341.11,   604.62
  599.18,    99.53,   473.93
  596.45,   102.15,   598.84
  593.95,   104.92,   723.67
  599.28,   224.31,   471.37
  596.61,   227.00,   596.33
  594.00,   229.67,   721.04
  599.65,   349.63,   468.49
  596.85,   352.09,   593.71
  594.08,   354.40,   719.07
  724.02,    99.71,   476.88
  721.32,   102.31,   601.69
  718.50,   104.74,   726.30
  724.35,   224.96,   474.50
  721.38,   227.42,   599.53
  718.47,   229.31,   724.32
  724.81,   349.68,   471.22
  721.60,   352.17,   596.51
  718.47,   354.37,   722.12
  849.38,    99.61,   479.69
  846.32,   102.23,   604.41
  842.91,   104.62,   728.96
  849.51,   225.01,   477.16
  846.14,   227.43,   602.30
  842.90,   229.43,   727.39
  849.57,   349.60,   474.08
  846.16,   352.18,   599.23
  842.93,   354.43,   724.69
  598.22,    99.66,   598.63
  600.66,   103.01,   723.48
  602.81,   105.99,   848.39
  595.16,   224.44,   595.59
  597.47,   227.70,   720.31
  599.67,   230.72,   845.15
  592.17,   349.48,   592.43
  594.34,   352.39,   717.78
  596.39,   355.46,   842.81
  723.08,   102.94,   596.49
  725.16,   105.92,   721.09
  727.53,   109.19,   845.67
  719.91,   227.99,   593.78
  721.91,   230.49,   718.60
  724.29,   233.17,   843.32
  716.93,   352.69,   590.19
  718.71,   355.49,   715.79
  720.97,   358.27,   841.10
  848.08,   105.99,   594.23
  849.58,   108.94,   718.81
  851.81,   112.61,   843.32
  844.69,   231.14,   591.50
  846.34,   233.76,   716.62
  848.49,   236.51,   841.62
  841.50,   355.81,   587.87
  843.16,   358.69,   713.31
  845.47,   361.38,   838.82
  598.33,   224.52,    99.03
  600.49,   221.35,   223.66
  602.48,   217.97,   348.84
  596.52,   348.93,   102.37
  598.77,   345.85,   227.15
  600.96,   343.02,   351.86
  594.78,   473.61,   105.59
  597.03,   470.75,   230.48
  599.34,   468.11,   354.87
  723.05,   225.78,    96.67
  725.18,   222.60,   221.77
  727.45,   219.99,   346.97
  721.73,   350.61,   100.06
  723.87,   347.41,   225.14
  726.18,   344.75,   349.70
  720.10,   475.73,   103.40
  722.37,   472.59,   228.34
  724.72,   469.39,   352.54
  848.18,   227.55,    94.64
  849.91,   224.29,   220.00
  852.60,   221.82,   344.85
  846.97,   352.61,    97.76
  848.83,   349.29,   223.07
  851.11,   346.52,   347.64
  845.22,   477.78,   101.03
  847.30,   474.47,   226.03
  849.56,   471.13,   350.49
  600.67,   226.52,   224.79
  599.51,   224.62,   349.99
  598.47,   222.90,   475.21
  597.30,   351.03,   226.77
  596.32,   349.68,   351.50
  595.34,   348.20,   476.47
  593.89,   475.94,   228.57
  593.03,   474.78,   353.00
  592.04,   473.43,   477.81
  725.36,   229.38,   226.07
  724.48,   228.24,   351.28
  723.53,   226.98,   476.50
  722.40,   354.19,   227.91
  721.54,   352.97,   352.48
  720.47,   351.67,   477.35
  719.22,   479.38,   229.57
  718.41,   477.64,   353.82
  717.28,   476.20,   478.53
  850.12,   232.70,   227.46
  849.62,   231.70,   352.32
  848.67,   230.46,   477.32
  847.36,   357.66,   228.99
  846.46,   356.32,   353.56
  845.23,   355.01,   478.35
  844.16,   482.85,   230.43
  843.28,   480.92,   354.91
  841.98,   479.49,   479.70
  598.97,   225.09,   348.37
  598.21,   226.97,   473.59
  597.69,   229.11,   598.59
  597.98,   350.17,   346.32
  597.28,   352.31,   471.26
  596.62,   354.19,   596.53
  596.88,   475.28,   344.27
  596.17,   477.54,   469.03
  595.34,   479.36,   594.45
  723.98,   226.54,   349.33
  723.31,   228.87,   474.54
  722.48,   230.77,   599.62
  723.23,   351.30,   346.98
  722.46,   353.59,   471.81
  721.40,   355.52,   597.15
  722.30,   476.00,   344.78
  721.47,   478.13,   469.43
  720.35,   480.31,   594.85
  849.15,   227.83,   350.05
  848.49,   230.19,   475.03
  847.26,   232.04,   600.21
  848.19,   352.49,   347.74
  847.26,   354.77,   472.50
  845.98,   356.79,   597.69
  847.19,   477.15,   345.53
  846.19,   479.28,   470.29
  844.99,   481.70,   595.43
  600.77,   224.39,   476.12
  603.42,   228.12,   601.07
  606.11,   231.74,   725.78
  601.02,   349.69,   472.22
  603.54,   353.16,   597.43
  606.06,   356.47,   722.81
  601.12,   474.87,   468.39
  603.47,   478.27,   593.75
  605.79,   481.41,   719.51
  725.84,   225.03,   473.91
  728.19,   228.51,   598.94
  730.56,   231.39,   723.75
  726.18,   349.71,   469.61
  728.30,   353.23,   594.86
  730.44,   356.44,   720.46
  726.39,   474.20,   465.63
  728.44,   477.97,   590.96
  730.53,   481.61,   716.79
  851.03,   225.05,   471.23
  852.98,   228.49,   596.33
  855.01,   231.60,   721.43
  850.97,   349.61,   467.15
  852.88,   353.22,   592.26
  854.96,   356.55,   717.64
  851.07,   474.11,   463.36
  853.04,   478.10,   588.42
  855.32,   481.96,   713.68
  601.99,   223.14,   600.89
  603.88,   225.39,   725.62
  605.67,   227.41,   850.48
  601.67,   348.21,   598.66
  603.41,   350.14,   724.05
  605.06,   352.24,   849.06
  601.16,   473.35,   596.39
  602.70,   475.08,   722.18
  604.40,   477.25,   847.16
  726.77,   224.02,   599.56
  728.36,   225.50,   724.38
  730.36,   227.26,   849.08
  726.44,   348.77,   596.91
  727.80,   350.57,   722.53
  729.69,   352.36,   847.82
  726.13,   473.54,   594.40
  727.43,   475.76,   720.29
  729.30,   478.03,   845.58
  851.58,   224.48,   597.75
  852.82,   226.18,   722.87
  854.58,   228.04,   847.84
  851.03,   349.24,   595.09
  852.31,   351.15,   720.54
  854.24,   352.83,   846.02
  850.75,   474.15,   592.63
  852.21,   476.58,   717.97
  854.17,   478.67,   843.34
  600.43,   350.52,   101.23
  601.96,   348.12,   226.06
  603.43,   345.99,   350.78
  597.14,   475.20,   103.77
  598.65,   473.02,   228.70
  600.25,   471.06,   353.11
  593.90,   600.63,   105.99
  595.28,   598.43,   230.93
  596.79,   596.08,   355.41
  725.63,   353.74,    99.66
  727.05,   351.22,   224.78
  728.64,   349.23,   349.35
  722.43,   478.86,   102.32
  723.98,   476.40,   227.29
  725.61,   473.87,   351.52
  718.81,   604.35,   104.54
  720.38,   601.95,   229.32
  722.22,   599.02,   353.95
  850.85,   357.28,    98.11
  851.99,   354.65,   223.44
  853.53,   352.52,   348.02
  847.51,   482.44,   100.70
  848.88,   479.83,   225.72
  850.43,   477.15,   350.21
  844.00,   608.00,   103.07
  845.41,   605.43,   227.91
  847.24,   602.41,   352.81
  598.40,   350.72,   226.77
  595.73,   348.54,   351.47
  593.05,   346.22,   476.40
  598.20,   475.67,   229.43
  595.64,   473.67,   353.82
  592.95,   471.48,   478.60
  597.92,   601.14,   231.66
  595.27,   598.71,   356.14
  592.60,   596.36,   481.00
  723.52,   350.66,   229.56
  720.96,   348.62,   354.11
  718.20,   346.48,   478.97
  723.55,   475.86,   232.08
  721.03,   473.30,   356.29
  718.20,   471.05,   480.98
  723.05,   601.45,   234.13
  720.75,   598.46,   358.75
  718.17,   595.88,   483.70
  848.48,   350.91,   232.30
  845.91,   348.76,   356.85
  842.99,   346.62,   481.63
  848.48,   476.09,   234.58
  845.90,   473.37,   359.04
  842.89,   471.13,   483.80
  848.14,   601.72,   236.82
  845.81,   598.63,   361.68
  843.09,   596.00,   486.65
  600.95,   350.81,   350.43
  597.52,   354.09,   475.30
  594.15,   357.10,   600.51
  604.35,   475.84,   347.31
  600.91,   479.24,   472.01
  597.34,   482.21,   597.39
  607.48,   600.85,   344.17
  604.06,   604.02,   468.96
  600.60,   607.24,   594.41
  726.11,   347.56,   353.90
  722.60,   350.97,   478.69
  718.82,   354.01,   603.98
  729.67,   472.14,   350.63
  726.10,   475.44,   475.24
  722.24,   478.76,   600.63
  732.87,   597.28,   347.61
  729.57,   600.22,   472.52
  725.92,   603.69,   597.83
  850.97,   344.37,   357.48
  847.30,   347.77,   482.21
  843.31,   350.88,   607.36
  854.41,   468.94,   354.22
  850.67,   472.24,   478.94
  846.77,   475.77,   604.01
  857.78,   594.20,   351.38
  854.32,   597.10,   476.33
  850.66,   600.72,   601.33
  599.51,   351.88,   474.45
  600.11,   353.60,   599.73
  600.73,   355.17,   725.16
  596.35,   477.08,   472.40
  596.79,   478.72,   597.84
  597.22,   480.08,   723.63
  592.94,   601.91,   470.55
  593.48,   603.80,   596.09
  594.02,   605.57,   721.81
  724.65,   355.18,   473.70
  724.84,   356.95,   599.04
  725.09,   358.43,   724.73
  721.61,   479.69,   471.50
  721.75,   481.72,   596.94
  721.94,   483.59,   722.85
  718.51,   604.55,   470.01
  718.88,   606.67,   595.40
  719.10,   608.99,   720.85
  849.40,   358.37,   473.09
  849.39,   360.25,   598.28
  849.58,   361.83,   723.77
  846.31,   482.87,   471.08
  846.37,   485.14,   596.22
  846.71,   487.27,   721.60
  843.47,   607.76,   469.71
  843.76,   610.06,   594.80
  843.95,   612.58,   719.75
  600.02,   351.13,   602.12
  603.32,   347.92,   727.45
  606.54,   344.87,   852.37
  601.82,   476.23,   605.00
  604.94,   472.80,   730.73
  608.23,   469.87,   855.56
  603.69,   601.33,   608.02
  606.88,   598.27,   733.64
  610.02,   595.25,   858.25
  724.73,   349.46,   598.76
  727.66,   346.11,   724.34
  731.12,   342.70,   849.54
  726.74,   474.22,   601.39
  729.60,   471.27,   727.24
  733.12,   468.35,   852.42
  729.02,   599.19,   604.58
  731.87,   596.71,   729.96
  734.78,   593.95,   854.85
  849.28,   347.71,   595.34
  852.12,   344.45,   720.76
  855.59,   340.94,   846.18
  851.31,   472.61,   597.98
  854.34,   469.84,   723.29
  857.91,   466.69,   848.61
  853.78,   597.61,   601.26
  856.70,   595.25,   726.16
  859.61,   592.27,   851.19
  598.50,   476.30,    99.64
  596.48,   474.20,   224.61
  594.55,   472.36,   349.02
  596.44,   601.74,   101.69
  594.30,   599.65,   226.66
  592.27,   597.41,   351.14
  594.43,   727.58,   103.61
  592.22,   725.27,   228.51
  589.79,   722.36,   353.30
  723.82,   478.71,   101.70
  721.83,   476.35,   226.68
  719.94,   473.94,   350.91
  721.37,   604.23,   103.75
  719.41,   601.93,   228.53
  717.72,   599.11,   353.15
  719.01,   729.53,   105.50
  716.71,   727.31,   230.16
  715.02,   724.68,   355.52
  848.90,   481.04,   103.59
  846.77,   478.51,   228.59
  844.81,   475.93,   353.06
  846.57,   606.63,   105.78
  844.48,   604.15,   230.62
  842.80,   601.20,   355.49
  844.23,   731.56,   107.42
  841.52,   729.43,   232.51
  840.19,   726.84,   358.03
  599.61,   475.94,   224.23
  599.71,   473.80,   348.64
  599.68,   471.50,   473.41
  599.34,   601.42,   226.58
  599.35,   598.87,   351.08
  599.35,   596.37,   475.94
  599.15,   727.03,   228.72
  598.78,   723.86,   353.56
  598.80,   721.03,   478.72
  724.98,   476.22,   224.25
  725.13,   473.50,   348.48
  724.96,   471.10,   473.15
  724.48,   601.82,   226.41
  724.84,   598.69,   351.04
  724.94,   595.94,   476.00
  723.67,   727.20,   228.34
  724.05,   724.30,   353.73
  724.57,   721.40,   479.26
  849.94,   476.51,   224.09
  850.00,   473.66,   348.59
  849.66,   471.27,   473.36
  849.58,   602.15,   226.43
  849.89,   598.96,   351.32
  849.83,   596.17,   476.33
  848.56,   727.42,   228.65
  849.22,   724.55,   354.18
  849.80,   721.52,   479.53
  601.51,   475.35,   351.28
  598.54,   476.47,   476.06
  595.45,   477.13,   601.50
  603.77,   600.41,   350.38
  600.83,   601.31,   475.24
  597.83,   602.24,   600.77
  605.82,   725.44,   349.52
  602.89,   725.99,   474.68
  600.35,   727.08,   600.21
  726.87,   472.45,   354.06
  723.75,   473.47,   478.74
  720.37,   474.50,   604.20
  729.21,   597.62,   353.29
  726.37,   598.30,   478.25
  723.17,   599.50,   603.63
  731.04,   723.26,   352.64
  728.62,   723.78,   478.17
  725.94,   724.62,   603.34
  851.65,   470.02,   357.11
  848.37,   471.05,   481.89
  844.93,   472.30,   607.02
  854.18,   595.30,   356.52
  851.17,   595.95,   481.52
  847.95,   597.33,   606.56
  856.16,   720.87,   356.06
  853.76,   721.27,   481.37
  850.71,   722.25,   606.27
  601.51,   476.93,   476.39
  603.15,   475.20,   601.85
  604.79,   473.21,   727.65
  600.66,   601.80,   477.93
  602.41,   600.33,   603.48
  604.12,   598.72,   729.18
  599.59,   726.49,   479.71
  601.81,   725.22,   605.27
  603.90,   724.28,   730.64
  726.78,   477.05,   474.35
  728.11,   475.72,   599.78
  729.50,   474.22,   725.68
  726.25,   601.92,   476.22
  727.79,   600.72,   601.59
  729.18,   599.68,   727.03
  725.33,   727.43,   478.47
  727.42,   725.87,   603.66
  728.96,   724.81,   728.40
  851.46,   477.76,   472.80
  852.72,   476.66,   597.92
  854.29,   475.35,   723.26
  851.13,   602.70,   474.77
  852.61,   601.67,   599.82
  854.05,   600.77,   724.76
  850.54,   728.09,   476.94
  852.23,   726.62,   601.87
  853.38,   725.47,   726.23
  600.80,   474.15,   598.43
  600.69,   471.21,   724.21
  600.73,   468.74,   849.17
  603.07,   599.23,   600.99
  603.03,   596.67,   726.69
  602.96,   594.13,   851.44
  605.50,   724.08,   603.72
  605.81,   722.20,   729.08
  605.64,   719.66,   853.52
  725.75,   471.62,   598.07
  725.39,   469.16,   723.98
  725.65,   466.73,   849.25
  728.43,   596.58,   600.80
  728.07,   594.59,   726.26
  727.76,   592.33,   851.24
  731.10,   721.70,   603.79
  730.85,   719.72,   728.55
  729.89,   717.49,   853.04
  850.34,   469.52,   597.90
  850.13,   467.23,   723.29
  850.48,   464.61,   848.70
  853.22,   594.52,   600.72
  852.92,   592.66,   725.69
  852.61,   590.23,   850.79
  855.87,   719.43,   603.68
  855.27,   717.38,   728.07
  854.43,   715.24,   853.14
  599.52,   601.91,   101.42
  600.14,   598.37,   226.36
  600.89,   594.68,   350.83
  596.88,   727.70,   104.83
  597.42,   723.93,   229.69
  597.78,   719.61,   354.48
  594.43,   852.81,   108.63
  594.91,   848.91,   233.29
  594.86,   844.42,   358.14
  724.45,   605.06,   100.76
  725.25,   601.35,   225.54
  726.34,   597.05,   350.15
  721.48,   730.30,   104.01
  721.91,   726.67,   228.65
  723.02,   722.60,   353.99
  719.12,   854.66,   107.65
  719.26,   851.23,   232.18
  719.65,   847.69,   357.72
  849.67,   608.13,   100.10
  850.31,   604.24,   224.91
  851.35,   599.91,   349.79
  846.75,   733.01,   103.23
  846.75,   729.44,   228.29
  848.14,   725.43,   353.80
  844.09,   856.84,   106.73
  843.82,   853.67,   231.84
  844.68,   850.48,   357.39
  599.12,   600.60,   223.64
  595.61,   603.05,   348.09
  592.09,   605.54,   472.90
  599.30,   726.25,   220.80
  595.42,   728.06,   345.59
  591.86,   730.16,   470.66
  599.73,   851.31,   218.26
  595.47,   852.97,   343.08
  591.69,   854.95,   468.27
  724.21,   600.72,   226.96
  721.05,   602.61,   351.54
  717.66,   604.87,   476.49
  723.75,   726.12,   223.91
  720.59,   728.22,   349.22
  717.56,   730.34,   474.74
  724.00,   850.71,   221.27
  720.16,   853.32,   346.73
  716.70,   855.79,   472.38
  849.28,   600.75,   230.47
  846.10,   602.55,   355.31
  842.60,   604.74,   480.29
  848.61,   726.05,   227.71
  845.73,   728.20,   353.17
  842.83,   730.19,   478.52
  848.50,   850.33,   225.10
  845.16,   853.25,   350.58
  841.81,   856.00,   476.16
  601.02,   600.87,   351.53
  600.01,   597.94,   476.39
  598.94,   595.01,   601.91
  603.22,   725.83,   354.47
  602.26,   722.58,   479.64
  601.65,   719.85,   605.17
  605.62,   850.68,   357.42
  604.49,   847.34,   482.77
  604.12,   844.56,   608.28
  726.48,   597.88,   352.44
  725.57,   594.71,   477.38
  724.28,   592.07,   602.74
  728.49,   723.46,   355.59
  728.01,   720.13,   481.10
  727.24,   717.16,   606.26
  730.39,   848.62,   358.59
  729.60,   845.67,   484.32
  729.51,   842.33,   609.46
  851.50,   595.34,   353.65
  850.40,   592.14,   478.63
  849.08,   589.69,   603.67
  853.64,   720.88,   356.99
  853.17,   717.43,   482.29
  852.03,   714.59,   607.17
  855.53,   845.91,   359.90
  854.83,   843.10,   485.45
  854.17,   839.70,   610.44
  601.95,   600.20,   475.54
  604.23,   598.40,   601.07
  606.47,   596.47,   726.76
  598.46,   724.84,   477.68
  601.21,   723.25,   603.23
  603.84,   721.98,   728.59
  595.00,   849.58,   479.66
  597.94,   847.95,   605.22
  601.06,   846.79,   730.46
  727.49,   602.73,   473.34
  729.57,   601.20,   598.69
  731.50,   599.86,   724.11
  724.14,   728.21,   475.95
  726.78,   726.32,   601.13
  728.88,   724.94,   725.87
  720.01,   853.66,   477.95
  723.25,   851.52,   603.18
  726.20,   849.35,   727.93
  852.32,   605.94,   471.41
  854.35,   604.58,   596.44
  856.32,   603.36,   721.35
  849.31,   731.30,   473.93
  851.56,   729.48,   598.86
  853.26,   728.00,   723.20
  845.07,   857.06,   475.90
  847.91,   854.74,   601.01
  850.58,   852.04,   725.52
  598.97,   599.10,   599.16
  598.15,   598.77,   724.90
  597.31,   598.45,   849.68
  602.55,   723.92,   599.67
  602.11,   724.27,   725.09
  601.21,   724.02,   849.59
  605.88,   848.64,   600.03
  605.91,   849.03,   725.31
  605.12,   848.90,   849.67
  724.30,   595.26,   599.80
  723.17,   595.48,   725.32
  722.07,   595.46,   850.30
  728.14,   720.37,   600.59
  727.14,   720.61,   725.40
  725.43,   720.63,   849.90
  731.23,   845.61,   601.04
  731.06,   845.03,   725.78
  729.38,   844.97,   849.90
  849.08,   592.00,   600.54
  847.99,   592.39,   725.56
  846.87,   592.22,   850.69
  852.92,   716.92,   601.32
  851.55,   717.10,   725.74
  849.89,   717.19,   850.77
  855.90,   842.10,   601.85
  855.32,   841.17,   726.35
  853.74,   841.78,   851.11
