27, 125, pa2-debug-e-output1.txt
  196.63,   201.78,   205.88
  407.78,   404.12,   209.43
  100.37,   100.23,   100.95
   97.98,   101.77,   226.24
   93.81,   104.22,   350.22
  102.36,   224.95,   100.08
  100.20,   226.50,   225.27
   97.27,   230.02,   348.89
  105.66,   350.33,    98.32
  102.45,   350.85,   223.83
   99.16,   352.45,   347.80
  225.27,    97.69,   102.77
  222.80,    99.53,   228.28
  219.08,   102.39,   353.59
  227.97,   222.71,   102.02
  225.29,   224.33,   227.57
  221.51,   227.14,   351.55
  230.76,   348.25,   101.22
  227.60,   349.17,   226.33
  223.94,   350.17,   350.10
  349.76,    95.87,   104.94
  347.05,    97.34,   230.14
  344.10,    98.38,   355.51
  352.51,   220.92,   103.62
  349.46,   222.28,   228.73
  346.30,   223.19,   353.41
  354.63,   346.08,   103.49
  351.89,   347.56,   228.71
  349.24,   348.65,   352.62
  101.16,    99.48,   224.42
  100.29,    99.80,   348.55
  100.49,    99.41,   472.89
   98.88,   224.27,   225.57
   99.31,   225.67,   349.25
   99.78,   225.72,   473.58
   96.65,   348.63,   226.28
   96.80,   348.16,   350.27
   97.34,   347.52,   474.72
  225.97,   101.64,   223.06
  225.63,   102.24,   348.39
  226.30,   102.14,   473.47
  224.05,   226.46,   224.55
  223.60,   227.07,   348.55
  224.09,   226.66,   472.75
  221.92,   351.30,   225.44
  221.59,   350.15,   349.24
  221.87,   349.03,   473.27
  350.28,   103.88,   221.44
  350.63,   102.67,   346.84
  351.79,   101.48,   472.20
  348.25,   228.88,   222.39
  348.45,   227.59,   347.02
  349.37,   226.12,   472.14
  346.25,   354.14,   224.53
  346.93,   353.06,   348.44
  347.81,   351.91,   472.93
  101.21,    99.85,   348.42
   98.93,    96.55,   472.69
   98.20,    92.22,   597.60
   99.99,   225.70,   351.81
   98.05,   222.95,   476.11
   96.69,   217.69,   601.28
   97.27,   348.10,   355.52
   95.43,   344.79,   479.98
   93.81,   340.73,   605.45
  226.52,   102.45,   350.75
  224.76,    99.54,   475.79
  224.55,    95.41,   600.45
  224.25,   227.24,   353.57
  222.38,   224.10,   477.77
  222.15,   219.15,   602.90
  222.01,   350.22,   356.95
  219.88,   346.37,   480.97
  218.78,   342.42,   606.34
  351.51,   102.99,   351.68
  350.28,    99.12,   477.04
  349.42,    95.56,   601.99
  349.10,   227.85,   354.57
  347.64,   223.64,   479.68
  347.04,   219.49,   605.08
  347.40,   353.28,   358.64
  345.82,   349.34,   483.15
  344.42,   345.55,   608.62
   96.77,   102.19,   474.84
   98.44,   104.54,   599.79
  100.80,   106.49,   725.08
   97.83,   228.47,   471.75
   98.73,   229.92,   596.93
  100.13,   230.61,   723.02
   97.13,   350.25,   469.00
   97.77,   352.77,   594.40
   98.69,   355.58,   720.52
  222.58,   103.26,   475.60
  224.78,   105.68,   600.24
  227.02,   107.06,   724.62
  222.13,   227.70,   471.00
  224.05,   229.36,   596.08
  226.46,   230.29,   721.94
  221.68,   350.04,   467.66
  222.74,   352.72,   592.95
  224.34,   355.84,   719.54
  348.10,   100.82,   474.51
  349.60,   103.70,   599.46
  350.66,   106.88,   723.72
  347.41,   225.40,   470.51
  349.07,   227.87,   595.95
  350.29,   230.96,   721.00
  347.62,   351.13,   467.41
  348.51,   354.07,   592.82
  349.39,   357.27,   718.78
  100.67,   100.26,   599.44
  103.48,    99.36,   724.68
  103.95,    99.06,   849.23
  102.23,   225.67,   599.48
  104.17,   223.30,   725.60
  105.50,   223.35,   851.07
  102.41,   348.51,   599.87
  103.87,   348.31,   726.14
  104.83,   349.35,   852.19
  226.95,   100.16,   599.52
  229.50,    98.79,   723.85
  228.67,    98.22,   848.87
  227.58,   223.89,   598.32
  230.41,   221.85,   724.12
  230.56,   222.29,   850.07
  227.48,   347.35,   598.14
  229.54,   347.38,   724.76
  230.20,   348.45,   851.55
  351.79,    97.10,   598.31
  353.15,    97.36,   722.62
  354.05,    97.23,   847.64
  352.54,   221.14,   597.77
  354.12,   221.31,   722.77
  354.85,   222.03,   847.81
  353.19,   347.40,   597.63
  354.47,   347.56,   723.57
  355.83,   347.92,   849.41
   98.79,   222.90,   100.27
   98.57,   225.25,   225.45
   97.57,   229.56,   349.10
  101.16,   348.25,    97.66
   99.93,   349.60,   223.19
   98.58,   352.00,   347.18
  103.01,   474.01,    94.63
  101.43,   474.92,   220.31
  100.53,   475.99,   345.40
  224.45,   221.54,   100.29
  223.74,   223.92,   225.87
  221.86,   227.52,   349.86
  226.39,   347.07,    98.63
  225.17,   348.77,   223.80
  223.41,   350.57,   347.59
  227.61,   472.29,    96.28
  226.18,   473.98,   220.85
  225.49,   474.90,   345.67
  349.10,   220.58,    99.99
  347.95,   222.77,   225.12
  346.70,   224.48,   349.79
  350.33,   345.75,    98.97
  349.49,   348.04,   224.28
  348.73,   349.94,   348.21
  351.15,   470.72,    97.13
  350.88,   473.02,   222.57
  350.59,   475.26,   346.57
  101.66,   222.62,   227.30
  103.34,   227.08,   350.95
  105.11,   230.13,   475.21
  104.59,   346.90,   224.91
  105.91,   349.34,   348.82
  107.66,   351.61,   473.09
  107.64,   472.15,   221.84
  109.46,   473.19,   346.88
  111.49,   474.89,   471.75
  226.74,   219.64,   224.94
  227.63,   223.29,   348.95
  229.45,   225.82,   473.14
  229.76,   344.49,   222.78
  230.77,   346.43,   346.55
  232.40,   348.33,   470.57
  232.34,   469.67,   219.77
  234.39,   470.75,   344.49
  236.50,   472.50,   469.17
  350.91,   216.86,   221.42
  352.43,   218.58,   346.11
  354.70,   220.12,   471.25
  354.01,   342.11,   220.47
  356.03,   344.10,   344.42
  358.28,   346.00,   468.93
  356.99,   467.06,   218.74
  359.48,   469.46,   342.69
  361.77,   471.92,   466.92
  100.14,   228.11,   349.06
  100.82,   232.02,   473.34
  102.10,   233.48,   598.54
   97.71,   350.52,   346.20
   98.42,   353.69,   470.59
   99.41,   356.26,   595.99
   96.16,   474.53,   343.52
   97.12,   477.19,   468.42
   97.85,   480.29,   593.85
  224.44,   229.40,   348.07
  225.11,   232.80,   472.19
  227.35,   234.50,   597.30
  222.53,   352.48,   344.91
  223.02,   355.21,   468.90
  224.39,   357.98,   594.20
  221.12,   476.77,   342.03
  222.13,   479.29,   466.80
  222.81,   482.82,   592.05
  349.30,   229.87,   346.28
  350.43,   232.33,   471.35
  352.37,   234.86,   596.79
  347.85,   355.33,   343.83
  348.95,   358.13,   468.25
  350.14,   361.13,   593.66
  346.19,   480.53,   341.24
  347.36,   483.79,   465.52
  348.20,   487.11,   590.72
   97.99,   228.89,   475.49
   95.02,   224.22,   600.68
   92.40,   218.90,   726.62
   93.84,   350.67,   478.80
   90.64,   347.25,   604.28
   87.58,   343.97,   730.28
   90.63,   474.13,   482.64
   87.14,   471.23,   608.04
   83.56,   469.32,   732.89
  222.21,   231.47,   478.68
  220.37,   227.12,   603.81
  218.96,   221.97,   729.65
  218.23,   353.75,   481.34
  215.49,   350.42,   606.71
  213.31,   347.38,   733.36
  215.52,   477.71,   485.28
  211.89,   475.21,   610.60
  208.38,   473.78,   736.68
  347.47,   232.69,   482.25
  345.25,   229.13,   607.63
  342.64,   226.10,   732.60
  344.12,   358.40,   485.10
  341.08,   355.21,   610.56
  338.15,   352.25,   736.52
  340.71,   483.98,   488.34
  337.25,   481.16,   613.66
  333.91,   478.52,   739.72
  102.20,   224.96,   598.41
  104.33,   225.50,   724.51
  105.87,   228.46,   850.03
  104.13,   347.72,   595.80
  105.81,   350.41,   722.05
  106.97,   354.38,   848.16
  107.15,   471.48,   593.69
  108.06,   475.79,   719.08
  108.71,   480.53,   844.31
  227.54,   221.43,   597.13
  230.55,   222.26,   722.87
  230.95,   225.59,   848.84
  229.18,   344.79,   593.95
  231.43,   347.72,   720.50
  232.38,   351.70,   847.29
  232.16,   469.63,   591.77
  233.15,   474.04,   717.84
  234.44,   478.07,   843.79
  352.47,   216.80,   596.42
  354.26,   219.90,   721.37
  355.21,   223.55,   846.40
  354.88,   342.97,   593.32
  356.37,   346.09,   719.20
  357.94,   349.39,   845.03
  357.63,   469.19,   590.39
  358.78,   472.42,   716.45
  360.55,   475.16,   842.31
  102.15,   348.31,   100.87
  100.51,   347.97,   226.37
   98.81,   348.75,   350.34
  102.70,   474.14,    99.46
  100.77,   473.25,   225.23
   99.51,   472.68,   350.29
  101.85,   599.38,    98.08
  100.80,   599.08,   223.68
  100.75,   598.98,   349.53
  227.37,   348.37,   102.17
  225.74,   348.37,   227.30
  223.62,   348.50,   351.09
  227.28,   473.66,   101.44
  225.54,   473.55,   226.06
  224.49,   472.77,   350.88
  226.23,   598.64,    99.80
  225.06,   598.95,   224.31
  225.22,   598.54,   350.63
  351.28,   348.29,   102.87
  350.09,   348.88,   228.11
  348.98,   349.06,   352.04
  350.88,   473.29,   102.75
  350.27,   473.88,   228.08
  349.62,   474.41,   352.08
  350.79,   598.09,   101.58
  350.33,   598.19,   226.66
  349.75,   599.15,   351.59
   98.43,   347.32,   227.25
  101.33,   347.35,   351.16
  104.58,   347.16,   475.45
   98.07,   472.58,   226.91
  101.42,   471.24,   351.85
  104.90,   470.44,   476.70
   97.56,   598.39,   226.15
  102.06,   597.55,   351.88
  105.77,   596.73,   477.12
  223.67,   348.33,   223.60
  226.15,   347.76,   347.36
  229.25,   347.19,   471.35
  222.83,   473.54,   223.07
  226.36,   472.05,   347.86
  229.91,   471.29,   472.54
  221.70,   598.95,   222.04
  226.46,   597.77,   348.34
  230.54,   597.14,   473.84
  347.95,   349.46,   219.85
  351.43,   348.95,   343.73
  355.15,   348.34,   468.18
  347.47,   474.45,   220.52
  351.43,   474.27,   344.52
  355.20,   474.20,   468.77
  346.89,   598.78,   219.79
  350.95,   598.98,   344.71
  354.68,   599.32,   469.70
  100.27,   349.59,   348.67
   99.04,   352.21,   473.08
   98.10,   354.23,   598.56
  104.24,   473.44,   346.55
  103.22,   475.50,   471.47
  101.98,   478.11,   596.93
  108.71,   599.68,   343.79
  107.99,   601.74,   469.03
  106.30,   604.07,   594.60
  225.05,   346.18,   349.44
  223.59,   348.34,   473.46
  223.07,   350.46,   598.81
  229.16,   470.43,   347.20
  228.17,   472.39,   471.91
  226.90,   475.34,   597.22
  233.09,   596.07,   344.87
  232.67,   598.24,   470.42
  231.08,   600.79,   595.25
  350.33,   343.43,   350.38
  349.47,   345.59,   474.92
  348.75,   347.94,   600.39
  354.25,   468.77,   348.44
  353.44,   471.41,   472.73
  352.31,   474.10,   598.04
  357.66,   593.44,   345.92
  356.81,   596.54,   470.88
  355.68,   599.10,   595.80
   97.90,   348.29,   473.92
   95.00,   350.98,   599.39
   92.26,   353.96,   725.46
   99.01,   471.59,   471.61
   95.84,   474.89,   597.05
   92.57,   479.30,   722.11
  100.72,   597.83,   468.41
   97.12,   600.92,   593.99
   93.71,   605.26,   718.59
  222.42,   347.37,   476.18
  219.95,   350.15,   601.52
  217.97,   353.37,   728.16
  223.98,   471.37,   473.95
  220.74,   474.99,   599.24
  217.47,   479.70,   725.28
  225.52,   597.23,   471.76
  221.93,   600.46,   596.57
  217.97,   604.43,   721.16
  348.34,   347.68,   479.58
  345.64,   350.73,   605.02
  342.96,   354.05,   730.96
  349.28,   473.47,   476.68
  346.16,   476.84,   601.96
  343.09,   480.35,   727.98
  349.68,   598.60,   474.17
  346.56,   601.82,   599.01
  343.49,   604.71,   723.75
  100.47,   347.73,   600.32
  102.21,   346.05,   726.55
  103.49,   345.58,   852.56
  102.44,   471.62,   602.59
  103.41,   471.54,   727.91
  104.07,   471.72,   853.25
  104.90,   597.60,   604.21
  105.55,   597.47,   728.81
  106.36,   597.49,   852.78
  225.51,   345.79,   598.24
  227.90,   344.31,   724.84
  228.85,   343.90,   851.63
  227.43,   470.70,   600.50
  228.52,   470.78,   726.64
  229.85,   470.27,   852.61
  229.72,   596.17,   602.38
  230.11,   595.65,   727.10
  231.85,   595.03,   852.00
  351.21,   345.06,   597.43
  352.80,   343.74,   723.34
  354.42,   342.65,   849.16
  352.91,   471.28,   598.94
  354.17,   470.14,   725.06
  356.05,   468.46,   850.90
  354.43,   596.33,   600.53
  355.71,   594.70,   725.50
  357.56,   593.00,   851.02
  101.57,   476.88,    99.04
   98.11,   473.24,   224.84
   95.30,   469.97,   349.85
  101.22,   602.11,   100.40
   98.73,   599.00,   226.09
   97.10,   596.18,   351.84
  101.02,   726.73,   102.81
   99.06,   724.64,   227.94
   98.21,   723.38,   353.12
  226.12,   475.81,   102.55
  222.87,   472.90,   227.15
  220.24,   469.33,   351.92
  225.55,   600.79,   103.60
  222.96,   598.28,   228.20
  221.59,   595.06,   354.49
  225.71,   725.49,   105.03
  223.25,   723.48,   229.74
  222.58,   721.72,   356.71
  349.73,   474.82,   105.45
  347.57,   472.65,   230.68
  345.36,   470.37,   354.63
  350.19,   599.55,   107.01
  348.18,   596.97,   232.05
  346.08,   595.17,   356.96
  351.32,   723.76,   108.23
  348.92,   720.89,   232.76
  346.57,   719.61,   359.01
  101.91,   475.63,   226.65
  101.67,   476.37,   351.71
  101.59,   477.73,   476.67
  101.93,   601.48,   223.74
  102.91,   602.73,   349.60
  103.03,   604.10,   474.83
  101.64,   727.06,   221.51
  103.41,   730.01,   346.87
  103.93,   731.74,   471.30
  226.68,   475.94,   226.50
  226.65,   476.52,   351.34
  226.62,   477.82,   476.12
  226.19,   601.33,   223.40
  227.35,   602.30,   349.73
  227.86,   603.76,   475.30
  225.89,   726.44,   220.74
  227.69,   728.84,   347.74
  228.84,   731.10,   473.63
  351.42,   476.25,   227.56
  351.77,   478.16,   351.56
  351.89,   480.12,   475.91
  351.48,   600.53,   224.77
  351.88,   602.85,   349.70
  352.00,   605.23,   474.79
  351.70,   724.40,   221.30
  351.81,   727.14,   347.48
  351.90,   729.80,   473.83
  100.72,   471.86,   350.88
  103.93,   467.87,   475.67
  106.96,   464.44,   600.99
   98.72,   598.11,   354.17
  102.12,   594.07,   479.38
  104.76,   590.36,   604.95
   96.03,   725.30,   356.63
   99.64,   721.44,   481.20
  101.74,   716.59,   607.04
  225.65,   475.40,   347.23
  228.94,   471.42,   471.86
  231.96,   468.42,   597.05
  223.12,   601.04,   350.99
  226.92,   597.15,   476.44
  229.54,   593.77,   601.18
  220.31,   727.66,   354.45
  224.67,   724.37,   480.16
  227.13,   719.77,   604.56
  350.68,   480.36,   344.21
  354.19,   477.08,   468.42
  357.40,   473.81,   593.61
  347.53,   604.95,   347.66
  351.03,   602.08,   472.66
  354.20,   598.71,   597.44
  344.23,   729.31,   350.88
  347.72,   726.64,   477.11
  351.23,   722.95,   601.63
  101.64,   473.04,   475.31
  102.25,   471.84,   600.76
  102.79,   471.85,   726.07
  105.65,   599.25,   476.62
  105.83,   597.79,   602.25
  106.05,   597.75,   726.89
  109.14,   726.85,   476.28
  108.72,   724.12,   601.90
  108.72,   722.12,   727.24
  226.61,   470.58,   473.75
  227.21,   469.78,   599.07
  227.87,   469.95,   725.21
  230.41,   596.44,   476.01
  230.63,   595.25,   600.84
  230.60,   594.83,   725.58
  233.89,   723.61,   477.52
  234.06,   721.36,   601.99
  233.74,   718.40,   725.62
  351.91,   470.31,   472.61
  352.68,   469.22,   597.93
  353.50,   468.20,   724.05
  354.59,   595.49,   474.50
  355.33,   594.29,   599.41
  356.17,   592.78,   724.41
  356.97,   719.99,   476.59
  358.10,   718.58,   601.24
  359.38,   716.23,   724.66
  100.76,   471.33,   600.97
  100.90,   469.38,   726.23
  100.72,   467.73,   851.55
  100.63,   597.35,   604.42
  100.52,   595.37,   728.97
  100.37,   593.57,   852.95
   99.70,   723.56,   606.05
   99.58,   719.90,   731.48
  100.67,   717.35,   854.59
  225.76,   472.93,   599.77
  225.99,   471.20,   725.86
  226.47,   468.90,   851.82
  225.48,   598.37,   603.48
  225.01,   596.06,   728.18
  225.90,   593.68,   853.04
  225.21,   724.49,   606.43
  224.40,   719.57,   730.10
  225.63,   716.48,   854.20
  351.24,   476.10,   599.07
  351.64,   473.16,   725.15
  352.68,   469.67,   850.98
  350.20,   601.06,   602.51
  350.61,   597.62,   727.40
  351.63,   594.16,   852.89
  349.40,   725.37,   606.30
  350.15,   720.99,   729.57
  350.47,   717.80,   853.92
   98.13,   599.39,   100.03
   98.80,   594.89,   225.71
  100.34,   590.61,   351.47
   96.16,   723.95,   103.76
   97.41,   720.48,   228.90
   99.72,   717.80,   354.12
   96.56,   848.25,   109.02
   96.34,   845.80,   233.82
   99.68,   844.95,   357.08
  222.52,   599.87,   100.11
  223.04,   596.04,   224.63
  224.83,   591.45,   350.89
  220.86,   724.59,   102.88
  221.55,   721.21,   227.50
  224.06,   718.00,   354.47
  220.78,   848.95,   107.43
  220.87,   845.96,   232.09
  223.69,   844.29,   357.38
  347.08,   600.55,   100.26
  348.27,   596.54,   225.33
  349.38,   593.39,   350.23
  346.40,   724.78,   102.91
  347.24,   720.43,   227.35
  348.11,   717.74,   353.56
  346.06,   849.11,   106.34
  346.42,   845.26,   230.43
  347.21,   842.69,   357.07
   98.46,   598.84,   225.68
   97.27,   595.86,   351.43
   95.20,   593.02,   476.63
   99.40,   724.47,   227.67
   99.00,   723.05,   352.88
   97.17,   720.30,   477.36
  100.73,   849.72,   231.51
  101.36,   850.11,   354.74
  100.17,   848.41,   478.32
  222.69,   597.50,   227.33
  221.76,   594.13,   353.62
  220.09,   591.22,   479.08
  223.60,   722.68,   229.01
  223.36,   720.76,   355.99
  222.26,   718.52,   481.71
  225.30,   847.41,   232.37
  225.34,   847.00,   357.68
  224.90,   846.29,   482.67
  347.91,   595.58,   230.73
  346.26,   593.63,   355.64
  344.32,   591.66,   480.62
  349.28,   719.48,   231.60
  347.37,   718.04,   357.83
  345.45,   716.40,   483.99
  350.85,   844.31,   233.44
  348.85,   842.98,   360.14
  347.18,   841.45,   486.66
  102.89,   597.87,   350.08
  103.65,   599.36,   475.32
  103.55,   601.13,   600.94
  106.52,   725.08,   347.25
  107.71,   726.92,   471.76
  107.04,   727.46,   597.30
  110.67,   851.89,   344.80
  112.78,   855.16,   468.26
  111.24,   854.63,   593.91
  227.30,   594.31,   349.58
  228.41,   595.88,   475.11
  228.34,   597.91,   599.95
  230.73,   720.74,   347.46
  232.46,   723.06,   473.39
  232.39,   724.11,   597.89
  234.46,   846.62,   344.86
  236.86,   850.39,   470.00
  237.13,   851.46,   595.46
  351.82,   591.86,   348.99
  352.58,   594.35,   473.97
  353.01,   596.35,   598.88
  354.85,   716.08,   346.61
  355.53,   718.86,   472.84
  356.36,   720.66,   597.56
  358.24,   840.85,   344.40
  359.09,   843.66,   471.10
  360.39,   845.24,   596.39
   99.25,   598.39,   474.66
  101.71,   596.54,   600.31
  104.18,   596.11,   724.92
   98.90,   725.86,   474.51
  100.80,   722.87,   600.32
  103.19,   720.66,   725.76
   99.53,   853.89,   474.67
  100.35,   849.49,   600.49
  101.74,   843.98,   726.44
  224.10,   599.18,   471.94
  226.55,   597.65,   596.74
  228.71,   596.90,   721.40
  223.92,   726.54,   473.68
  226.28,   723.92,   598.17
  228.11,   720.58,   721.84
  224.20,   854.18,   473.59
  226.73,   851.42,   599.18
  228.45,   845.69,   724.05
  348.23,   601.91,   468.28
  351.19,   600.44,   593.11
  354.24,   598.61,   717.96
  347.01,   726.58,   470.74
  350.31,   724.83,   595.41
  353.75,   722.09,   718.71
  346.48,   851.76,   472.38
  350.20,   849.69,   597.71
  353.54,   845.90,   721.25
  102.13,   598.06,   600.75
  102.34,   597.73,   725.39
  102.61,   597.66,   849.32
   99.78,   724.38,   600.67
   99.93,   722.28,   726.22
  101.35,   721.33,   849.37
   97.85,   850.85,   600.78
   96.93,   845.38,   726.81
   99.32,   843.33,   851.50
  226.97,   600.58,   599.50
  226.84,   599.86,   724.17
  228.05,   599.18,   849.02
  225.30,   726.81,   600.81
  224.81,   723.48,   724.52
  226.26,   721.86,   848.52
  224.32,   854.30,   601.72
  223.71,   848.58,   726.68
  224.88,   845.73,   849.70
  351.63,   604.71,   598.19
  352.40,   602.91,   723.04
  353.74,   601.10,   848.51
  349.38,   729.05,   600.39
  350.51,   726.32,   723.67
  351.17,   724.67,   847.86
  347.92,   853.97,   602.60
  348.87,   850.18,   726.20
  349.10,   848.86,   848.60
  227.20,   100.94,    99.73
  228.71,    98.58,   225.19
  228.97,    97.07,   350.55
  230.55,   225.91,   103.08
  231.75,   223.39,   228.53
  231.92,   221.95,   352.55
  233.88,   351.40,   106.39
  234.60,   348.20,   231.41
  234.94,   345.13,   355.15
  351.77,    98.47,    97.89
  352.99,    95.86,   223.03
  354.04,    92.65,   348.43
  355.07,   223.54,   100.64
  355.94,   220.76,   225.67
  356.76,   217.37,   350.34
  357.72,   348.67,   104.60
  358.94,   346.01,   229.75
  360.27,   342.93,   353.65
  476.15,    95.73,    96.65
  477.35,    92.93,   221.50
  479.34,    88.98,   346.52
  479.42,   220.83,    99.35
  480.45,   218.08,   224.05
  481.99,   213.81,   348.44
  482.11,   345.78,   102.84
  483.71,   343.17,   227.95
  485.56,   340.21,   352.07
  227.20,    99.76,   224.17
  228.75,    97.48,   349.47
  231.33,    94.48,   474.55
  225.91,   224.58,   228.42
  227.36,   222.42,   352.35
  229.83,   219.20,   476.57
  224.41,   349.33,   232.09
  225.99,   345.48,   355.78
  228.22,   341.66,   479.79
  351.50,   101.42,   220.72
  353.78,    97.43,   346.08
  356.88,    93.47,   471.38
  350.12,   226.36,   224.40
  352.21,   222.25,   348.96
  355.06,   217.93,   474.07
  348.78,   351.58,   229.30
  351.36,   347.73,   353.13
  354.15,   343.78,   477.62
  475.93,   102.86,   217.95
  479.05,    98.07,   342.88
  482.12,    93.65,   467.80
  474.59,   228.12,   221.53
  477.43,   223.12,   345.88
  480.51,   218.37,   471.11
  473.53,   353.18,   226.37
  476.68,   349.53,   350.41
  479.72,   345.81,   475.18
  224.57,   101.73,   349.20
  222.99,    99.71,   474.26
  223.00,    96.44,   598.94
  227.41,   226.49,   351.23
  225.72,   224.19,   475.45
  225.68,   220.13,   600.59
  230.30,   349.60,   353.83
  228.39,   346.58,   477.88
  227.46,   343.48,   603.25
  349.58,    97.26,   349.88
  348.55,    94.28,   475.24
  347.86,    91.60,   600.19
  352.23,   222.02,   351.85
  350.98,   218.65,   477.02
  350.59,   215.37,   602.45
  355.64,   347.53,   355.15
  354.31,   344.44,   479.71
  353.11,   341.50,   605.19
  474.90,    93.52,   350.74
  473.83,    90.05,   475.72
  472.08,    87.59,   600.73
  477.47,   218.45,   352.76
  476.43,   214.59,   478.11
  475.08,   212.04,   603.73
  480.95,   344.92,   356.39
  479.86,   342.05,   481.28
  478.36,   339.34,   607.01
  224.87,   103.47,   476.42
  224.94,   103.23,   601.11
  225.03,   102.06,   725.48
  228.34,   227.78,   474.53
  228.24,   226.82,   599.69
  228.56,   225.14,   725.53
  231.89,   350.27,   473.92
  230.88,   350.31,   599.29
  230.40,   350.70,   725.90
  350.36,    97.13,   477.48
  349.70,    97.47,   602.44
  348.61,    98.03,   726.73
  353.61,   221.55,   476.19
  353.18,   221.41,   601.66
  352.27,   221.91,   726.64
  357.77,   347.43,   475.79
  356.55,   347.66,   601.29
  355.32,   348.13,   727.22
  475.60,    92.13,   478.04
  473.84,    92.71,   603.08
  471.91,    93.67,   728.20
  479.04,   216.79,   477.35
  477.69,   217.39,   603.02
  475.70,   219.15,   728.41
  483.29,   344.27,   477.43
  481.80,   344.73,   603.19
  480.18,   345.16,   729.12
  227.11,   102.03,   600.62
  231.01,   104.11,   724.90
  231.57,   107.10,   849.84
  229.21,   225.68,   595.80
  233.29,   227.25,   721.53
  234.84,   231.26,   847.51
  230.69,   349.10,   591.97
  233.98,   352.77,   718.48
  236.08,   357.42,   845.22
  351.87,    97.35,   598.20
  354.56,   101.12,   722.42
  356.71,   104.58,   847.30
  354.15,   221.31,   594.03
  357.01,   225.08,   718.99
  359.11,   229.42,   844.00
  356.40,   347.52,   590.24
  358.95,   351.33,   716.10
  361.65,   355.26,   841.91
  476.08,    93.65,   595.09
  477.86,    97.88,   720.15
  481.10,   101.22,   845.41
  478.77,   218.30,   591.63
  480.55,   223.36,   717.03
  483.20,   227.46,   841.56
  481.72,   345.69,   588.37
  483.88,   349.45,   714.31
  486.86,   352.78,   839.03
  225.36,   224.53,    99.24
  226.13,   221.77,   224.78
  225.75,   220.31,   348.80
  225.99,   350.03,   102.73
  226.19,   346.61,   227.82
  225.91,   343.41,   351.57
  225.74,   475.32,   105.35
  225.88,   471.72,   230.01
  226.65,   467.57,   354.75
  350.03,   224.90,    97.47
  350.36,   221.99,   222.52
  350.59,   218.53,   347.17
  349.89,   350.07,   101.58
  350.54,   347.24,   226.78
  351.26,   344.01,   350.67
  349.39,   475.03,   104.89
  350.62,   472.22,   230.16
  351.81,   469.36,   354.11
  474.41,   224.98,    96.73
  474.86,   222.14,   221.45
  475.83,   217.74,   345.86
  474.26,   349.98,   100.43
  475.31,   347.25,   225.61
  476.60,   344.16,   349.71
  474.19,   474.71,   103.82
  475.95,   471.87,   229.35
  477.10,   470.05,   353.31
  225.10,   226.20,   224.07
  222.78,   226.97,   348.08
  221.38,   226.75,   472.27
  223.45,   351.07,   224.79
  221.23,   350.05,   348.60
  219.61,   349.07,   472.62
  221.39,   476.25,   224.61
  220.26,   474.29,   349.48
  219.10,   473.06,   474.24
  349.30,   228.14,   223.78
  347.62,   227.00,   348.43
  346.66,   225.72,   473.55
  347.77,   353.41,   225.75
  346.58,   352.47,   349.66
  345.55,   351.45,   474.16
  346.09,   478.38,   226.74
  345.36,   477.74,   350.78
  344.40,   477.16,   475.14
  473.79,   229.98,   224.63
  472.86,   227.92,   349.08
  472.17,   226.18,   474.43
  472.55,   355.11,   226.54
  471.92,   354.43,   350.67
  471.19,   353.71,   475.49
  471.43,   479.74,   227.94
  470.64,   480.23,   351.92
  469.61,   480.34,   476.45
  224.77,   224.86,   349.08
  228.19,   226.92,   473.23
  233.22,   227.25,   598.32
  227.32,   347.97,   347.13
  230.56,   349.42,   471.11
  234.73,   350.84,   596.42
  230.38,   472.29,   345.51
  234.09,   473.58,   470.18
  237.51,   475.85,   595.41
  349.55,   220.75,   344.64
  353.40,   221.81,   469.72
  358.10,   222.98,   595.14
  352.56,   346.23,   343.40
  356.42,   347.68,   467.85
  360.38,   349.32,   593.25
  355.42,   471.58,   342.09
  359.32,   473.57,   466.30
  362.91,   475.57,   591.52
  474.68,   217.57,   340.48
  478.81,   218.19,   465.71
  482.67,   220.07,   591.32
  477.78,   343.94,   339.58
  481.91,   345.63,   464.32
  485.64,   347.49,   589.98
  480.63,   469.67,   338.44
  484.46,   472.30,   462.86
  488.19,   474.07,   588.48
  224.67,   227.94,   472.56
  224.54,   227.06,   597.69
  224.90,   225.39,   723.56
  227.61,   350.35,   471.86
  226.60,   350.45,   597.21
  226.14,   350.90,   723.83
  231.74,   474.51,   472.35
  229.98,   475.40,   597.67
  228.23,   477.30,   723.76
  349.94,   222.29,   474.20
  349.52,   222.19,   599.67
  348.67,   222.69,   724.67
  353.51,   348.09,   473.72
  352.30,   348.39,   599.20
  351.10,   348.93,   725.15
  357.00,   473.98,   473.58
  355.40,   474.60,   598.91
  353.86,   475.27,   725.01
  475.39,   218.05,   475.38
  474.08,   218.69,   601.05
  472.12,   220.51,   726.41
  479.06,   345.54,   475.36
  477.60,   346.07,   601.10
  475.98,   346.56,   727.02
  482.18,   472.26,   475.29
  480.76,   472.64,   601.00
  479.53,   472.36,   727.05
  225.58,   223.66,   599.18
  226.78,   218.72,   724.96
  225.24,   216.24,   850.82
  223.39,   347.02,   601.90
  223.83,   344.13,   728.52
  222.73,   342.33,   855.29
  222.44,   471.91,   605.63
  221.56,   470.60,   731.76
  220.87,   468.61,   857.66
  350.54,   222.97,   600.32
  350.49,   220.22,   725.28
  349.49,   218.04,   850.30
  349.09,   349.16,   603.10
  348.73,   346.40,   729.02
  348.36,   343.89,   854.84
  347.92,   475.29,   606.06
  347.22,   472.76,   732.17
  347.14,   469.63,   857.95
  475.15,   223.76,   600.92
  473.98,   222.25,   726.26
  473.67,   219.72,   850.62
  474.44,   351.15,   604.21
  473.65,   348.29,   730.10
  473.72,   345.12,   854.55
  473.34,   477.63,   607.30
  472.94,   474.06,   733.33
  473.03,   470.40,   858.06
  227.74,   351.55,   100.35
  224.31,   352.86,   225.45
  220.38,   354.22,   349.22
  224.89,   476.77,    98.23
  221.29,   478.03,   222.75
  218.45,   478.50,   347.62
  221.08,   601.69,    95.27
  217.95,   603.43,   219.54
  216.37,   604.32,   345.93
  351.57,   354.30,   102.89
  348.60,   356.21,   228.11
  345.69,   357.73,   351.98
  348.39,   479.25,   101.30
  345.95,   481.14,   226.59
  343.48,   482.94,   350.60
  345.49,   604.03,    98.71
  343.16,   605.41,   223.66
  340.81,   607.63,   348.70
  475.90,   356.93,   105.41
  473.37,   358.92,   230.60
  471.02,   360.77,   354.70
  473.16,   481.65,   103.93
  471.26,   483.52,   229.49
  468.71,   486.49,   353.44
  471.12,   606.41,   101.88
  469.05,   607.62,   227.16
  465.71,   610.59,   351.40
  226.15,   348.93,   227.26
  224.94,   346.94,   351.05
  224.34,   344.97,   475.09
  225.78,   474.08,   228.17
  225.64,   471.17,   352.98
  225.46,   468.97,   477.70
  225.17,   599.45,   228.61
  226.24,   596.89,   354.92
  226.58,   594.81,   480.41
  350.50,   349.59,   227.18
  350.30,   347.63,   351.09
  350.30,   345.58,   475.63
  350.52,   474.58,   229.28
  350.78,   472.98,   353.27
  350.82,   471.41,   477.61
  350.43,   598.88,   230.00
  350.76,   597.73,   354.94
  350.80,   596.59,   479.96
  475.29,   349.62,   226.95
  475.66,   347.85,   351.08
  475.92,   346.04,   475.94
  475.86,   474.26,   229.41
  476.07,   473.73,   353.40
  476.07,   472.79,   477.96
  476.32,   598.46,   230.71
  475.75,   598.04,   354.94
  475.21,   597.41,   479.69
  225.34,   349.83,   351.14
  221.76,   346.37,   475.11
  219.20,   342.81,   600.40
  227.12,   474.07,   354.59
  223.98,   470.35,   479.26
  220.57,   467.62,   604.54
  228.81,   599.78,   358.07
  226.18,   596.19,   483.48
  222.36,   593.07,   608.26
  350.66,   349.40,   354.10
  347.67,   345.84,   478.58
  344.86,   342.42,   604.00
  352.22,   474.74,   357.77
  349.28,   471.63,   482.07
  346.04,   468.59,   607.39
  353.27,   599.48,   360.98
  350.35,   596.81,   485.95
  347.09,   593.62,   610.76
  475.98,   348.46,   357.00
  473.27,   345.14,   481.83
  470.15,   341.95,   607.49
  477.47,   474.37,   360.80
  474.50,   471.89,   485.36
  471.44,   468.54,   611.02
  478.16,   598.67,   363.87
  474.72,   596.51,   488.61
  471.97,   593.36,   614.01
  225.02,   350.94,   473.51
  223.37,   348.21,   598.83
  222.32,   345.73,   725.42
  222.85,   474.94,   476.80
  220.40,   473.00,   602.10
  218.02,   472.10,   728.20
  220.67,   600.77,   480.14
  217.81,   598.40,   604.95
  214.71,   596.97,   729.66
  350.93,   354.99,   476.09
  349.04,   352.42,   601.54
  347.20,   350.07,   727.47
  348.09,   480.68,   478.73
  345.81,   478.46,   604.03
  343.61,   476.36,   730.11
  344.77,   605.73,   481.78
  342.48,   603.34,   606.58
  340.25,   600.73,   731.41
  476.50,   358.91,   478.48
  474.36,   356.50,   604.18
  472.12,   354.01,   730.07
  473.23,   485.42,   481.11
  471.16,   482.89,   606.76
  469.29,   479.74,   732.77
  469.00,   609.79,   483.46
  467.21,   607.49,   608.81
  465.73,   604.46,   734.22
  224.28,   350.29,   597.99
  222.15,   348.40,   724.57
  218.61,   347.53,   851.36
  226.07,   475.23,   600.79
  222.62,   474.83,   726.87
  219.42,   473.91,   852.75
  228.18,   600.70,   603.15
  224.07,   599.67,   727.81
  221.30,   598.66,   852.60
  349.97,   349.75,   601.67
  347.08,   347.94,   727.58
  344.18,   346.40,   853.43
  351.49,   475.93,   603.70
  348.24,   474.32,   729.78
  345.62,   472.18,   855.56
  352.84,   600.93,   605.78
  349.63,   598.79,   730.66
  347.00,   596.68,   856.10
  475.27,   349.00,   605.26
  471.96,   347.12,   731.11
  469.53,   344.93,   855.56
  476.86,   475.52,   607.46
  473.93,   472.92,   733.45
  471.49,   470.23,   858.16
  477.65,   600.27,   609.07
  475.11,   597.78,   734.55
  472.36,   595.18,   859.43
  226.48,   475.59,    98.63
  223.22,   474.09,   223.20
  220.63,   471.84,   348.02
  224.93,   600.56,    98.41
  222.22,   599.49,   222.85
  220.90,   597.61,   349.17
  224.07,   725.33,    98.56
  221.45,   724.67,   223.00
  220.81,   724.26,   349.99
  350.03,   475.69,   101.42
  347.90,   474.85,   226.75
  345.73,   473.92,   350.74
  349.46,   600.49,   101.67
  347.46,   599.17,   226.71
  345.40,   598.69,   351.66
  349.53,   724.81,   101.64
  347.17,   723.11,   226.03
  344.87,   723.13,   352.28
  474.83,   475.71,   103.77
  473.22,   474.86,   229.33
  471.01,   475.05,   353.29
  475.13,   600.47,   104.57
  473.34,   599.05,   229.88
  470.36,   599.35,   354.10
  476.17,   724.95,   105.10
  473.63,   723.02,   229.67
  469.50,   722.76,   354.44
  226.51,   472.87,   226.02
  224.81,   472.27,   350.82
  223.11,   472.35,   475.57
  222.73,   598.24,   224.03
  222.26,   597.97,   350.36
  221.11,   598.18,   475.91
  219.11,   723.43,   222.52
  219.35,   724.60,   349.52
  218.85,   725.58,   475.29
  351.20,   476.50,   228.66
  349.91,   477.22,   352.65
  348.39,   477.96,   477.01
  347.93,   600.77,   226.96
  346.73,   601.89,   351.94
  345.24,   603.04,   477.04
  344.79,   724.69,   224.62
  343.38,   726.29,   350.91
  341.97,   727.76,   477.26
  476.51,   479.32,   230.32
  475.14,   481.15,   354.32
  473.55,   482.57,   478.88
  473.81,   603.47,   229.23
  471.65,   605.33,   353.48
  469.51,   607.00,   478.23
  471.26,   727.40,   227.36
  468.01,   728.70,   352.18
  465.29,   730.08,   477.52
  224.75,   472.76,   350.59
  225.81,   468.68,   475.25
  226.63,   465.59,   600.52
  223.20,   598.42,   354.42
  224.78,   594.43,   479.87
  225.17,   590.96,   604.67
  221.35,   725.06,   357.92
  223.47,   721.66,   483.61
  223.68,   716.95,   608.01
  349.86,   476.75,   349.71
  351.15,   473.32,   473.99
  352.14,   469.94,   599.26
  347.67,   601.41,   353.25
  348.97,   598.40,   478.25
  349.92,   594.90,   603.08
  345.31,   725.79,   356.55
  346.62,   723.02,   482.76
  347.92,   719.20,   607.22
  475.12,   479.67,   348.68
  476.36,   476.90,   473.15
  477.52,   473.23,   598.78
  472.63,   603.87,   352.07
  473.32,   601.39,   476.76
  474.72,   597.96,   602.14
  469.92,   727.24,   355.03
  470.04,   724.48,   480.26
  471.87,   721.19,   605.33
  222.99,   472.24,   476.67
  219.07,   469.84,   601.93
  215.25,   468.47,   728.03
  226.12,   598.11,   480.56
  221.81,   595.31,   605.33
  217.27,   593.46,   730.05
  228.95,   725.36,   483.62
  224.52,   721.41,   607.94
  219.64,   716.95,   731.57
  348.24,   472.58,   479.95
  344.49,   469.89,   605.24
  340.83,   467.37,   731.32
  350.25,   597.76,   483.51
  346.49,   594.93,   608.32
  342.81,   591.91,   733.24
  352.00,   722.35,   487.29
  348.69,   719.26,   611.70
  345.34,   715.26,   734.99
  473.43,   471.91,   483.71
  469.87,   468.92,   609.35
  466.50,   465.37,   735.32
  474.60,   596.53,   486.65
  471.32,   593.74,   612.03
  468.32,   590.24,   737.50
  475.45,   719.64,   489.36
  472.70,   717.06,   614.44
  470.32,   713.93,   738.93
  225.85,   475.42,   598.14
  223.29,   476.69,   724.22
  221.01,   477.47,   850.13
  225.63,   600.90,   598.83
  222.38,   601.49,   723.50
  220.46,   602.19,   848.26
  225.45,   727.22,   598.80
  221.84,   725.19,   722.49
  220.16,   724.82,   846.44
  351.29,   478.57,   600.17
  348.93,   478.63,   726.24
  347.20,   478.15,   852.08
  350.28,   603.55,   600.58
  347.94,   603.05,   725.41
  346.17,   602.60,   850.84
  349.50,   727.93,   601.40
  347.54,   726.49,   724.68
  345.12,   726.15,   848.83
  476.66,   480.62,   603.03
  474.63,   479.67,   729.06
  473.06,   478.60,   853.89
  475.03,   605.31,   602.92
  473.41,   604.49,   728.38
  471.53,   603.55,   853.36
  473.38,   728.56,   602.72
  472.43,   728.07,   727.21
  469.67,   728.20,   851.64
  225.74,   599.58,   100.77
  227.27,   597.83,   225.33
  230.06,   595.38,   351.60
  224.36,   724.33,   101.50
  226.01,   722.98,   226.08
  229.47,   721.90,   353.08
  224.54,   848.75,   103.94
  225.56,   847.72,   228.59
  229.27,   848.06,   353.94
  350.31,   600.04,    99.90
  352.53,   598.08,   225.01
  354.60,   597.05,   349.91
  349.90,   724.36,   100.54
  351.75,   721.97,   224.94
  353.54,   721.34,   351.13
  349.80,   848.77,   101.96
  351.17,   846.85,   225.92
  352.88,   846.31,   352.56
  475.93,   600.64,    98.58
  478.44,   598.47,   223.98
  479.63,   598.12,   348.21
  476.48,   725.13,    99.82
  478.28,   722.49,   224.45
  478.31,   721.57,   349.15
  476.36,   849.83,   100.97
  477.58,   847.77,   224.93
  477.61,   846.41,   350.80
  223.68,   599.71,   224.64
  227.24,   600.49,   350.95
  230.11,   601.80,   476.48
  225.72,   724.81,   222.12
  229.91,   726.99,   349.09
  233.40,   729.04,   475.00
  228.61,   849.40,   221.38
  232.93,   852.86,   346.71
  237.03,   856.32,   471.75
  348.88,   596.58,   223.65
  351.72,   598.70,   348.55
  354.23,   600.93,   473.56
  351.46,   720.42,   220.32
  353.98,   722.95,   346.43
  356.41,   725.42,   472.70
  354.25,   845.19,   217.96
  356.64,   847.84,   344.54
  359.28,   850.33,   471.17
  474.73,   593.60,   221.96
  476.73,   596.42,   346.16
  478.60,   599.13,   470.81
  477.98,   717.58,   219.18
  478.81,   719.83,   343.82
  479.97,   722.22,   468.88
  480.74,   842.77,   216.38
  481.48,   844.66,   342.10
  482.59,   846.06,   468.01
  226.17,   598.62,   351.70
  229.47,   596.63,   477.18
  231.59,   595.13,   601.97
  226.55,   725.21,   353.19
  230.41,   723.87,   479.01
  232.45,   721.22,   603.46
  227.32,   851.34,   354.03
  231.79,   851.43,   479.09
  234.04,   848.54,   604.63
  350.66,   599.29,   348.79
  353.64,   598.28,   473.78
  356.30,   596.76,   598.65
  350.57,   723.63,   350.02
  353.49,   722.84,   476.26
  356.52,   721.06,   600.86
  350.88,   848.63,   351.48
  354.05,   847.86,   478.05
  357.49,   845.69,   603.25
  475.67,   599.42,   345.90
  478.02,   598.92,   470.55
  481.07,   597.46,   595.95
  475.34,   722.88,   346.85
  477.02,   722.06,   471.96
  480.42,   720.74,   597.11
  475.60,   847.76,   348.53
  477.27,   845.90,   474.46
  480.62,   843.70,   599.77
  224.74,   597.10,   477.74
  226.80,   594.51,   602.52
  228.65,   592.76,   727.23
  226.07,   724.40,   480.57
  228.00,   720.61,   605.00
  229.53,   716.29,   728.63
  227.85,   852.03,   481.66
  229.96,   847.95,   607.21
  231.37,   841.14,   731.82
  348.91,   598.38,   474.39
  351.51,   595.81,   599.22
  354.22,   592.92,   724.15
  349.18,   723.02,   477.94
  352.13,   720.14,   602.48
  355.22,   716.35,   725.81
  350.12,   848.09,   480.75
  353.50,   844.80,   605.90
  356.51,   840.00,   729.22
  473.28,   598.75,   471.17
  476.29,   596.23,   596.54
  479.69,   592.94,   722.09
  472.65,   721.88,   473.70
  476.03,   719.50,   598.80
  480.10,   716.59,   723.41
  473.27,   845.69,   477.26
  476.61,   842.45,   602.50
  480.32,   839.20,   726.60
  226.71,   599.10,   600.29
  223.12,   599.82,   724.97
  220.86,   600.60,   849.74
  226.38,   725.35,   600.15
  222.43,   723.48,   723.83
  220.43,   723.27,   847.80
  226.76,   852.88,   599.61
  222.71,   848.68,   724.52
  220.38,   847.15,   847.60
  351.37,   601.88,   602.39
  348.68,   601.50,   727.25
  346.56,   601.15,   852.68
  350.45,   726.24,   603.08
  348.13,   724.93,   726.36
  345.36,   724.73,   850.55
  350.29,   851.10,   603.86
  347.85,   848.83,   727.41
  344.66,   848.97,   849.81
  476.14,   603.78,   605.12
  474.15,   603.06,   730.58
  471.91,   602.23,   855.52
  474.35,   727.04,   604.78
  473.04,   726.66,   729.27
  469.88,   726.90,   853.70
  473.43,   850.05,   606.00
  471.70,   849.28,   730.12
  468.76,   850.57,   853.03
  349.94,    98.09,   100.13
  350.21,    95.80,   225.32
  350.31,    92.98,   350.74
  349.15,   223.17,   102.60
  349.09,   220.72,   227.68
  348.91,   217.78,   352.36
  347.75,   348.33,   106.29
  347.98,   345.99,   231.41
  348.29,   343.24,   355.31
  474.39,    99.42,    99.88
  474.68,    96.91,   224.74
  475.63,    93.27,   349.74
  473.49,   224.61,   102.29
  473.60,   222.14,   227.01
  474.18,   218.23,   351.47
  472.09,   349.57,   105.55
  472.76,   347.31,   230.69
  473.65,   344.72,   354.81
  598.61,   100.71,   100.26
  598.92,    98.22,   225.61
  601.09,    95.04,   349.51
  598.10,   225.77,   103.15
  598.69,   223.36,   228.24
  599.76,   220.26,   351.28
  597.37,   350.12,   105.45
  597.99,   347.67,   229.98
  598.74,   345.33,   354.17
  351.56,    99.95,   226.02
  353.86,   100.28,   351.35
  356.95,   100.62,   476.64
  348.61,   224.90,   225.32
  350.70,   225.18,   349.94
  353.57,   225.26,   475.08
  345.67,   350.14,   225.92
  348.25,   350.67,   349.81
  351.04,   351.13,   474.32
  476.00,   102.87,   223.13
  479.12,   102.37,   348.03
  482.13,   102.19,   473.00
  473.05,   228.18,   222.38
  475.91,   227.58,   346.80
  479.02,   227.29,   472.10
  470.37,   353.28,   222.93
  473.53,   354.03,   347.04
  476.60,   354.79,   471.83
  600.21,   106.03,   221.91
  604.53,   106.15,   345.60
  607.39,   106.81,   469.61
  598.07,   231.16,   221.29
  601.38,   231.35,   344.39
  604.23,   231.67,   468.64
  595.55,   355.41,   219.86
  598.53,   356.33,   344.09
  601.37,   357.39,   469.25
  350.16,   100.43,   350.56
  352.88,    97.15,   475.88
  355.91,    94.19,   600.81
  350.97,   225.26,   352.74
  353.47,   221.63,   477.88
  356.77,   218.13,   603.31
  352.50,   350.77,   356.18
  354.92,   347.51,   480.72
  357.47,   344.42,   606.21
  475.47,    98.62,   347.67
  478.14,    94.87,   472.65
  480.12,    92.19,   597.66
  476.22,   223.70,   349.97
  478.92,   219.66,   475.26
  481.29,   216.89,   600.86
  477.84,   350.18,   353.77
  480.49,   347.15,   478.61
  482.73,   344.24,   604.32
  600.91,    98.38,   345.62
  603.39,    95.43,   469.76
  604.44,    92.53,   595.02
  601.75,   223.63,   347.90
  604.18,   220.21,   472.11
  605.55,   217.60,   597.95
  602.86,   348.59,   351.21
  605.29,   345.91,   476.33
  607.51,   343.31,   602.48
  350.11,    98.08,   474.02
  350.37,    95.97,   599.01
  350.15,    94.11,   723.31
  349.90,   222.62,   475.17
  350.40,   219.95,   600.63
  350.45,   217.93,   725.59
  350.56,   348.42,   477.20
  350.27,   346.14,   602.69
  350.01,   344.11,   728.61
  475.40,    96.45,   473.62
  474.61,    94.58,   598.69
  473.56,    93.12,   723.81
  475.40,   221.32,   475.43
  474.99,   219.37,   601.09
  473.91,   218.62,   726.43
  476.18,   348.84,   477.94
  475.61,   346.76,   603.66
  474.90,   344.67,   729.56
  600.66,    97.70,   473.53
  598.88,    95.59,   598.85
  597.31,    93.02,   725.08
  600.68,   222.52,   475.15
  599.27,   220.73,   601.08
  597.98,   219.16,   727.85
  601.02,   348.35,   478.55
  600.44,   346.59,   604.74
  600.02,   344.52,   730.97
  350.45,    99.87,   599.16
  352.37,   100.29,   723.46
  353.75,   100.35,   848.46
  347.51,   223.98,   598.48
  349.67,   224.25,   723.51
  350.90,   225.16,   848.60
  344.44,   350.11,   598.20
  346.30,   350.47,   724.18
  348.16,   351.04,   850.09
  474.63,   101.32,   596.72
  475.69,   102.32,   721.85
  478.17,   102.28,   847.17
  472.13,   226.34,   596.86
  473.18,   227.89,   722.26
  475.07,   228.50,   846.73
  469.81,   353.75,   597.05
  471.24,   353.99,   723.01
  473.50,   353.89,   847.71
  598.85,   105.39,   594.64
  599.32,   105.26,   721.02
  602.24,   104.70,   846.86
  596.47,   230.55,   594.75
  597.33,   231.42,   721.51
  599.77,   231.23,   846.46
  594.65,   356.49,   596.06
  596.38,   356.72,   722.32
  598.30,   356.34,   846.27
  351.40,   223.16,   100.46
  352.94,   220.05,   225.48
  354.40,   216.36,   350.13
  352.46,   348.32,   104.77
  354.32,   345.32,   229.89
  356.28,   341.90,   353.77
  353.16,   473.27,   108.27
  355.63,   470.29,   233.48
  358.03,   467.32,   357.38
  475.76,   222.09,    98.50
  477.44,   219.03,   223.20
  479.64,   214.43,   347.59
  476.82,   347.07,   102.36
  479.08,   344.14,   227.47
  481.60,   340.85,   351.57
  477.99,   471.76,   105.93
  480.93,   468.76,   231.36
  483.29,   466.77,   355.32
  600.34,   220.85,    97.58
  602.48,   217.79,   222.91
  605.20,   214.09,   345.84
  602.07,   345.20,   100.66
  604.30,   342.05,   225.19
  606.65,   338.97,   349.26
  604.08,   469.62,   103.57
  606.31,   466.21,   227.93
  607.99,   463.81,   352.84
  349.58,   223.47,   224.39
  350.82,   225.82,   349.02
  352.82,   227.99,   474.13
  346.99,   348.69,   222.92
  348.71,   351.30,   346.83
  350.65,   353.83,   471.29
  344.21,   473.63,   220.51
  346.40,   476.51,   344.52
  348.39,   479.52,   468.81
  474.05,   226.37,   222.28
  476.05,   227.85,   346.70
  478.30,   229.66,   471.99
  471.70,   351.45,   220.74
  474.01,   354.28,   344.86
  476.23,   357.15,   469.62
  469.47,   476.00,   218.73
  471.65,   479.95,   342.70
  473.55,   483.65,   467.12
  599.09,   228.99,   222.04
  601.55,   231.25,   345.09
  603.53,   233.63,   469.37
  596.91,   353.22,   218.51
  599.04,   356.19,   342.71
  601.02,   359.34,   467.87
  594.96,   477.46,   215.54
  596.45,   481.10,   340.35
  598.12,   484.80,   465.83
  350.45,   223.32,   351.00
  349.11,   219.01,   476.13
  348.66,   214.76,   601.53
  352.56,   348.79,   355.23
  351.13,   344.74,   479.75
  349.88,   340.83,   605.20
  354.50,   474.14,   359.39
  353.10,   470.58,   483.71
  351.41,   467.05,   609.06
  475.70,   221.03,   352.00
  474.59,   216.22,   477.32
  473.19,   212.67,   602.91
  477.90,   347.50,   356.57
  476.73,   343.67,   481.42
  475.16,   339.99,   607.11
  479.76,   473.40,   360.86
  478.34,   470.42,   485.46
  476.84,   466.57,   611.17
  601.27,   220.29,   353.65
  599.84,   216.05,   477.95
  597.39,   212.65,   603.83
  602.95,   345.28,   357.79
  601.56,   341.86,   482.94
  599.95,   338.50,   609.08
  604.46,   470.21,   362.00
  602.96,   467.35,   487.67
  601.97,   463.97,   613.86
  350.51,   225.43,   475.45
  352.69,   227.27,   600.90
  354.37,   229.79,   725.93
  352.85,   351.27,   472.98
  354.26,   353.56,   598.44
  355.65,   356.11,   724.40
  355.10,   477.11,   470.85
  356.14,   479.72,   596.13
  357.22,   482.35,   722.18
  475.99,   222.48,   474.03
  477.30,   225.09,   599.69
  477.93,   228.84,   725.12
  478.43,   349.98,   472.02
  479.61,   352.48,   597.74
  480.65,   354.88,   723.71
  480.29,   476.62,   469.94
  481.49,   478.99,   595.60
  482.90,   480.66,   721.64
  601.25,   221.99,   472.07
  601.60,   224.72,   597.99
  602.08,   227.67,   724.83
  603.24,   347.75,   470.91
  604.41,   350.51,   597.12
  605.79,   352.95,   723.42
  604.87,   473.15,   469.40
  606.54,   475.92,   595.64
  608.37,   478.11,   721.26
  351.46,   223.12,   598.62
  350.18,   223.19,   723.62
  347.99,   223.84,   848.72
  353.67,   349.37,   598.60
  352.04,   349.45,   724.54
  350.47,   349.74,   850.42
  356.18,   475.59,   598.76
  354.22,   475.80,   724.85
  352.88,   475.52,   850.69
  476.04,   220.24,   600.41
  473.65,   221.60,   725.78
  472.12,   221.91,   850.18
  478.98,   347.64,   600.92
  476.94,   347.66,   726.84
  475.78,   347.32,   851.39
  481.54,   474.20,   601.27
  479.90,   473.47,   727.31
  478.70,   472.60,   852.11
  600.26,   219.30,   601.73
  597.67,   219.82,   728.53
  596.84,   219.33,   853.26
  603.75,   345.13,   603.31
  602.02,   345.18,   729.58
  600.51,   344.54,   853.33
  606.61,   470.56,   604.35
  605.35,   470.32,   729.91
  603.43,   469.48,   853.37
  351.23,   349.10,    98.97
  351.34,   352.95,   224.26
  351.58,   356.42,   348.16
  352.70,   474.03,    95.52
  353.40,   477.86,   220.98
  354.08,   481.69,   344.96
  354.50,   598.87,    91.21
  355.37,   602.04,   216.27
  356.07,   606.25,   341.12
  475.59,   346.98,    98.44
  476.10,   350.89,   223.68
  476.89,   354.59,   347.81
  477.44,   471.71,    95.07
  478.73,   475.40,   220.74
  479.34,   480.24,   344.74
  480.03,   596.57,    91.24
  481.33,   599.52,   216.68
  481.15,   604.34,   340.87
  600.82,   344.26,    98.62
  601.32,   347.89,   223.14
  601.92,   351.70,   347.30
  603.58,   468.69,    94.83
  604.19,   472.04,   219.14
  604.11,   476.49,   344.03
  606.67,   593.88,    90.99
  607.26,   597.21,   215.90
  606.31,   601.39,   340.41
  351.36,   349.67,   227.00
  353.20,   353.07,   350.89
  355.23,   356.43,   475.37
  354.68,   474.56,   223.77
  356.96,   478.37,   347.71
  359.02,   482.25,   471.97
  357.92,   598.72,   219.13
  360.20,   602.92,   343.92
  362.18,   607.23,   468.91
  476.07,   346.32,   224.85
  478.46,   349.90,   348.97
  480.75,   353.57,   473.78
  479.95,   470.81,   221.95
  482.18,   475.58,   345.93
  484.14,   480.09,   470.43
  483.81,   594.93,   217.93
  485.25,   599.71,   342.10
  486.54,   604.43,   466.69
  601.23,   342.07,   222.82
  603.45,   345.76,   346.91
  605.49,   349.66,   472.04
  605.35,   466.14,   218.78
  606.89,   470.48,   343.65
  608.66,   474.91,   469.25
  609.67,   591.24,   215.51
  610.35,   595.35,   340.05
  611.44,   599.76,   464.94
  351.46,   351.45,   350.51
  354.62,   347.47,   474.96
  357.93,   343.65,   600.38
  351.77,   476.75,   354.60
  354.97,   473.31,   478.87
  357.88,   469.88,   604.16
  351.60,   601.45,   358.22
  354.76,   598.41,   483.16
  357.64,   594.86,   607.97
  476.76,   351.93,   347.37
  480.19,   348.18,   472.10
  483.21,   344.54,   597.75
  477.02,   477.70,   351.60
  480.16,   474.85,   476.09
  483.25,   471.10,   601.75
  476.53,   601.95,   355.06
  479.14,   599.39,   479.73
  482.47,   595.87,   605.13
  601.78,   351.37,   344.06
  604.98,   347.98,   469.09
  607.96,   344.66,   595.15
  601.75,   476.27,   348.13
  604.72,   473.40,   473.68
  608.28,   470.07,   599.87
  601.61,   601.23,   351.80
  603.99,   598.37,   476.75
  607.66,   595.06,   602.70
  351.23,   350.07,   474.22
  352.21,   352.87,   599.68
  353.17,   355.93,   725.64
  350.38,   475.83,   471.61
  350.97,   478.97,   596.88
  351.60,   482.16,   722.92
  349.00,   600.91,   469.37
  349.57,   603.91,   594.25
  350.21,   606.52,   719.01
  476.85,   351.95,   473.65
  477.58,   354.96,   599.36
  478.20,   357.85,   725.32
  475.59,   478.56,   471.06
  476.34,   481.43,   596.69
  477.30,   483.63,   722.73
  473.37,   603.02,   468.16
  474.27,   606.08,   593.50
  475.64,   608.40,   718.93
  601.68,   352.84,   472.98
  602.43,   356.11,   599.19
  603.39,   359.01,   725.44
  600.20,   478.32,   470.91
  601.41,   481.58,   597.12
  602.78,   484.23,   722.72
  598.21,   603.22,   467.36
  599.42,   606.51,   593.20
  600.92,   609.43,   718.70
  351.84,   347.72,   600.66
  354.01,   347.95,   726.60
  356.24,   348.35,   852.41
  353.84,   473.94,   600.64
  355.68,   474.31,   726.75
  358.18,   474.10,   852.55
  355.64,   598.97,   600.69
  357.52,   598.81,   725.62
  359.96,   598.60,   851.10
  477.16,   346.51,   599.16
  478.90,   346.67,   725.11
  481.51,   346.44,   849.66
  479.21,   473.10,   599.32
  481.35,   472.49,   725.39
  483.94,   471.71,   850.19
  480.43,   597.89,   598.92
  482.97,   597.40,   724.48
  485.29,   596.73,   849.44
  601.94,   344.52,   597.72
  603.98,   344.70,   724.04
  606.24,   344.20,   848.01
  604.26,   470.01,   598.59
  606.80,   469.86,   724.24
  608.68,   469.14,   847.79
  605.62,   594.99,   597.61
  608.30,   595.13,   723.09
  610.11,   594.90,   847.05
  350.70,   477.24,   100.32
  352.66,   476.64,   225.71
  354.59,   476.06,   349.71
  351.39,   602.04,   100.33
  353.51,   600.92,   225.43
  355.47,   600.76,   350.36
  352.76,   726.37,   100.11
  354.51,   724.80,   224.50
  356.14,   725.02,   350.68
  475.47,   476.06,    98.52
  477.99,   475.36,   224.17
  479.86,   475.79,   348.19
  477.03,   600.87,    99.11
  479.42,   599.57,   224.50
  480.49,   600.06,   348.74
  479.35,   725.40,    99.48
  481.05,   723.61,   224.12
  480.95,   723.52,   348.80
  601.61,   474.21,    96.87
  603.45,   473.14,   221.26
  604.62,   473.17,   346.18
  603.63,   599.46,    97.49
  605.33,   598.38,   222.43
  605.61,   598.17,   346.95
  605.76,   725.05,    98.32
  607.19,   724.26,   223.99
  606.68,   723.51,   347.29
  351.02,   476.77,   225.15
  349.03,   479.65,   349.12
  346.82,   482.57,   473.43
  351.06,   601.03,   221.34
  349.13,   604.32,   346.24
  346.94,   607.67,   471.33
  351.28,   724.88,   216.86
  349.06,   728.62,   342.96
  346.88,   732.32,   469.35
  476.36,   476.34,   227.54
  474.30,   480.32,   351.51
  471.99,   483.94,   476.00
  476.98,   600.49,   224.35
  474.13,   604.48,   348.54
  471.24,   608.33,   473.21
  477.85,   724.49,   220.43
  473.86,   727.87,   345.08
  470.31,   731.40,   470.30
  601.79,   474.96,   228.56
  599.05,   478.65,   353.48
  596.62,   482.36,   479.05
  602.87,   600.14,   226.23
  599.22,   603.54,   350.68
  596.09,   607.20,   475.54
  603.97,   725.95,   224.22
  599.49,   728.69,   347.47
  595.72,   731.57,   471.27
  348.76,   474.33,   350.21
  351.29,   472.88,   474.52
  353.51,   471.49,   599.82
  345.56,   599.01,   351.83
  348.09,   597.96,   476.86
  350.26,   596.45,   601.71
  342.17,   723.44,   353.18
  344.73,   722.62,   479.43
  347.24,   720.77,   603.98
  473.99,   478.29,   347.94
  476.45,   477.49,   472.43
  478.85,   475.80,   598.09
  470.49,   602.50,   349.42
  472.39,   601.98,   474.12
  474.99,   600.51,   599.50
  466.79,   725.89,   350.45
  468.10,   725.08,   475.70
  471.09,   723.74,   600.80
  598.73,   479.91,   345.17
  600.99,   479.11,   470.73
  603.85,   477.82,   596.95
  595.57,   604.85,   346.87
  597.17,   604.06,   471.76
  600.08,   602.80,   597.68
  592.39,   729.88,   348.08
  593.40,   728.45,   471.98
  595.89,   726.89,   597.72
  351.82,   475.34,   475.47
  354.35,   476.70,   600.78
  356.96,   478.06,   726.86
  350.03,   600.45,   475.07
  352.52,   601.66,   599.92
  355.15,   602.49,   724.77
  348.06,   725.09,   474.85
  350.92,   726.01,   599.49
  353.93,   725.93,   722.78
  476.99,   478.44,   473.01
  479.70,   479.50,   598.68
  482.62,   479.87,   724.73
  474.36,   602.94,   471.94
  477.25,   604.19,   597.31
  480.57,   604.71,   722.79
  471.50,   726.05,   470.72
  474.73,   727.42,   595.86
  478.72,   728.27,   720.40
  601.56,   478.56,   470.94
  604.73,   479.99,   597.17
  608.06,   480.85,   722.77
  599.18,   603.51,   469.21
  602.37,   604.98,   595.10
  605.82,   606.11,   720.59
  596.91,   727.99,   466.67
  599.62,   729.12,   592.34
  602.84,   730.35,   718.13
  348.49,   476.51,   600.15
  346.00,   476.24,   726.24
  344.13,   475.44,   852.09
  347.67,   601.51,   600.93
  345.18,   600.70,   725.77
  343.30,   599.91,   851.22
  347.08,   725.93,   602.09
  344.95,   724.14,   725.37
  342.44,   723.45,   849.56
  473.87,   478.41,   603.12
  471.71,   477.13,   729.15
  470.02,   475.72,   854.01
  472.44,   603.14,   603.39
  470.67,   601.96,   728.85
  468.69,   600.66,   853.85
  470.97,   726.41,   603.56
  469.89,   725.55,   728.03
  466.99,   725.30,   852.49
  598.98,   478.07,   606.73
  597.18,   477.19,   732.27
  594.82,   475.76,   855.74
  597.62,   603.06,   606.34
  595.97,   602.49,   731.77
  593.51,   601.51,   855.79
  595.81,   727.15,   605.25
  594.10,   726.74,   730.93
  592.04,   726.80,   855.71
  349.72,   600.01,    99.04
  348.64,   603.33,   224.01
  347.47,   607.55,   348.94
  351.81,   724.41,    94.51
  350.38,   727.15,   218.64
  348.92,   731.82,   344.77
  354.26,   848.87,    90.85
  352.35,   851.98,   214.38
  350.80,   856.80,   340.85
  475.34,   598.10,   101.06
  474.55,   601.27,   226.35
  472.44,   606.19,   350.53
  478.34,   722.64,    97.00
  476.94,   725.22,   221.52
  473.70,   729.53,   346.17
  480.78,   847.37,    93.03
  478.80,   850.49,   216.71
  475.63,   854.51,   342.56
  601.95,   595.95,   102.65
  600.43,   599.39,   227.55
  597.54,   603.74,   351.98
  604.80,   721.49,    99.05
  603.07,   725.13,   224.61
  599.34,   728.82,   347.86
  606.49,   846.76,    95.31
  604.52,   850.89,   220.61
  601.29,   854.26,   344.11
  350.75,   599.83,   224.75
  351.98,   603.78,   349.64
  352.91,   607.80,   474.71
  352.81,   723.64,   219.64
  353.73,   727.99,   345.74
  354.61,   732.28,   472.07
  355.09,   848.42,   215.55
  355.90,   852.90,   342.08
  357.04,   857.27,   468.65
  476.65,   597.39,   224.65
  476.99,   602.01,   348.83
  477.25,   606.49,   473.50
  479.38,   721.35,   220.11
  478.57,   725.37,   344.73
  478.13,   729.52,   469.83
  481.59,   846.58,   215.55
  480.78,   850.29,   341.31
  480.35,   853.44,   467.31
  602.54,   595.07,   223.38
  602.11,   599.08,   347.86
  602.15,   603.33,   472.76
  605.52,   720.86,   220.76
  604.28,   724.29,   344.08
  603.70,   727.83,   467.80
  607.33,   846.65,   217.12
  606.52,   849.79,   340.54
  605.89,   852.07,   464.47
  349.72,   600.13,   351.82
  346.63,   602.81,   476.86
  343.18,   604.97,   601.68
  352.59,   724.39,   349.33
  349.49,   727.42,   475.61
  346.49,   729.40,   600.25
  355.86,   849.27,   347.04
  353.01,   852.42,   473.58
  350.50,   854.28,   598.85
  474.64,   597.43,   355.04
  470.93,   600.61,   479.73
  467.89,   602.83,   605.06
  477.26,   720.76,   352.33
  472.90,   723.68,   477.49
  470.30,   726.06,   602.63
  480.55,   845.53,   350.29
  476.16,   847.46,   476.26
  473.53,   849.03,   601.66
  599.60,   593.42,   358.12
  595.72,   596.47,   483.14
  593.03,   599.00,   609.01
  602.80,   718.51,   355.56
  598.26,   720.82,   479.52
  595.13,   723.00,   605.29
  606.17,   843.94,   353.35
  601.51,   844.90,   477.44
  597.72,   845.99,   603.46
  350.58,   599.55,   473.44
  348.96,   595.94,   598.27
  347.38,   592.07,   723.19
  347.93,   724.13,   477.97
  346.67,   720.27,   602.52
  345.42,   715.44,   725.82
  346.00,   849.26,   481.71
  345.17,   845.04,   606.86
  343.85,   839.14,   730.18
  474.92,   602.72,   474.55
  473.72,   599.21,   599.91
  472.87,   594.93,   725.40
  471.35,   725.80,   478.07
  470.59,   722.42,   603.18
  470.40,   718.49,   727.66
  469.10,   849.61,   482.72
  468.32,   845.37,   607.93
  467.78,   841.09,   731.84
  599.74,   603.98,   476.06
  598.87,   600.70,   601.99
  598.18,   597.01,   727.46
  596.73,   728.38,   478.22
  595.42,   724.75,   604.03
  594.67,   721.26,   729.69
  594.35,   852.29,   482.18
  592.46,   847.64,   608.10
  590.89,   844.03,   733.97
  351.89,   599.92,   601.54
  350.90,   601.15,   726.43
  350.50,   602.37,   851.86
  349.14,   724.25,   600.64
  348.52,   724.55,   723.95
  347.45,   725.90,   848.11
  347.16,   849.15,   599.80
  346.42,   848.46,   723.42
  344.95,   850.02,   845.87
  476.64,   603.64,   602.52
  476.36,   604.54,   728.00
  475.81,   605.31,   852.95
  473.00,   726.86,   600.60
  473.40,   728.07,   725.10
  472.01,   729.91,   849.53
  470.27,   849.90,   600.23
  470.26,   850.66,   724.42
  469.09,   853.36,   847.42
  601.80,   605.65,   603.92
  601.62,   607.19,   729.35
  600.60,   608.39,   853.37
  597.85,   729.74,   600.72
  597.53,   731.38,   726.45
  597.04,   733.53,   851.34
  594.50,   852.66,   599.65
  593.35,   854.02,   725.79
  593.45,   856.41,   850.89
  473.41,    99.12,    99.70
  475.39,   101.89,   224.48
  477.90,   103.46,   349.33
  469.99,   224.17,    96.86
  471.67,   227.16,   221.61
  473.92,   228.66,   346.04
  465.93,   349.11,    94.78
  468.21,   352.21,   220.11
  470.78,   355.06,   344.22
  597.62,   102.94,    98.30
  599.61,   105.78,   223.75
  603.32,   107.97,   347.40
  594.52,   227.93,    95.77
  596.67,   230.87,   221.05
  599.39,   233.13,   344.15
  591.05,   352.30,    92.99
  593.39,   355.09,   217.58
  595.79,   358.09,   341.79
  722.61,   106.42,    96.99
  725.07,   109.90,   223.89
  728.76,   113.94,   346.00
  719.10,   231.40,    94.71
  721.99,   234.33,   221.12
  724.63,   238.14,   342.64
  716.73,   355.46,    91.46
  718.83,   357.61,   215.34
  720.31,   360.27,   339.39
  475.22,    98.93,   224.99
  474.10,    98.35,   349.94
  472.85,    98.12,   474.95
  477.68,   224.22,   224.25
  476.26,   223.47,   348.69
  475.09,   223.06,   474.04
  480.39,   349.33,   224.81
  479.30,   349.95,   348.97
  478.09,   350.58,   473.82
  599.42,    96.69,   227.87
  599.58,    96.62,   351.75
  598.07,    97.16,   475.95
  602.74,   221.85,   227.52
  601.80,   221.89,   350.50
  600.33,   222.02,   474.84
  605.61,   346.09,   226.10
  604.32,   346.88,   350.29
  602.89,   347.83,   475.48
  724.97,    94.64,   231.34
  725.01,    96.20,   353.90
  723.21,    98.04,   477.37
  728.11,   219.45,   231.43
  727.16,   221.27,   352.65
  725.06,   222.47,   475.54
  731.01,   342.66,   227.93
  728.87,   343.31,   351.72
  726.86,   344.30,   476.82
  473.33,    97.21,   347.52
  471.71,    96.06,   472.53
  469.52,    95.96,   597.60
  475.89,   222.29,   347.18
  474.32,   220.91,   472.53
  472.51,   220.76,   598.20
  479.31,   348.74,   348.41
  477.72,   348.40,   473.25
  475.73,   348.17,   598.97
  598.78,    95.02,   349.71
  596.92,    94.64,   473.91
  593.73,    94.32,   599.19
  601.41,   220.30,   349.38
  599.57,   219.46,   473.68
  596.74,   219.46,   599.61
  604.33,   345.28,   350.10
  602.51,   345.28,   475.26
  600.50,   345.35,   601.45
  724.20,    94.11,   352.23
  722.04,    95.03,   475.75
  718.60,    93.85,   601.64
  726.77,   219.29,   351.91
  724.30,   219.57,   474.75
  720.99,   218.95,   601.08
  728.87,   341.34,   351.91
  726.48,   341.43,   476.95
  724.92,   341.71,   603.31
  473.62,    98.16,   472.67
  470.67,    97.72,   597.75
  467.48,    97.81,   722.81
  471.22,   223.10,   472.99
  468.66,   222.59,   598.64
  465.45,   223.26,   723.95
  469.59,   350.60,   473.95
  466.84,   350.00,   599.62
  463.95,   349.37,   725.50
  598.83,   101.76,   474.74
  594.82,   101.10,   600.05
  591.07,   100.07,   726.31
  596.46,   226.61,   474.98
  592.93,   226.27,   600.91
  589.49,   226.27,   727.58
  594.44,   352.57,   476.83
  591.68,   352.28,   602.98
  589.05,   351.64,   729.16
  723.97,   107.42,   477.10
  719.59,   105.91,   603.05
  715.99,   103.31,   730.08
  721.12,   231.44,   476.88
  717.20,   230.54,   603.25
  714.30,   228.69,   731.38
  718.41,   353.44,   479.46
  716.21,   353.47,   605.82
  714.51,   353.26,   732.14
  475.80,    99.72,   597.80
  476.32,   101.57,   722.93
  478.28,   102.40,   848.24
  477.74,   224.70,   596.97
  478.22,   227.18,   722.41
  479.60,   228.66,   846.88
  479.91,   352.14,   596.28
  480.79,   353.28,   722.26
  482.51,   354.04,   846.89
  600.06,    99.33,   596.37
  600.00,   100.02,   722.68
  602.45,   100.31,   848.51
  602.06,   224.51,   595.37
  602.35,   226.20,   722.22
  604.33,   226.86,   847.22
  604.71,   350.32,   595.78
  605.92,   351.50,   722.10
  607.28,   352.03,   846.08
  725.00,   100.20,   595.67
  725.17,    99.43,   722.53
  727.54,    99.96,   848.38
  726.37,   225.01,   593.76
  727.13,   224.77,   722.06
  729.97,   224.52,   848.41
  729.11,   347.56,   594.60
  731.32,   349.09,   721.09
  732.27,   350.10,   845.90
  476.55,   225.21,   100.12
  478.55,   226.43,   224.88
  481.09,   226.21,   349.29
  479.37,   350.14,    99.62
  481.96,   351.51,   224.85
  484.81,   352.66,   348.99
  482.23,   474.86,    98.75
  485.54,   476.04,   224.34
  488.17,   478.38,   348.38
  601.11,   222.12,    98.99
  603.58,   223.35,   224.28
  606.59,   223.97,   347.25
  604.60,   346.46,    97.71
  607.15,   347.54,   222.24
  609.76,   348.80,   346.40
  608.35,   470.90,    96.35
  610.94,   471.70,   220.62
  612.84,   473.52,   345.58
  725.64,   218.76,    97.88
  728.89,   220.16,   224.39
  731.89,   222.53,   345.66
  730.16,   342.87,    96.06
  732.55,   343.42,   220.21
  734.31,   344.50,   343.96
  734.88,   467.37,    93.97
  736.40,   467.58,   216.81
  737.39,   467.92,   342.54
  473.02,   226.53,   224.13
  471.68,   225.02,   348.59
  470.60,   223.83,   473.95
  472.46,   351.68,   225.47
  471.44,   351.53,   349.62
  470.32,   351.36,   474.44
  472.04,   476.32,   226.34
  470.87,   477.36,   350.33
  469.46,   478.03,   474.84
  598.10,   227.42,   227.20
  597.23,   226.65,   350.28
  595.87,   225.99,   474.69
  597.69,   351.73,   226.60
  596.51,   351.78,   350.85
  595.19,   351.97,   476.05
  597.49,   476.03,   226.52
  595.66,   476.82,   351.43
  594.11,   477.60,   477.01
  723.51,   228.20,   230.90
  722.58,   229.13,   352.29
  720.59,   229.53,   475.33
  723.11,   351.45,   228.11
  721.05,   351.30,   352.14
  719.20,   351.54,   477.40
  722.93,   475.71,   226.42
  720.14,   475.01,   352.28
  718.39,   475.11,   478.82
  474.91,   222.74,   346.80
  473.24,   221.16,   472.13
  471.33,   220.81,   597.80
  475.97,   349.23,   348.19
  474.27,   348.68,   473.01
  472.17,   348.24,   598.71
  476.71,   475.06,   349.29
  474.72,   475.39,   473.81
  472.65,   474.84,   599.46
  600.47,   223.11,   349.10
  598.52,   222.07,   473.43
  595.61,   221.88,   599.35
  601.03,   348.15,   349.99
  599.11,   347.96,   475.17
  597.00,   347.84,   601.35
  601.47,   473.11,   350.94
  599.34,   473.53,   476.56
  597.74,   473.41,   602.77
  725.83,   224.36,   351.72
  723.26,   224.43,   474.63
  719.89,   223.66,   600.96
  725.58,   346.46,   351.90
  723.11,   346.36,   477.04
  721.48,   346.48,   603.40
  725.94,   470.02,   352.38
  723.59,   469.74,   478.92
  722.80,   470.29,   605.28
  474.40,   221.63,   475.54
  473.10,   223.32,   601.22
  471.14,   226.14,   726.59
  476.75,   349.15,   474.47
  475.29,   350.72,   600.19
  473.69,   352.22,   726.13
  478.53,   475.83,   473.32
  477.09,   477.26,   598.99
  475.86,   478.04,   725.03
  599.66,   221.26,   476.20
  597.36,   223.06,   602.17
  595.22,   225.13,   728.94
  601.58,   347.10,   476.00
  600.10,   348.95,   602.22
  598.81,   350.46,   728.47
  603.13,   472.56,   475.45
  602.18,   474.43,   601.68
  601.33,   475.65,   727.27
  724.39,   222.37,   476.78
  721.64,   223.50,   603.17
  720.01,   223.58,   731.45
  725.57,   344.23,   477.22
  724.58,   346.26,   603.61
  724.24,   348.10,   730.07
  727.37,   467.47,   477.16
  727.21,   469.96,   603.53
  726.98,   472.80,   728.36
  475.20,   224.09,   601.58
  471.48,   224.49,   726.92
  468.62,   223.86,   851.26
  475.97,   351.51,   602.97
  472.60,   350.57,   728.85
  470.11,   349.31,   853.37
  476.34,   478.03,   604.17
  473.35,   476.39,   730.16
  470.83,   474.63,   854.96
  599.44,   225.27,   604.31
  595.55,   224.88,   731.04
  593.36,   223.46,   855.57
  600.77,   351.13,   606.79
  597.72,   350.22,   732.95
  594.86,   348.64,   856.51
  601.43,   476.63,   608.61
  598.80,   475.42,   734.09
  595.59,   473.64,   857.49
  723.70,   226.98,   607.12
  720.38,   224.67,   735.35
  719.12,   222.58,   860.97
  725.30,   349.78,   609.97
  723.17,   349.27,   736.31
  719.64,   348.07,   860.62
  726.54,   473.63,   612.20
  724.42,   474.07,   736.88
  719.44,   473.04,   860.20
  474.69,   350.49,   102.05
  476.55,   350.43,   227.27
  478.65,   350.12,   351.41
  475.28,   475.25,   102.71
  477.84,   475.07,   228.28
  479.76,   475.97,   352.28
  476.62,   600.03,   102.81
  479.03,   599.27,   228.15
  480.15,   600.24,   352.38
  599.96,   349.10,   100.78
  601.78,   348.79,   225.34
  603.69,   348.64,   349.54
  601.41,   473.60,   100.88
  603.27,   473.04,   225.31
  604.50,   473.55,   350.25
  603.21,   598.86,   101.09
  604.92,   598.27,   226.02
  605.26,   598.55,   350.54
  725.65,   347.73,    99.79
  727.22,   346.90,   223.89
  728.26,   346.58,   347.77
  728.01,   472.31,    99.02
  728.75,   471.11,   222.15
  729.03,   470.13,   347.95
  729.49,   597.97,    98.87
  730.25,   597.52,   223.37
  730.68,   596.55,   348.59
  474.49,   350.90,   227.08
  474.04,   347.45,   351.16
  473.49,   343.94,   475.98
  476.91,   475.50,   231.20
  476.30,   473.31,   355.15
  475.49,   470.67,   479.69
  479.22,   599.65,   234.18
  477.80,   597.60,   358.38
  476.48,   595.29,   483.11
  599.71,   348.13,   227.60
  599.11,   344.89,   351.76
  598.35,   341.75,   476.87
  602.31,   472.33,   230.72
  601.04,   469.82,   355.63
  600.12,   467.28,   481.25
  605.04,   597.47,   234.53
  602.83,   594.73,   359.02
  601.34,   592.20,   484.12
  725.11,   345.08,   228.63
  723.67,   341.78,   352.47
  722.37,   338.84,   477.45
  727.70,   469.14,   230.06
  725.48,   465.16,   355.89
  724.33,   461.99,   482.38
  730.31,   595.45,   234.34
  728.20,   591.36,   359.58
  726.99,   587.88,   485.47
  476.48,   350.93,   350.81
  479.03,   352.08,   475.65
  481.17,   353.32,   601.40
  474.07,   476.73,   350.32
  476.33,   478.70,   474.85
  478.51,   479.79,   600.54
  470.97,   600.95,   349.05
  472.65,   603.18,   473.74
  475.03,   604.47,   599.11
  601.49,   352.94,   348.37
  603.80,   354.39,   473.58
  605.97,   355.90,   599.80
  598.82,   477.90,   347.71
  600.88,   479.88,   473.30
  603.54,   481.36,   599.53
  596.06,   602.84,   346.63
  597.45,   604.82,   471.51
  600.13,   606.33,   597.40
  726.01,   354.20,   345.99
  727.73,   355.61,   471.21
  730.42,   357.35,   597.53
  723.34,   477.96,   344.81
  725.14,   479.17,   471.33
  728.54,   481.20,   597.72
  721.47,   604.48,   344.11
  723.23,   605.54,   469.67
  725.82,   606.96,   595.74
  474.63,   348.99,   476.15
  476.82,   352.68,   601.84
  478.89,   356.26,   727.76
  472.09,   475.61,   472.92
  474.28,   479.14,   598.54
  476.70,   481.99,   724.55
  468.59,   600.10,   469.44
  470.93,   603.79,   594.73
  473.73,   606.74,   720.13
  599.45,   351.22,   473.97
  601.63,   355.14,   600.16
  604.06,   358.69,   726.38
  596.67,   476.73,   471.28
  599.32,   480.60,   597.46
  602.13,   483.88,   723.04
  593.35,   601.59,   467.14
  596.01,   605.51,   592.93
  598.96,   609.06,   718.41
  723.40,   352.37,   471.53
  726.09,   356.46,   597.85
  729.52,   360.47,   724.11
  720.89,   475.86,   469.25
  724.29,   480.27,   595.62
  727.77,   485.15,   720.41
  719.04,   602.08,   465.19
  721.69,   605.95,   591.21
  724.38,   610.51,   715.78
  476.01,   352.64,   599.24
  475.13,   351.29,   725.18
  475.09,   349.61,   849.78
  477.92,   479.14,   600.86
  477.42,   477.09,   726.91
  477.37,   474.89,   851.75
  479.01,   603.84,   601.91
  478.93,   601.93,   727.43
  478.60,   599.86,   852.41
  600.83,   350.69,   600.50
  600.25,   349.40,   726.76
  599.86,   347.45,   850.59
  603.01,   476.17,   602.78
  602.89,   474.57,   728.36
  602.15,   472.40,   851.88
  604.24,   601.12,   603.20
  604.26,   599.84,   728.65
  603.42,   598.14,   852.64
  725.30,   347.83,   601.11
  725.67,   346.90,   727.56
  724.79,   345.35,   852.22
  728.06,   471.54,   603.84
  728.55,   471.59,   728.67
  726.24,   470.34,   852.10
  729.95,   597.09,   604.48
  729.80,   596.96,   728.87
  728.18,   596.20,   852.53
  475.95,   476.88,   102.26
  479.18,   476.83,   227.82
  481.75,   477.89,   351.82
  478.76,   601.65,   102.17
  481.84,   601.01,   227.50
  483.59,   602.13,   351.73
  482.34,   726.17,   101.88
  484.71,   725.07,   226.52
  485.27,   725.57,   351.14
  602.05,   473.78,    99.79
  604.58,   473.36,   224.19
  606.46,   473.98,   349.12
  605.31,   599.03,    99.80
  607.70,   598.58,   224.71
  608.69,   598.97,   349.23
  608.67,   724.63,   100.02
  610.78,   724.51,   225.68
  611.02,   724.38,   348.92
  728.61,   471.05,    97.33
  730.03,   470.00,   220.37
  730.98,   469.14,   346.14
  731.56,   596.65,    96.94
  732.98,   596.38,   221.36
  734.09,   595.53,   346.61
  733.14,   723.02,    97.47
  735.40,   724.08,   224.59
  737.44,   723.80,   347.39
  474.84,   475.85,   225.00
  477.46,   479.15,   348.98
  479.81,   482.14,   473.50
  473.65,   600.01,   222.48
  475.50,   603.34,   346.69
  477.24,   606.56,   471.35
  472.67,   723.98,   219.18
  473.42,   726.75,   343.90
  474.49,   729.64,   469.06
  600.30,   476.19,   221.35
  602.21,   479.11,   346.23
  604.37,   482.07,   471.82
  599.59,   601.38,   219.71
  600.63,   604.07,   344.15
  602.10,   607.02,   468.99
  598.90,   727.12,   218.32
  599.11,   729.27,   341.69
  599.99,   731.54,   465.40
  725.81,   476.62,   217.44
  726.77,   478.05,   343.18
  728.67,   480.20,   469.70
  724.97,   603.08,   216.42
  726.07,   604.61,   341.51
  727.96,   606.61,   467.06
  723.59,   730.63,   217.38
  725.47,   732.74,   340.13
  727.40,   734.21,   463.42
  477.27,   476.45,   350.25
  478.63,   476.15,   474.80
  479.91,   474.97,   600.51
  478.36,   600.71,   351.17
  479.14,   600.70,   475.89
  480.66,   599.73,   601.33
  479.27,   724.15,   351.60
  479.40,   723.82,   476.74
  481.30,   723.00,   601.93
  602.03,   473.40,   348.55
  603.22,   473.12,   474.18
  604.98,   472.35,   600.43
  603.47,   598.36,   349.66
  604.03,   598.07,   474.68
  605.87,   597.34,   600.66
  604.98,   723.63,   350.32
  604.97,   722.67,   474.21
  606.29,   721.60,   600.02
  726.55,   469.29,   346.57
  727.46,   468.25,   473.10
  729.96,   468.07,   599.48
  728.87,   595.66,   348.04
  729.77,   594.38,   473.83
  731.56,   593.61,   599.96
  731.43,   723.84,   349.72
  732.33,   721.99,   473.43
  732.46,   720.36,   598.90
  476.90,   477.57,   472.99
  474.72,   475.77,   598.62
  472.73,   473.33,   724.65
  475.33,   602.10,   474.71
  473.38,   600.52,   600.09
  471.79,   598.18,   725.58
  473.52,   725.22,   476.26
  471.99,   723.78,   601.43
  471.09,   721.79,   725.94
  601.50,   476.64,   475.85
  599.81,   475.29,   602.05
  598.20,   473.26,   727.64
  600.18,   601.60,   476.93
  598.56,   600.27,   602.87
  597.12,   598.54,   728.34
  598.96,   726.08,   477.13
  596.87,   724.39,   602.95
  595.35,   722.83,   728.65
  725.78,   473.82,   478.33
  724.87,   473.12,   604.67
  723.85,   472.73,   729.49
  725.96,   600.06,   479.58
  724.26,   598.72,   605.65
  722.62,   598.13,   730.06
  726.29,   727.53,   479.67
  722.87,   725.28,   605.17
  719.81,   724.03,   730.81
  474.85,   477.44,   598.67
  472.43,   479.01,   724.68
  470.46,   480.41,   849.59
  474.33,   602.17,   596.15
  472.31,   603.82,   721.57
  470.07,   605.32,   846.57
  473.71,   725.41,   593.52
  472.42,   727.37,   718.03
  469.46,   729.83,   842.40
  599.93,   476.19,   602.53
  597.90,   478.17,   728.08
  595.30,   479.59,   851.61
  599.50,   601.15,   599.34
  597.61,   603.42,   724.77
  594.93,   605.34,   848.82
  598.66,   725.27,   595.39
  596.63,   727.63,   721.11
  594.41,   730.48,   845.94
  725.00,   473.26,   605.57
  723.54,   476.87,   730.34
  719.33,   479.14,   853.64
  725.21,   598.81,   602.56
  723.10,   602.24,   726.95
  719.74,   605.10,   850.63
  724.78,   725.41,   598.09
  721.08,   728.14,   723.66
  719.76,   730.52,   851.04
  472.93,   601.24,   102.07
  473.30,   599.63,   227.44
  472.44,   599.78,   351.69
  470.51,   725.65,   102.72
  470.17,   723.53,   227.31
  468.20,   723.15,   352.14
  467.42,   850.29,   103.29
  466.54,   848.74,   227.27
  464.60,   847.93,   353.34
  599.53,   604.51,   102.46
  599.19,   603.09,   227.44
  597.48,   602.60,   351.90
  597.01,   730.00,   103.73
  596.32,   728.73,   229.16
  593.75,   727.62,   352.49
  593.17,   855.24,   104.63
  592.33,   854.35,   229.69
  590.18,   852.88,   353.51
  725.74,   608.13,   102.29
  724.50,   606.88,   227.01
  722.89,   605.15,   352.07
  721.48,   734.55,   104.18
  721.12,   734.46,   231.06
  720.20,   733.14,   353.53
  716.30,   860.39,   106.01
  716.52,   860.08,   232.81
  716.73,   858.68,   353.89
  476.58,   600.02,   227.59
  477.57,   599.23,   351.82
  478.56,   598.27,   476.52
  477.82,   724.01,   228.49
  477.64,   722.65,   353.21
  478.00,   721.40,   478.35
  478.54,   849.33,   229.47
  478.36,   847.48,   355.36
  478.71,   845.16,   481.27
  602.49,   599.17,   225.63
  602.67,   597.68,   350.12
  603.43,   596.45,   475.14
  603.97,   724.98,   228.43
  603.34,   722.92,   351.71
  603.53,   721.03,   475.64
  604.31,   850.76,   230.13
  604.11,   848.35,   353.59
  604.21,   845.15,   477.67
  727.83,   598.56,   223.14
  728.08,   595.80,   348.31
  729.16,   593.56,   474.09
  728.73,   726.23,   228.23
  729.81,   723.95,   350.90
  730.88,   721.14,   474.63
  728.48,   852.20,   231.46
  730.82,   849.99,   352.32
  731.84,   846.88,   474.92
  473.95,   598.93,   351.48
  476.36,   601.18,   476.16
  479.47,   602.48,   601.56
  474.28,   722.34,   349.62
  476.04,   724.29,   474.75
  479.52,   725.73,   599.89
  475.26,   847.19,   348.45
  477.01,   848.15,   474.43
  480.43,   848.71,   599.79
  599.04,   597.14,   348.38
  601.20,   599.14,   473.32
  604.64,   600.67,   599.24
  599.96,   722.30,   346.76
  601.53,   723.68,   470.59
  604.47,   724.89,   596.30
  600.99,   847.78,   345.43
  602.48,   847.89,   469.44
  604.80,   848.01,   595.30
  724.40,   594.97,   345.12
  726.91,   596.04,   470.83
  730.32,   597.53,   596.93
  726.33,   723.09,   344.57
  728.87,   723.62,   468.13
  730.68,   724.29,   593.54
  727.52,   849.18,   342.97
  730.10,   849.34,   465.24
  730.92,   849.62,   590.90
  472.56,   603.36,   474.64
  473.38,   602.66,   600.04
  474.58,   601.21,   725.56
  471.72,   726.49,   475.35
  472.93,   725.92,   600.51
  474.81,   724.82,   725.05
  472.18,   850.40,   477.13
  473.37,   848.95,   602.48
  474.82,   847.43,   726.65
  597.43,   601.98,   474.06
  598.56,   601.51,   600.01
  599.91,   600.65,   725.53
  597.16,   726.43,   473.41
  597.84,   725.63,   599.20
  599.04,   724.94,   724.96
  597.55,   850.55,   474.45
  597.64,   848.66,   600.38
  597.94,   847.79,   726.52
  723.19,   599.53,   473.88
  724.28,   599.00,   600.01
  725.43,   599.26,   724.51
  724.51,   726.99,   473.15
  723.96,   725.61,   598.65
  723.55,   725.23,   724.29
  725.11,   852.48,   472.37
  723.55,   850.74,   598.25
  721.46,   849.94,   726.19
  473.85,   600.66,   599.33
  474.86,   602.80,   724.80
  475.64,   604.80,   849.76
  473.21,   723.91,   596.19
  474.93,   726.36,   720.72
  474.95,   729.38,   845.13
  473.45,   846.95,   594.53
  474.81,   848.96,   718.82
  475.03,   852.73,   841.92
  599.03,   599.62,   599.49
  600.18,   602.36,   724.93
  600.52,   604.78,   848.95
  598.16,   723.74,   595.03
  599.15,   726.59,   720.77
  600.00,   729.94,   845.67
  597.83,   846.79,   592.51
  597.94,   849.38,   718.72
  599.31,   852.82,   844.15
  724.74,   597.21,   599.66
  725.71,   601.10,   724.10
  725.41,   604.52,   847.75
  724.35,   723.80,   594.70
  723.67,   727.04,   720.24
  725.30,   729.94,   847.73
  723.91,   848.97,   590.57
  721.55,   851.71,   718.32
  723.25,   853.04,   849.86
  597.03,    99.24,    99.21
  600.28,    95.97,   224.54
  605.51,    92.03,   348.44
  597.22,   224.29,   102.93
  600.80,   221.09,   228.03
  604.90,   217.25,   350.97
  597.19,   348.63,   106.05
  600.81,   345.37,   230.52
  604.55,   342.19,   354.62
  722.16,    99.47,    96.55
  725.80,    96.81,   223.14
  730.86,    94.42,   345.66
  721.85,   224.52,   100.78
  726.13,   221.56,   227.00
  730.22,   219.56,   348.26
  722.86,   348.56,   103.24
  726.20,   344.81,   227.30
  729.08,   341.58,   351.09
  847.93,    98.43,    93.29
  851.61,    96.16,   218.78
  855.32,    95.57,   342.21
  846.66,   224.03,    97.99
  851.36,   221.15,   224.43
  854.37,   219.78,   345.79
  847.69,   349.51,   100.10
  851.63,   345.77,   224.44
  854.08,   342.39,   347.78
  597.80,   100.89,   225.97
  596.79,   102.72,   349.71
  594.21,   105.03,   473.81
  595.55,   226.02,   223.48
  593.49,   227.92,   346.53
  590.99,   229.90,   470.92
  592.91,   350.30,   220.17
  590.57,   353.04,   344.36
  588.10,   355.94,   469.47
  723.33,   104.48,   230.72
  722.26,   108.09,   352.90
  719.36,   111.69,   475.96
  720.90,   229.04,   228.29
  718.80,   232.57,   349.66
  715.65,   235.55,   472.72
  718.31,   352.28,   222.77
  715.09,   354.78,   346.75
  712.08,   357.67,   472.02
  848.98,   106.68,   232.80
  846.67,   112.19,   355.73
  843.67,   116.57,   479.03
  846.16,   231.44,   231.72
  843.04,   235.77,   352.94
  839.38,   239.43,   475.07
  843.73,   355.76,   225.72
  840.02,   357.90,   349.28
  836.21,   360.06,   474.05
  601.27,   101.51,   348.40
  600.92,   101.43,   472.54
  599.15,   101.50,   597.86
  603.60,   226.79,   347.79
  603.24,   226.36,   472.09
  601.93,   226.72,   598.04
  606.19,   351.71,   348.12
  605.85,   352.08,   473.34
  605.36,   352.51,   599.56
  726.73,   101.07,   349.54
  726.10,   102.33,   472.81
  724.05,   101.60,   598.69
  728.93,   225.94,   348.87
  727.95,   226.61,   471.72
  726.21,   226.39,   597.99
  730.73,   347.96,   348.43
  729.81,   348.34,   473.56
  729.80,   348.98,   599.91
  851.20,    99.33,   350.08
  850.50,   101.25,   474.00
  849.49,   100.07,   599.81
  853.11,   223.31,   350.17
  851.66,   224.70,   472.09
  850.76,   224.20,   597.93
  855.78,   345.88,   348.97
  854.04,   345.64,   473.30
  853.98,   345.20,   599.44
  601.49,    98.24,   472.49
  600.80,    98.08,   597.79
  600.31,    97.45,   724.10
  604.84,   223.11,   472.13
  604.55,   223.25,   598.07
  604.39,   223.59,   724.95
  608.45,   348.75,   473.58
  609.02,   348.96,   599.81
  609.79,   348.85,   726.12
  726.64,    98.01,   471.76
  725.74,    97.06,   597.64
  725.56,    95.07,   724.31
  729.55,   222.43,   470.68
  728.82,   221.99,   596.92
  729.12,   220.35,   725.29
  732.39,   344.10,   472.68
  733.39,   344.48,   599.01
  735.14,   344.67,   725.53
  851.06,    95.86,   471.91
  851.17,    94.44,   597.75
  851.73,    91.35,   723.97
  853.24,   219.50,   470.05
  853.38,   218.79,   595.79
  854.52,   216.41,   724.61
  856.59,   340.48,   471.34
  857.52,   339.77,   597.44
  859.63,   339.69,   723.98
  600.85,   100.84,   597.08
  600.46,   101.54,   723.42
  602.60,   101.84,   849.23
  603.00,   226.04,   596.11
  602.98,   227.72,   722.97
  604.64,   228.38,   847.93
  605.80,   351.82,   596.52
  606.70,   353.01,   722.84
  607.72,   353.53,   846.79
  725.78,   101.59,   596.71
  725.61,   100.79,   723.63
  727.70,   101.30,   849.48
  727.31,   226.36,   594.85
  727.78,   226.12,   723.15
  730.30,   225.90,   849.45
  730.22,   348.89,   595.68
  732.11,   350.44,   722.15
  732.68,   351.47,   846.93
  851.20,   100.67,   596.62
  851.77,    98.79,   723.17
  852.56,    99.16,   848.71
  851.85,   224.77,   593.59
  853.17,   223.77,   722.36
  855.06,   223.95,   848.98
  854.39,   345.75,   594.03
  856.68,   347.05,   720.43
  857.34,   349.80,   845.26
  598.14,   224.07,   101.01
  596.79,   224.70,   226.15
  595.93,   224.60,   349.23
  599.86,   348.45,   100.36
  598.57,   349.00,   224.91
  597.40,   349.72,   349.13
  601.80,   472.95,    99.66
  600.57,   473.25,   224.11
  598.74,   474.68,   349.04
  722.78,   222.44,   103.96
  722.18,   223.34,   229.93
  721.31,   224.96,   351.27
  725.55,   346.55,   102.47
  723.99,   346.60,   226.54
  721.97,   347.14,   350.44
  728.40,   471.15,   100.83
  726.02,   470.78,   224.05
  723.22,   470.72,   349.87
  847.73,   220.04,   106.32
  847.43,   221.23,   232.31
  845.56,   223.75,   353.51
  850.39,   345.63,   104.26
  849.44,   345.68,   228.56
  846.92,   346.01,   351.95
  852.91,   470.95,   102.36
  850.91,   470.68,   225.46
  848.97,   469.86,   350.88
  599.00,   223.66,   226.85
  597.46,   222.14,   349.88
  595.41,   220.69,   474.24
  595.65,   347.95,   226.91
  593.81,   347.23,   351.11
  591.81,   346.63,   476.27
  592.49,   472.21,   227.56
  590.04,   472.31,   352.41
  587.84,   472.36,   477.93
  724.36,   227.36,   231.24
  722.75,   227.58,   352.59
  720.09,   227.23,   475.60
  721.01,   350.57,   229.13
  718.29,   349.70,   353.13
  715.78,   349.24,   478.36
  717.87,   474.75,   228.17
  714.42,   473.40,   354.01
  712.02,   472.84,   480.51
  849.58,   230.35,   234.21
  846.90,   231.33,   355.47
  843.77,   231.69,   477.61
  846.42,   354.70,   231.67
  843.16,   353.50,   355.26
  839.86,   352.35,   479.96
  842.80,   479.53,   230.03
  840.04,   477.21,   355.71
  837.28,   475.12,   482.33
  598.82,   223.72,   349.58
  602.19,   223.37,   473.88
  604.54,   223.84,   599.78
  599.11,   348.81,   349.90
  602.48,   349.17,   475.06
  605.68,   349.61,   601.25
  599.27,   473.79,   350.26
  602.42,   474.67,   475.86
  606.15,   475.07,   602.09
  724.16,   225.22,   347.03
  726.92,   225.97,   469.81
  728.86,   225.87,   595.98
  723.66,   347.38,   346.52
  726.45,   347.78,   471.58
  730.09,   348.42,   597.87
  723.76,   471.00,   346.33
  726.64,   471.14,   472.83
  731.11,   472.11,   599.18
  848.42,   224.95,   344.72
  850.63,   226.36,   466.53
  853.38,   225.93,   592.14
  848.69,   347.45,   343.37
  850.67,   347.32,   467.66
  854.23,   346.94,   593.67
  849.51,   471.41,   342.58
  852.15,   470.22,   469.01
  855.68,   469.92,   594.92
  601.76,   225.60,   474.12
  599.42,   228.46,   600.08
  597.23,   231.59,   726.86
  599.05,   351.37,   472.82
  597.52,   354.29,   599.01
  596.16,   356.85,   725.24
  595.97,   476.92,   471.06
  594.88,   479.84,   597.23
  593.93,   482.08,   722.86
  726.41,   231.14,   474.77
  723.71,   233.37,   601.12
  722.13,   234.66,   729.29
  723.01,   352.94,   474.15
  722.01,   356.08,   600.52
  721.64,   359.09,   726.83
  720.20,   476.47,   472.82
  719.90,   479.98,   599.20
  719.57,   483.83,   724.05
  850.08,   234.49,   476.07
  848.23,   236.37,   602.09
  847.51,   236.94,   730.80
  847.23,   355.32,   474.97
  846.27,   357.44,   601.14
  846.44,   360.51,   727.19
  845.69,   478.27,   473.86
  844.65,   480.65,   599.79
  844.47,   485.29,   723.75
  600.96,   226.82,   600.15
  602.56,   228.90,   726.98
  605.85,   229.91,   851.78
  599.77,   352.64,   600.20
  602.23,   354.17,   726.46
  604.84,   355.05,   850.27
  597.86,   478.19,   599.57
  600.75,   479.39,   725.19
  603.03,   480.06,   848.75
  725.28,   231.04,   597.32
  727.43,   231.26,   725.54
  731.51,   231.51,   851.68
  724.22,   353.69,   597.84
  727.69,   355.64,   724.19
  729.73,   357.02,   848.79
  722.84,   477.54,   597.69
  726.39,   480.36,   722.53
  727.24,   482.08,   845.85
  849.78,   233.35,   594.40
  852.79,   232.85,   723.07
  856.21,   233.61,   849.49
  848.42,   354.36,   594.62
  852.33,   356.23,   720.76
  854.42,   359.43,   845.48
  847.53,   477.49,   594.45
  851.12,   480.93,   718.45
  852.28,   484.71,   842.37
  601.60,   349.07,    98.62
  601.68,   347.36,   223.19
  601.88,   345.78,   347.37
  602.74,   473.57,   100.15
  602.87,   471.60,   224.58
  602.40,   470.71,   349.51
  604.24,   598.82,   101.79
  604.20,   596.80,   226.72
  602.83,   595.69,   351.25
  727.30,   348.01,    99.34
  727.14,   345.77,   223.46
  726.48,   344.08,   347.32
  729.36,   472.59,    99.96
  728.34,   469.95,   223.14
  726.91,   467.58,   348.95
  730.51,   598.25,   101.25
  729.53,   596.32,   225.76
  728.22,   593.92,   351.00
  852.12,   347.91,    99.69
  852.59,   345.72,   224.10
  851.51,   343.83,   347.50
  853.86,   473.20,   100.12
  853.23,   470.74,   223.22
  852.72,   467.71,   348.57
  854.03,   598.39,   101.11
  853.47,   596.71,   225.45
  854.02,   593.71,   351.39
  601.74,   349.64,   223.88
  599.35,   350.70,   348.08
  596.84,   351.91,   473.25
  603.97,   473.88,   222.72
  600.90,   475.62,   347.66
  598.14,   477.44,   473.24
  606.36,   599.11,   222.32
  602.38,   600.56,   346.83
  598.92,   602.33,   471.75
  727.14,   347.05,   226.71
  723.89,   347.91,   350.59
  720.82,   349.15,   475.76
  729.38,   471.24,   223.88
  725.37,   471.49,   349.70
  722.39,   472.57,   476.23
  731.61,   597.66,   223.97
  727.74,   597.90,   349.19
  724.66,   598.73,   474.89
  852.55,   346.00,   229.94
  848.83,   346.63,   353.29
  844.96,   347.21,   477.76
  854.21,   471.04,   226.57
  851.11,   470.51,   351.95
  847.79,   470.02,   478.45
  855.45,   597.03,   226.27
  853.48,   596.62,   352.21
  851.05,   596.26,   478.39
  599.08,   351.37,   349.99
  597.26,   352.56,   475.20
  595.25,   353.78,   601.39
  599.53,   476.33,   349.58
  597.46,   478.12,   475.18
  595.94,   479.35,   601.37
  599.89,   601.28,   348.73
  597.14,   603.02,   473.66
  595.66,   604.29,   599.55
  723.62,   349.63,   351.80
  721.25,   350.84,   477.02
  719.76,   352.32,   603.41
  724.02,   473.27,   350.93
  721.74,   474.33,   477.48
  721.01,   476.21,   603.85
  725.28,   599.71,   350.41
  722.90,   600.54,   476.09
  721.38,   601.80,   602.16
  848.60,   349.42,   353.78
  845.43,   349.95,   478.33
  844.03,   350.47,   604.53
  849.79,   473.32,   352.46
  847.18,   472.82,   479.00
  845.72,   473.56,   604.89
  851.07,   599.50,   352.74
  849.33,   599.15,   478.91
  846.90,   600.04,   604.30
  600.44,   349.89,   472.85
  604.01,   352.13,   599.02
  607.81,   354.05,   725.27
  602.02,   475.35,   471.78
  606.09,   477.55,   597.99
  610.34,   479.21,   723.55
  603.12,   600.25,   469.21
  607.23,   602.50,   595.08
  611.58,   604.44,   720.50
  724.39,   346.81,   469.01
  728.37,   349.20,   595.29
  733.16,   351.48,   721.67
  726.20,   470.10,   468.38
  731.00,   472.83,   594.74
  735.96,   476.09,   719.56
  728.82,   596.26,   466.02
  732.90,   598.43,   592.10
  737.06,   601.44,   716.56
  848.57,   344.67,   464.75
  852.47,   346.07,   590.72
  857.63,   348.05,   717.04
  851.68,   467.52,   464.21
  855.56,   468.95,   590.15
  860.40,   472.55,   714.21
  855.19,   593.63,   463.17
  858.41,   595.36,   588.63
  861.72,   598.63,   712.78
  599.31,   350.03,   599.16
  597.06,   353.68,   725.38
  595.00,   356.65,   849.16
  596.05,   475.54,   596.33
  594.20,   478.86,   721.94
  591.87,   481.63,   845.59
  591.79,   600.45,   591.72
  590.11,   604.02,   717.21
  587.71,   607.27,   841.36
  723.77,   352.58,   601.51
  722.51,   356.62,   727.83
  719.77,   360.02,   852.20
  721.03,   476.39,   599.15
  719.81,   481.30,   723.98
  715.99,   485.00,   847.23
  717.42,   601.96,   594.62
  715.51,   606.61,   719.18
  712.56,   610.91,   842.83
  848.01,   354.65,   603.00
  847.28,   358.75,   729.06
  844.43,   363.99,   853.76
  845.74,   477.77,   600.57
  844.68,   483.47,   724.51
  840.80,   489.11,   848.48
  842.98,   604.23,   597.16
  840.45,   609.39,   721.19
  837.51,   614.01,   845.63
  600.42,   475.31,   100.91
  603.69,   472.03,   225.27
  606.34,   469.78,   350.14
  598.00,   600.49,   103.96
  601.10,   597.18,   228.82
  602.87,   594.78,   353.26
  595.77,   725.95,   107.25
  598.46,   722.82,   232.55
  599.39,   719.88,   355.82
  727.00,   478.29,    97.74
  729.14,   474.38,   220.77
  730.82,   470.64,   346.50
  724.22,   603.91,   100.40
  726.41,   600.73,   224.91
  728.24,   597.02,   349.99
  720.27,   730.31,   104.23
  723.28,   728.29,   230.96
  725.84,   725.06,   353.52
  851.52,   482.79,    94.87
  853.88,   479.21,   217.80
  856.61,   474.95,   343.10
  847.83,   607.91,    97.20
  850.26,   605.09,   221.57
  853.94,   600.86,   347.38
  842.82,   733.78,   100.86
  846.37,   731.58,   228.20
  851.49,   728.33,   351.99
  600.97,   473.67,   226.58
  598.22,   472.31,   351.48
  595.79,   470.97,   477.04
  604.52,   598.82,   229.30
  600.83,   597.19,   353.78
  597.77,   595.83,   478.80
  608.02,   724.66,   232.39
  603.51,   722.35,   355.58
  599.85,   720.25,   479.57
  726.34,   469.70,   227.39
  722.63,   466.87,   353.21
  719.98,   464.86,   479.70
  729.75,   596.02,   230.59
  726.14,   593.09,   355.82
  723.39,   590.78,   481.63
  732.73,   723.75,   235.89
  729.96,   721.18,   358.50
  727.08,   718.15,   482.36
  851.23,   468.13,   229.66
  848.31,   464.47,   355.08
  845.20,   460.93,   481.52
  853.72,   594.10,   232.51
  851.96,   590.47,   358.45
  849.69,   586.91,   484.65
  855.98,   720.47,   238.05
  855.63,   717.96,   362.26
  853.47,   715.43,   487.19
  601.77,   474.44,   348.41
  598.71,   472.57,   473.96
  596.16,   470.16,   600.10
  604.27,   599.36,   351.28
  600.57,   597.44,   476.26
  598.13,   595.07,   602.18
  606.85,   724.61,   353.66
  602.55,   721.92,   477.57
  599.64,   719.18,   603.38
  726.20,   469.16,   350.71
  722.90,   466.57,   477.19
  721.14,   464.83,   603.51
  729.60,   595.46,   353.92
  726.22,   592.55,   479.69
  723.78,   590.20,   605.76
  733.29,   723.61,   357.21
  729.80,   719.99,   481.00
  725.62,   716.70,   606.48
  851.92,   467.06,   353.21
  848.19,   462.90,   479.61
  845.73,   459.96,   605.46
  855.37,   593.02,   357.20
  852.53,   588.89,   483.34
  849.12,   586.07,   608.65
  858.86,   720.39,   361.57
  856.12,   717.39,   486.47
  851.76,   714.69,   611.23
  600.46,   474.52,   474.36
  599.44,   471.21,   600.52
  598.51,   467.23,   726.12
  601.02,   599.41,   477.46
  600.10,   596.14,   603.40
  599.34,   592.47,   728.84
  601.67,   723.89,   479.60
  600.30,   720.27,   605.43
  599.45,   716.80,   731.09
  724.72,   469.84,   476.09
  724.46,   467.17,   602.40
  724.16,   464.81,   727.28
  726.76,   595.92,   479.39
  725.79,   592.63,   605.47
  724.90,   590.13,   729.84
  729.00,   723.36,   481.50
  726.30,   719.17,   607.01
  724.04,   716.02,   732.51
  850.15,   467.58,   477.03
  849.08,   463.69,   602.87
  848.98,   462.01,   726.91
  853.15,   593.66,   481.60
  851.20,   589.92,   606.91
  849.81,   587.87,   730.81
  855.39,   722.19,   485.50
  852.51,   718.59,   610.32
  848.96,   715.01,   734.89
  602.43,   474.94,   600.92
  599.27,   472.26,   726.46
  595.57,   468.99,   849.98
  602.05,   599.91,   602.47
  599.04,   597.53,   727.88
  595.23,   594.68,   851.86
  601.21,   724.08,   603.23
  598.10,   721.83,   728.90
  594.70,   719.99,   853.63
  727.47,   471.88,   605.07
  724.90,   470.84,   729.85
  719.58,   468.42,   853.21
  727.73,   597.45,   606.80
  724.53,   596.23,   731.12
  719.85,   594.28,   854.72
  727.18,   724.08,   607.05
  722.57,   722.14,   732.61
  720.16,   719.82,   859.58
  852.08,   469.45,   607.77
  849.69,   469.14,   731.70
  844.31,   468.76,   855.91
  853.10,   595.88,   610.54
  849.40,   595.05,   734.44
  844.80,   593.56,   858.85
  853.34,   724.63,   612.68
  847.42,   722.25,   737.28
  844.44,   718.62,   865.29
  599.38,   599.07,    99.34
  598.84,   597.01,   224.30
  596.93,   595.93,   348.81
  597.32,   724.55,   101.17
  596.45,   722.66,   226.65
  593.64,   720.95,   350.03
  594.05,   849.81,   102.76
  592.97,   848.31,   227.88
  590.48,   846.23,   351.59
  725.70,   602.18,    99.47
  724.19,   600.28,   224.04
  722.27,   597.92,   349.19
  721.93,   728.56,   101.82
  721.26,   727.85,   228.70
  720.03,   725.90,   351.32
  717.21,   854.49,   104.35
  717.17,   853.70,   231.33
  717.05,   851.75,   352.39
  849.28,   605.96,    99.90
  848.11,   604.33,   224.35
  848.06,   601.35,   350.22
  844.50,   731.81,   102.23
  844.43,   730.94,   229.62
  845.85,   729.06,   353.40
  840.29,   857.97,   105.25
  840.66,   856.03,   233.89
  843.21,   854.52,   354.05
  603.32,   600.39,   226.98
  600.39,   600.69,   351.48
  598.04,   601.25,   476.46
  607.78,   726.24,   228.13
  604.04,   725.87,   351.37
  601.09,   725.68,   475.28
  611.04,   852.05,   228.22
  607.82,   851.33,   351.59
  604.79,   849.80,   475.70
  728.55,   596.74,   227.54
  725.72,   595.79,   352.78
  723.72,   595.43,   478.56
  732.42,   724.44,   230.93
  730.45,   723.90,   353.61
  728.37,   722.85,   477.35
  735.12,   850.45,   232.66
  734.47,   849.95,   353.37
  732.34,   848.53,   475.98
  852.48,   593.93,   228.69
  851.47,   592.29,   354.67
  850.04,   590.72,   480.91
  855.55,   720.29,   232.30
  856.01,   719.76,   356.59
  854.71,   719.25,   481.50
  858.58,   845.19,   235.60
  860.20,   845.26,   356.18
  858.69,   846.01,   479.31
  598.20,   599.03,   348.07
  598.86,   599.42,   473.03
  600.80,   599.35,   598.99
  597.71,   724.17,   348.08
  597.76,   723.92,   471.98
  599.25,   723.53,   597.75
  597.33,   849.60,   348.40
  597.31,   848.05,   472.56
  598.20,   846.59,   598.47
  723.60,   598.32,   346.33
  724.59,   597.76,   472.03
  726.49,   597.64,   598.16
  724.13,   726.42,   347.34
  725.10,   725.28,   470.93
  725.40,   724.30,   596.42
  723.91,   852.36,   347.24
  724.88,   850.83,   469.74
  724.18,   849.48,   595.55
  849.34,   599.05,   345.18
  851.04,   597.35,   471.40
  852.02,   596.80,   596.86
  849.79,   726.67,   347.26
  851.61,   725.93,   471.97
  851.73,   725.62,   597.00
  849.84,   852.11,   347.00
  851.57,   852.42,   469.56
  850.92,   852.74,   595.71
  600.72,   601.16,   475.46
  600.12,   604.61,   601.32
  599.71,   607.70,   726.73
  601.32,   725.64,   470.87
  600.19,   728.70,   596.57
  599.60,   731.87,   722.31
  602.56,   849.83,   467.91
  600.86,   851.71,   593.85
  599.37,   854.57,   720.11
  726.49,   597.88,   477.06
  725.85,   601.37,   603.08
  725.20,   605.59,   727.45
  728.68,   725.39,   472.44
  726.35,   727.96,   597.80
  724.06,   731.51,   723.41
  730.17,   851.01,   467.70
  726.88,   853.06,   593.45
  722.93,   856.05,   721.35
  852.90,   595.80,   478.99
  851.34,   598.93,   604.34
  850.11,   603.59,   728.37
  855.08,   724.36,   476.11
  852.65,   727.70,   600.98
  849.17,   730.99,   725.49
  856.65,   850.85,   470.28
  853.54,   854.70,   596.27
  848.97,   857.40,   722.30
  598.09,   600.22,   600.59
  600.44,   597.74,   726.09
  601.95,   594.88,   850.09
  597.08,   724.33,   601.41
  599.31,   722.05,   727.13
  601.27,   720.20,   851.98
  596.56,   847.32,   604.20
  597.88,   844.93,   730.23
  600.64,   843.43,   855.48
  723.78,   598.02,   599.59
  725.97,   596.64,   724.09
  726.76,   594.79,   847.66
  723.16,   724.59,   599.86
  723.82,   722.61,   725.46
  726.68,   720.32,   852.62
  722.40,   849.70,   601.08
  721.37,   847.34,   729.01
  724.93,   843.54,   860.35
  849.30,   596.61,   598.11
  850.84,   595.64,   722.15
  851.82,   594.29,   846.47
  849.49,   725.39,   600.18
  848.90,   723.07,   724.77
  850.63,   719.48,   852.61
  849.15,   852.52,   600.95
  847.22,   849.73,   727.21
  848.75,   844.30,   858.74
