8, 8, 27, 8, pa1-unknown-k-calreadings.txt
   -0.73,   -23.77, -1499.81
   -0.66,   -21.39, -1349.83
    1.51,   126.20, -1502.19
    1.58,   128.57, -1352.21
  149.25,   -26.01, -1499.85
  149.32,   -23.63, -1349.87
  151.49,   123.96, -1502.23
  151.56,   126.34, -1352.25
  210.71,   188.25, -1291.39
  214.72,   188.65, -1041.42
  214.49,   438.22, -1291.85
  218.50,   438.62, -1041.89
  460.65,   184.46, -1295.39
  464.66,   184.87, -1045.42
  464.43,   434.43, -1295.85
  468.44,   434.84, -1045.88
  210.10,   218.33,   208.26
  208.58,   212.52,   341.68
  209.79,   206.48,   470.69
  206.92,   339.20,   206.14
  209.32,   337.32,   339.62
  213.92,   334.46,   470.69
  206.47,   459.86,   209.62
  211.38,   461.46,   337.94
  217.25,   461.06,   467.05
  334.53,   219.93,   206.35
  335.56,   212.21,   334.92
  338.54,   203.92,   462.16
  332.53,   340.95,   204.20
  335.19,   336.55,   332.80
  339.99,   332.14,   460.99
  331.21,   461.31,   206.25
  334.56,   461.01,   332.87
  339.91,   460.48,   460.47
  458.79,   215.34,   204.09
  463.52,   209.99,   329.62
  467.84,   204.21,   456.32
  459.36,   339.29,   205.35
  461.95,   333.82,   329.76
  465.28,   329.48,   454.95
  458.20,   462.22,   207.48
  458.80,   459.30,   331.88
  461.33,   457.27,   457.01
   -5.79,    27.38, -1499.74
   -5.21,    24.65, -1349.76
   -4.48,   177.35, -1497.01
   -3.90,   174.62, -1347.03
  144.21,    26.08, -1500.34
  144.78,    23.35, -1350.37
  145.52,   176.05, -1497.61
  146.09,   173.32, -1347.63
  206.16,   228.67, -1046.51
  211.58,   228.56,  -796.57
  201.60,   478.63, -1046.30
  207.03,   478.52,  -796.36
  456.06,   233.23, -1051.94
  461.48,   233.12,  -801.99
  451.50,   483.19, -1051.73
  456.93,   483.08,  -801.79
  205.86,   209.82,   459.37
  211.52,   211.31,   581.05
  219.88,   216.21,   697.45
  206.45,   337.73,   455.09
  211.57,   339.23,   579.40
  215.65,   340.47,   698.27
  206.42,   464.04,   447.42
  210.71,   464.83,   574.29
  211.73,   462.72,   698.83
  334.59,   210.91,   450.46
  338.85,   210.99,   574.32
  342.86,   216.55,   695.20
  332.51,   339.03,   445.23
  337.75,   340.78,   570.65
  341.21,   344.52,   693.59
  329.02,   466.71,   440.68
  334.43,   469.30,   567.81
  337.66,   470.23,   694.33
  463.83,   214.08,   443.77
  465.44,   214.23,   569.35
  463.51,   218.21,   693.34
  457.58,   339.59,   438.84
  460.71,   341.86,   564.29
  462.75,   347.05,   690.51
  450.37,   467.27,   436.82
  454.63,   470.50,   563.21
  459.37,   474.20,   691.18
  -15.20,     9.84, -1499.89
  -13.68,     8.86, -1349.90
  -14.12,   159.83, -1498.92
  -12.60,   158.85, -1348.93
  134.79,     8.77, -1501.42
  136.31,     7.79, -1351.43
  135.87,   158.76, -1500.44
  137.39,   157.78, -1350.46
  198.76,   456.48, -1288.11
  200.49,   457.06, -1038.12
  204.50,   706.41, -1288.73
  206.23,   706.99, -1038.74
  448.69,   450.73, -1289.83
  450.42,   451.31, -1039.83
  454.43,   700.66, -1290.45
  456.16,   701.24, -1040.45
  206.77,   447.60,   204.66
  209.15,   452.03,   333.51
  212.81,   454.64,   463.04
  211.11,   572.43,   210.88
  213.04,   576.49,   333.57
  215.22,   578.27,   458.47
  216.36,   702.31,   219.61
  215.60,   701.87,   338.26
  214.62,   699.96,   458.05
  331.75,   447.38,   204.00
  332.47,   449.72,   330.90
  335.58,   451.73,   458.86
  334.55,   571.55,   207.16
  334.28,   575.27,   332.02
  335.89,   578.03,   458.53
  339.13,   700.79,   212.65
  336.68,   702.24,   336.68
  335.69,   702.47,   461.41
  458.72,   446.31,   207.85
  457.08,   445.77,   332.04
  457.34,   446.61,   457.20
  459.64,   570.97,   206.77
  457.24,   573.27,   332.47
  457.05,   575.55,   459.15
  461.87,   697.43,   204.59
  460.51,   701.68,   333.44
  460.35,   704.33,   462.67
    2.88,     8.11, -1499.98
    2.60,     7.30, -1349.98
    0.78,   158.09, -1499.17
    0.49,   157.28, -1349.17
  152.87,    10.21, -1499.68
  152.58,     9.40, -1349.68
  150.76,   160.19, -1498.87
  150.48,   159.38, -1348.87
  207.68,   457.29, -1046.76
  207.08,   460.87,  -796.79
  204.97,   707.25, -1050.35
  204.37,   710.83,  -800.37
  457.67,   460.01, -1046.20
  457.07,   463.59,  -796.23
  454.96,   709.97, -1049.78
  454.36,   713.55,  -799.81
  216.52,   451.54,   452.22
  218.63,   452.62,   578.85
  217.59,   451.00,   702.92
  217.48,   575.46,   446.47
  219.20,   575.81,   573.45
  219.44,   573.73,   701.68
  215.76,   697.30,   444.97
  218.09,   696.45,   569.34
  222.93,   696.93,   698.01
  339.46,   450.17,   447.44
  342.64,   453.02,   574.43
  343.73,   454.52,   700.81
  338.11,   576.64,   445.86
  340.80,   578.75,   573.13
  342.95,   578.66,   701.27
  336.59,   701.08,   447.67
  338.63,   701.58,   573.42
  342.46,   701.84,   700.41
  461.18,   446.53,   445.86
  463.09,   450.02,   571.98
  465.30,   454.47,   699.93
  459.59,   575.58,   446.28
  461.39,   578.60,   573.17
  463.67,   580.04,   700.90
  461.31,   704.42,   448.20
  461.68,   705.99,   575.38
  461.11,   705.22,   700.14
  -16.60,    28.42, -1499.64
  -14.94,    25.58, -1349.67
  -18.70,   178.38, -1496.77
  -17.04,   175.54, -1346.81
  133.37,    30.54, -1501.26
  135.03,    27.70, -1351.30
  131.28,   180.50, -1498.39
  132.94,   177.66, -1348.43
  432.56,   241.43, -1289.32
  435.68,   242.90, -1039.34
  435.28,   491.42, -1290.82
  438.40,   492.88, -1040.84
  682.52,   238.70, -1292.43
  685.65,   240.16, -1042.45
  685.24,   488.68, -1293.92
  688.37,   490.14, -1043.95
  450.63,   214.52,   207.49
  453.29,   213.77,   333.03
  455.81,   212.57,   459.38
  453.93,   338.23,   203.59
  454.71,   337.74,   328.14
  456.31,   338.26,   453.38
  456.25,   461.07,   201.14
  454.88,   462.88,   325.29
  455.51,   466.06,   450.43
  574.53,   203.38,   206.70
  579.46,   207.60,   333.48
  582.33,   210.76,   461.00
  581.03,   330.73,   207.69
  580.68,   331.03,   331.53
  579.37,   332.39,   456.02
  585.55,   458.26,   207.58
  581.40,   457.68,   330.74
  577.42,   458.75,   453.71
  698.66,   193.10,   205.44
  703.35,   201.50,   336.85
  705.33,   209.16,   467.86
  706.81,   322.91,   210.07
  704.96,   325.06,   336.95
  700.73,   328.08,   463.45
  713.90,   454.82,   213.46
  708.18,   453.44,   336.90
  700.69,   452.95,   459.13
  -25.40,    18.72, -1499.67
  -22.86,    16.85, -1349.70
  -27.64,   168.69, -1497.76
  -25.10,   166.82, -1347.79
  124.56,    20.99, -1502.18
  127.10,    19.12, -1352.21
  122.32,   170.97, -1500.27
  124.86,   169.09, -1350.30
  429.80,   231.79, -1054.70
  437.15,   226.56,  -804.86
  423.65,   481.66, -1049.28
  431.00,   476.42,  -799.44
  679.62,   238.10, -1061.91
  686.97,   232.86,  -812.07
  673.47,   487.96, -1056.49
  680.82,   482.72,  -806.66
  456.26,   207.83,   448.24
  457.11,   204.59,   573.86
  454.60,   205.11,   697.75
  452.64,   333.39,   446.39
  455.21,   332.44,   572.04
  456.15,   334.35,   697.98
  447.70,   461.31,   447.57
  451.41,   461.14,   573.87
  455.33,   461.57,   701.86
  583.02,   210.29,   448.28
  581.97,   208.12,   574.73
  576.12,   206.33,   698.69
  575.80,   331.98,   447.43
  575.72,   331.31,   572.60
  575.42,   333.22,   698.76
  569.62,   458.38,   449.17
  570.50,   457.82,   573.88
  574.62,   459.53,   701.18
  705.76,   212.26,   453.37
  704.57,   211.88,   580.21
  699.91,   208.49,   701.48
  697.15,   331.88,   453.49
  694.84,   331.76,   578.57
  694.38,   332.75,   702.41
  692.98,   457.00,   453.29
  690.35,   455.00,   576.77
  692.92,   456.40,   701.98
   -9.25,   -21.71, -1499.81
   -8.32,   -19.54, -1349.83
  -10.41,   128.27, -1501.98
   -9.49,   130.44, -1352.00
  140.74,   -20.56, -1500.76
  141.67,   -18.39, -1350.77
  139.58,   129.42, -1502.92
  140.50,   131.59, -1352.94
  437.39,   434.97, -1299.13
  435.53,   437.09, -1049.15
  430.89,   684.88, -1301.29
  429.03,   686.99, -1051.31
  687.30,   441.49, -1297.32
  685.44,   443.60, -1047.34
  680.80,   691.40, -1299.48
  678.94,   693.51, -1049.50
  448.88,   450.95,   205.65
  446.06,   448.69,   330.02
  445.24,   447.95,   455.25
  445.49,   575.54,   206.54
  442.05,   576.13,   332.37
  440.74,   576.88,   459.14
  443.92,   702.55,   207.44
  440.90,   704.32,   335.92
  439.19,   705.00,   464.54
  577.87,   453.27,   213.93
  571.91,   448.86,   336.86
  566.62,   446.01,   459.95
  573.63,   579.13,   211.62
  568.84,   577.88,   337.34
  564.77,   576.67,   462.70
  569.06,   702.91,   205.04
  569.25,   706.93,   335.80
  568.61,   708.49,   466.21
  706.39,   455.20,   221.94
  698.45,   449.68,   345.01
  689.21,   445.51,   467.40
  703.78,   582.13,   219.32
  698.78,   579.68,   343.74
  691.94,   575.89,   467.03
  697.80,   703.82,   208.96
  701.44,   708.67,   338.59
  701.12,   708.87,   467.08
  -13.81,    12.96, -1499.88
  -12.42,    11.66, -1349.89
  -11.36,   162.93, -1498.61
   -9.98,   161.64, -1348.62
  136.17,    10.52, -1501.28
  137.55,     9.23, -1351.29
  138.61,   160.50, -1500.01
  139.99,   159.20, -1350.02
  447.64,   453.12, -1050.98
  442.51,   449.57,  -801.06
  450.07,   703.08, -1047.38
  444.94,   699.53,  -797.46
  697.58,   450.61, -1045.89
  692.45,   447.06,  -795.97
  700.01,   700.58, -1042.29
  694.88,   697.03,  -792.36
  449.47,   450.40,   444.55
  448.14,   450.84,   570.82
  446.86,   451.73,   698.64
  446.66,   579.51,   448.36
  445.11,   579.03,   575.38
  444.07,   577.38,   702.90
  446.76,   707.87,   453.80
  443.47,   705.95,   580.52
  440.24,   702.04,   705.50
  571.31,   447.16,   451.47
  567.27,   447.06,   575.97
  566.25,   449.63,   703.30
  570.86,   577.78,   454.29
  566.88,   576.34,   579.58
  565.19,   574.98,   706.19
  576.52,   709.75,   457.26
  570.91,   706.86,   583.89
  563.15,   700.62,   707.10
  694.08,   445.31,   461.01
  686.53,   444.18,   584.27
  684.47,   446.28,   709.72
  698.32,   575.73,   460.48
  691.19,   571.80,   584.10
  687.71,   569.46,   709.02
  708.98,   708.71,   460.33
  701.95,   702.95,   585.50
  691.92,   693.82,   707.95
