27, 125, pa2-debug-a-output1.txt
  199.16,   199.24,   208.89
  399.59,   391.69,   193.47
  101.60,   100.42,   101.19
   98.99,   103.91,   226.12
   96.38,   107.40,   351.04
  102.54,   225.37,    97.72
   99.93,   228.86,   222.64
   97.32,   232.35,   347.57
  103.48,   350.31,    94.25
  100.87,   353.81,   219.17
   98.26,   357.30,   344.10
  226.56,    99.55,   103.83
  223.96,   103.04,   228.75
  221.35,   106.53,   353.68
  227.51,   224.50,   100.35
  224.90,   227.99,   225.28
  222.29,   231.48,   350.20
  228.45,   349.45,    96.88
  225.84,   352.94,   221.81
  223.23,   356.43,   346.73
  351.53,    98.68,   106.46
  348.92,   102.17,   231.39
  346.32,   105.67,   356.31
  352.47,   223.63,   102.99
  349.87,   227.12,   227.91
  347.26,   230.61,   352.84
  353.42,   348.58,    99.52
  350.81,   352.07,   224.44
  348.20,   355.56,   349.36
   98.36,    99.18,   223.46
   99.54,   101.66,   348.43
  100.73,   104.15,   473.40
   95.48,   224.12,   221.01
   96.66,   226.60,   345.98
   97.85,   229.09,   470.94
   92.60,   349.06,   218.55
   93.78,   351.55,   343.52
   94.97,   354.03,   468.49
  223.32,   102.03,   222.22
  224.50,   104.52,   347.19
  225.69,   107.00,   472.16
  220.44,   226.97,   219.76
  221.62,   229.46,   344.73
  222.81,   231.94,   469.70
  217.56,   351.92,   217.31
  218.74,   354.40,   342.28
  219.93,   356.89,   467.25
  348.28,   104.89,   220.98
  349.46,   107.37,   345.95
  350.65,   109.86,   470.92
  345.40,   229.83,   218.52
  346.59,   232.31,   343.49
  347.77,   234.80,   468.46
  342.52,   354.77,   216.06
  343.71,   357.26,   341.03
  344.89,   359.74,   466.00
   98.97,   100.06,   351.36
  100.37,    97.26,   476.33
  101.76,    94.46,   601.29
   99.78,   225.03,   354.16
  101.18,   222.23,   479.12
  102.57,   219.42,   604.08
  100.59,   349.99,   356.95
  101.99,   347.19,   481.91
  103.38,   344.39,   606.87
  223.96,    99.28,   349.95
  225.36,    96.48,   474.91
  226.75,    93.68,   599.87
  224.77,   224.25,   352.75
  226.17,   221.45,   477.71
  227.56,   218.65,   602.67
  225.58,   349.22,   355.54
  226.98,   346.41,   480.50
  228.37,   343.61,   605.46
  348.95,    98.50,   348.54
  350.35,    95.70,   473.50
  351.74,    92.90,   598.46
  349.76,   223.47,   351.33
  351.16,   220.67,   476.29
  352.55,   217.87,   601.25
  350.57,   348.44,   354.13
  351.97,   345.64,   479.09
  353.36,   342.83,   604.05
  101.28,    99.08,   474.70
  103.15,    96.50,   599.66
  105.01,    93.92,   724.62
  100.62,   224.05,   477.29
  102.48,   221.48,   602.25
  104.35,   218.90,   727.21
   99.96,   349.03,   479.88
  101.82,   346.45,   604.84
  103.69,   343.87,   729.80
  226.27,    99.78,   472.85
  228.13,    97.20,   597.81
  230.00,    94.62,   722.77
  225.60,   224.76,   475.44
  227.47,   222.18,   600.40
  229.33,   219.60,   725.36
  224.94,   349.73,   478.03
  226.81,   347.15,   602.99
  228.67,   344.57,   727.95
  351.25,   100.49,   471.00
  353.12,    97.91,   595.96
  354.98,    95.33,   720.92
  350.59,   225.46,   473.59
  352.45,   222.88,   598.55
  354.32,   220.30,   723.51
  349.93,   350.43,   476.18
  351.79,   347.85,   601.14
  353.66,   345.27,   726.10
   99.09,    98.69,   600.93
   99.14,    98.04,   725.93
   99.18,    97.38,   850.93
   98.13,   223.69,   601.59
   98.18,   223.03,   726.59
   98.22,   222.37,   851.58
   97.17,   348.68,   602.25
   97.22,   348.03,   727.24
   97.26,   347.37,   852.24
  224.09,    99.66,   600.89
  224.13,    99.00,   725.89
  224.18,    98.34,   850.88
  223.13,   224.65,   601.55
  223.17,   223.99,   726.54
  223.22,   223.33,   851.54
  222.17,   349.64,   602.20
  222.21,   348.99,   727.20
  222.26,   348.33,   852.20
  349.08,   100.62,   600.85
  349.13,    99.96,   725.84
  349.18,    99.30,   850.84
  348.12,   225.61,   601.50
  348.17,   224.95,   726.50
  348.22,   224.29,   851.50
  347.16,   350.61,   602.16
  347.21,   349.95,   727.16
  347.26,   349.29,   852.16
  100.16,   225.69,    99.47
   99.04,   225.40,   224.46
   97.92,   225.12,   349.46
  103.23,   350.65,    99.78
  102.10,   350.37,   224.78
  100.98,   350.08,   349.77
  106.29,   475.62,   100.10
  105.16,   475.33,   225.09
  104.04,   475.04,   350.09
  225.12,   222.63,   100.58
  224.00,   222.34,   225.58
  222.88,   222.05,   350.57
  228.18,   347.59,   100.90
  227.06,   347.30,   225.89
  225.94,   347.02,   350.89
  231.24,   472.55,   101.21
  230.12,   472.27,   226.21
  229.00,   471.98,   351.20
  350.08,   219.56,   101.70
  348.96,   219.28,   226.69
  347.84,   218.99,   351.69
  353.14,   344.53,   102.01
  352.02,   344.24,   227.01
  350.90,   343.95,   352.00
  356.20,   469.49,   102.33
  355.08,   469.20,   227.32
  353.96,   468.92,   352.32
   98.52,   224.61,   225.36
  102.25,   221.41,   350.27
  105.98,   218.22,   475.17
   98.70,   349.57,   228.55
  102.44,   346.37,   353.46
  106.17,   343.18,   478.36
   98.89,   474.52,   231.74
  102.62,   471.33,   356.64
  106.35,   468.14,   481.55
  223.46,   224.51,   221.63
  227.19,   221.32,   346.53
  230.92,   218.13,   471.44
  223.65,   349.47,   224.82
  227.38,   346.28,   349.72
  231.11,   343.09,   474.62
  223.84,   474.43,   228.00
  227.57,   471.24,   352.91
  231.30,   468.05,   477.81
  348.40,   224.42,   217.90
  352.13,   221.23,   342.80
  355.87,   218.04,   467.70
  348.59,   349.38,   221.08
  352.32,   346.19,   345.99
  356.05,   343.00,   470.89
  348.78,   474.34,   224.27
  352.51,   471.15,   349.17
  356.24,   467.96,   474.08
   98.32,   224.41,   350.85
   98.71,   221.61,   475.82
   99.09,   218.81,   600.78
   99.78,   349.37,   353.65
  100.17,   346.57,   478.61
  100.55,   343.77,   603.58
  101.25,   474.33,   356.44
  101.63,   471.53,   481.41
  102.02,   468.73,   606.38
  223.31,   222.96,   350.43
  223.70,   220.16,   475.40
  224.08,   217.36,   600.37
  224.78,   347.92,   353.23
  225.16,   345.12,   478.20
  225.55,   342.32,   603.16
  226.24,   472.88,   356.03
  226.62,   470.08,   480.99
  227.01,   467.28,   605.96
  348.30,   221.51,   350.01
  348.69,   218.70,   474.98
  349.07,   215.90,   599.95
  349.77,   346.47,   352.81
  350.15,   343.66,   477.78
  350.54,   340.86,   602.75
  351.23,   471.43,   355.61
  351.61,   468.62,   480.58
  352.00,   465.82,   605.54
  100.68,   224.41,   473.10
  103.43,   222.11,   598.04
  106.18,   219.81,   722.99
  100.32,   349.39,   475.41
  103.07,   347.09,   600.35
  105.81,   344.79,   725.30
   99.95,   474.37,   477.72
  102.70,   472.07,   602.66
  105.45,   469.77,   727.61
  225.65,   224.83,   470.36
  228.40,   222.53,   595.30
  231.15,   220.23,   720.25
  225.29,   349.81,   472.67
  228.04,   347.51,   597.61
  230.78,   345.20,   722.56
  224.92,   474.79,   474.97
  227.67,   472.48,   599.92
  230.42,   470.18,   724.87
  350.62,   225.25,   467.61
  353.37,   222.94,   592.56
  356.12,   220.64,   717.51
  350.26,   350.22,   469.92
  353.00,   347.92,   594.87
  355.75,   345.62,   719.82
  349.89,   475.20,   472.23
  352.64,   472.90,   597.18
  355.39,   470.60,   722.13
  100.70,   224.14,   600.87
  101.98,   222.47,   725.85
  103.25,   220.80,   850.83
   99.07,   349.12,   602.56
  100.35,   347.45,   727.54
  101.62,   345.78,   852.52
   97.45,   474.10,   604.25
   98.72,   472.43,   729.23
  100.00,   470.75,   854.21
  225.69,   225.79,   599.62
  226.96,   224.12,   724.60
  228.24,   222.44,   849.58
  224.06,   350.77,   601.31
  225.33,   349.09,   726.29
  226.61,   347.42,   851.27
  222.43,   475.74,   602.99
  223.70,   474.07,   727.98
  224.98,   472.40,   852.96
  350.67,   227.43,   598.36
  351.94,   225.76,   723.35
  353.22,   224.09,   848.33
  349.04,   352.41,   600.05
  350.32,   350.74,   725.03
  351.59,   349.07,   850.02
  347.41,   477.39,   601.74
  348.69,   475.72,   726.72
  349.96,   474.05,   851.70
   99.93,   348.94,    98.65
  100.88,   351.47,   223.62
  101.83,   353.99,   348.59
  100.74,   473.92,    96.12
  101.69,   476.44,   221.09
  102.64,   478.96,   346.06
  101.55,   598.89,    93.59
  102.50,   601.41,   218.56
  103.45,   603.93,   343.53
  224.93,   348.12,    97.71
  225.88,   350.64,   222.68
  226.83,   353.16,   347.65
  225.73,   473.09,    95.18
  226.68,   475.61,   220.15
  227.63,   478.13,   345.13
  226.54,   598.06,    92.66
  227.49,   600.58,   217.63
  228.44,   603.11,   342.60
  349.92,   347.29,    96.78
  350.87,   349.82,   221.75
  351.82,   352.34,   346.72
  350.73,   472.27,    94.25
  351.68,   474.79,   219.22
  352.63,   477.31,   344.19
  351.53,   597.24,    91.72
  352.48,   599.76,   216.69
  353.43,   602.28,   341.66
  101.17,   350.91,   226.00
   99.55,   351.44,   350.98
   97.92,   351.98,   475.97
   97.47,   475.86,   225.42
   95.85,   476.39,   350.40
   94.22,   476.92,   475.39
   93.77,   600.80,   224.84
   92.15,   601.33,   349.82
   90.52,   601.86,   474.81
  226.10,   354.62,   227.60
  224.48,   355.15,   352.59
  222.86,   355.68,   477.58
  222.40,   479.56,   227.02
  220.78,   480.10,   352.01
  219.16,   480.63,   477.00
  218.70,   604.51,   226.44
  217.08,   605.04,   351.43
  215.46,   605.57,   476.42
  351.04,   358.33,   229.21
  349.42,   358.86,   354.20
  347.79,   359.39,   479.19
  347.34,   483.27,   228.63
  345.72,   483.80,   353.62
  344.09,   484.34,   478.61
  343.64,   608.22,   228.05
  342.02,   608.75,   353.04
  340.39,   609.28,   478.03
  100.04,   349.79,   349.30
   99.96,   349.39,   474.30
   99.88,   348.99,   599.30
   97.09,   474.75,   349.70
   97.01,   474.35,   474.70
   96.93,   473.95,   599.70
   94.14,   599.72,   350.10
   94.06,   599.32,   475.10
   93.98,   598.91,   600.10
  225.00,   352.74,   349.39
  224.92,   352.34,   474.39
  224.84,   351.93,   599.39
  222.05,   477.70,   349.79
  221.97,   477.30,   474.79
  221.89,   476.90,   599.79
  219.10,   602.67,   350.19
  219.02,   602.27,   475.19
  218.94,   601.86,   600.18
  349.97,   355.69,   349.48
  349.89,   355.29,   474.48
  349.81,   354.88,   599.47
  347.02,   480.65,   349.88
  346.94,   480.25,   474.87
  346.86,   479.85,   599.87
  344.07,   605.62,   350.27
  343.99,   605.21,   475.27
  343.91,   604.81,   600.27
  100.67,   351.38,   473.13
   98.28,   351.39,   598.10
   95.90,   351.39,   723.08
  103.99,   476.34,   473.19
  101.61,   476.34,   598.16
   99.22,   476.35,   723.14
  107.32,   601.29,   473.24
  104.93,   601.30,   598.22
  102.55,   601.30,   723.20
  225.60,   348.06,   475.51
  223.22,   348.06,   600.49
  220.83,   348.07,   725.47
  228.93,   473.01,   475.57
  226.54,   473.02,   600.55
  224.16,   473.02,   725.52
  232.25,   597.97,   475.63
  229.87,   597.97,   600.61
  227.48,   597.98,   725.58
  350.54,   344.73,   477.90
  348.15,   344.74,   602.88
  345.76,   344.74,   727.85
  353.86,   469.69,   477.96
  351.47,   469.69,   602.93
  349.09,   469.70,   727.91
  357.19,   594.64,   478.01
  354.80,   594.65,   602.99
  352.41,   594.65,   727.97
  100.99,   351.86,   600.84
  102.32,   351.96,   725.83
  103.65,   352.06,   850.83
   99.11,   476.84,   600.76
  100.45,   476.95,   725.75
  101.78,   477.05,   850.74
   97.24,   601.83,   600.68
   98.57,   601.93,   725.67
   99.91,   602.03,   850.66
  225.96,   353.73,   599.51
  227.30,   353.83,   724.50
  228.63,   353.93,   849.49
  224.09,   478.71,   599.43
  225.42,   478.82,   724.42
  226.76,   478.92,   849.41
  222.22,   603.70,   599.34
  223.55,   603.80,   724.34
  224.89,   603.90,   849.33
  350.94,   355.60,   598.18
  352.28,   355.70,   723.17
  353.61,   355.80,   848.16
  349.07,   480.58,   598.09
  350.40,   480.69,   723.09
  351.74,   480.79,   848.08
  347.20,   605.57,   598.01
  348.53,   605.67,   723.00
  349.86,   605.78,   848.00
  100.84,   474.26,    98.26
   97.36,   471.07,   223.17
   93.88,   467.87,   348.08
   97.72,   599.18,   101.36
   94.24,   595.99,   226.28
   90.76,   592.80,   351.19
   94.60,   724.10,   104.47
   91.12,   720.91,   229.38
   87.64,   717.72,   354.29
  225.75,   477.29,   101.82
  222.28,   474.10,   226.73
  218.80,   470.91,   351.64
  222.63,   602.21,   104.92
  219.15,   599.02,   229.83
  215.67,   595.83,   354.74
  219.51,   727.14,   108.03
  216.03,   723.94,   232.94
  212.55,   720.75,   357.85
  350.67,   480.32,   105.37
  347.19,   477.13,   230.28
  343.71,   473.94,   355.19
  347.54,   605.25,   108.48
  344.07,   602.06,   233.39
  340.59,   598.86,   358.30
  344.42,   730.17,   111.58
  340.94,   726.98,   236.49
  337.47,   723.79,   361.40
   98.77,   476.74,   223.94
   99.81,   474.22,   348.91
  100.84,   471.70,   473.88
  101.69,   601.68,   226.44
  102.72,   599.16,   351.41
  103.76,   596.64,   476.38
  104.60,   726.62,   228.93
  105.64,   724.10,   353.90
  106.67,   721.58,   478.87
  223.74,   473.84,   222.85
  224.77,   471.32,   347.82
  225.80,   468.81,   472.79
  226.65,   598.78,   225.34
  227.68,   596.27,   350.31
  228.72,   593.75,   475.29
  229.57,   723.73,   227.84
  230.60,   721.21,   352.81
  231.63,   718.69,   477.78
  348.70,   470.95,   221.76
  349.73,   468.43,   346.73
  350.77,   465.91,   471.70
  351.61,   595.89,   224.25
  352.65,   593.37,   349.22
  353.68,   590.85,   474.19
  354.53,   720.83,   226.75
  355.56,   718.31,   351.72
  356.59,   715.79,   476.69
   99.87,   474.51,   349.14
  101.68,   471.19,   474.09
  103.50,   467.88,   599.03
   99.59,   599.46,   352.46
  101.41,   596.15,   477.41
  103.22,   592.83,   602.35
   99.32,   724.42,   355.78
  101.13,   721.10,   480.73
  102.95,   717.79,   605.67
  224.86,   474.83,   347.34
  226.67,   471.52,   472.28
  228.49,   468.20,   597.22
  224.58,   599.79,   350.66
  226.39,   596.47,   475.60
  228.21,   593.16,   600.54
  224.30,   724.74,   353.98
  226.12,   721.43,   478.92
  227.93,   718.11,   603.86
  349.84,   475.16,   345.53
  351.66,   471.84,   470.47
  353.47,   468.53,   595.42
  349.57,   600.11,   348.85
  351.38,   596.80,   473.79
  353.20,   593.48,   598.74
  349.29,   725.07,   352.17
  351.10,   721.75,   477.11
  352.92,   718.44,   602.06
   99.24,   474.02,   475.32
   97.48,   473.46,   600.31
   95.73,   472.90,   725.29
   96.58,   598.99,   475.84
   94.82,   598.43,   600.83
   93.06,   597.87,   725.82
   93.92,   723.96,   476.36
   92.16,   723.40,   601.35
   90.40,   722.84,   726.34
  224.20,   476.67,   477.09
  222.44,   476.12,   602.08
  220.68,   475.56,   727.06
  221.54,   601.64,   477.61
  219.78,   601.09,   602.60
  218.02,   600.53,   727.58
  218.88,   726.61,   478.13
  217.12,   726.06,   603.12
  215.36,   725.50,   728.11
  349.16,   479.33,   478.86
  347.40,   478.77,   603.85
  345.64,   478.21,   728.83
  346.50,   604.30,   479.38
  344.74,   603.74,   604.37
  342.98,   603.18,   729.35
  343.84,   729.27,   479.90
  342.08,   728.71,   604.89
  340.32,   728.15,   729.87
   99.04,   475.74,   598.23
   97.58,   472.74,   723.19
   96.12,   469.74,   848.14
  100.56,   600.69,   601.25
   99.10,   597.69,   726.21
   97.64,   594.69,   851.16
  102.08,   725.65,   604.27
  100.61,   722.65,   729.22
   99.15,   719.65,   854.18
  224.02,   474.19,   599.66
  222.56,   471.19,   724.61
  221.10,   468.19,   849.57
  225.54,   599.14,   602.68
  224.08,   596.14,   727.63
  222.62,   593.14,   852.59
  227.06,   724.09,   605.69
  225.60,   721.09,   730.65
  224.13,   718.09,   855.60
  349.01,   472.63,   601.08
  347.54,   469.63,   726.04
  346.08,   466.63,   850.99
  350.52,   597.59,   604.10
  349.06,   594.59,   729.06
  347.60,   591.59,   854.01
  352.04,   722.54,   607.12
  350.58,   719.54,   732.07
  349.12,   716.54,   857.03
   98.80,   599.97,    99.68
  100.78,   599.51,   224.67
  102.77,   599.06,   349.65
   98.41,   724.96,   100.15
  100.40,   724.51,   225.13
  102.38,   724.05,   350.11
   98.03,   849.96,   100.61
  100.01,   849.51,   225.59
  102.00,   849.05,   350.57
  223.78,   600.36,    97.70
  225.76,   599.90,   222.68
  227.75,   599.45,   347.67
  223.39,   725.36,    98.16
  225.38,   724.90,   223.14
  227.37,   724.45,   348.13
  223.01,   850.35,    98.62
  225.00,   849.90,   223.61
  226.98,   849.44,   348.59
  348.76,   600.75,    95.72
  350.75,   600.29,   220.70
  352.73,   599.84,   345.68
  348.38,   725.75,    96.18
  350.36,   725.29,   221.16
  352.35,   724.84,   346.14
  347.99,   850.75,    96.64
  349.98,   850.29,   221.62
  351.97,   849.84,   346.60
   98.52,   601.22,   226.29
   96.68,   599.15,   351.26
   94.83,   597.07,   476.23
   95.98,   726.18,   228.33
   94.13,   724.10,   353.30
   92.28,   722.03,   478.27
   93.43,   851.14,   230.37
   91.59,   849.06,   355.34
   89.74,   846.99,   480.31
  223.48,   603.74,   228.18
  221.64,   601.66,   353.15
  219.79,   599.59,   478.12
  220.94,   728.69,   230.22
  219.09,   726.62,   355.19
  217.24,   724.54,   480.16
  218.39,   853.65,   232.26
  216.55,   851.58,   357.23
  214.70,   849.50,   482.20
  348.44,   606.25,   230.07
  346.60,   604.18,   355.04
  344.75,   602.10,   480.01
  345.90,   731.21,   232.11
  344.05,   729.13,   357.08
  342.20,   727.06,   482.05
  343.35,   856.17,   234.15
  341.51,   854.09,   359.12
  339.66,   852.01,   484.08
   98.80,   601.93,   350.57
   95.82,   602.82,   475.53
   92.85,   603.71,   600.49
  101.54,   726.89,   349.74
   98.56,   727.79,   474.70
   95.59,   728.68,   599.67
  104.28,   851.86,   348.92
  101.30,   852.75,   473.88
   98.33,   853.65,   598.84
  223.73,   599.21,   353.56
  220.76,   600.10,   478.52
  217.78,   600.99,   603.49
  226.47,   724.18,   352.74
  223.50,   725.07,   477.70
  220.52,   725.96,   602.66
  229.21,   849.14,   351.91
  226.24,   850.03,   476.87
  223.26,   850.93,   601.83
  348.67,   596.49,   356.56
  345.69,   597.38,   481.52
  342.72,   598.27,   606.48
  351.41,   721.46,   355.73
  348.43,   722.35,   480.69
  345.46,   723.24,   605.65
  354.15,   846.42,   354.90
  351.17,   847.31,   479.87
  348.20,   848.21,   604.83
  100.72,   599.38,   474.98
  101.64,   598.57,   599.98
  102.56,   597.75,   724.97
  101.09,   724.38,   475.80
  102.01,   723.56,   600.79
  102.93,   722.75,   725.79
  101.46,   849.38,   476.61
  102.38,   848.56,   601.60
  103.30,   847.75,   726.60
  225.71,   599.02,   474.06
  226.64,   598.20,   599.05
  227.56,   597.39,   724.05
  226.08,   724.02,   474.87
  227.01,   723.20,   599.87
  227.93,   722.39,   724.86
  226.45,   849.01,   475.69
  227.38,   848.20,   600.68
  228.30,   847.38,   725.67
  350.71,   598.66,   473.13
  351.63,   597.84,   598.13
  352.56,   597.02,   723.12
  351.08,   723.65,   473.95
  352.00,   722.84,   598.94
  352.92,   722.02,   723.94
  351.45,   848.65,   474.76
  352.37,   847.83,   599.75
  353.29,   847.02,   724.75
   99.85,   600.40,   599.68
   98.27,   600.01,   724.67
   96.69,   599.61,   849.66
   99.49,   725.40,   600.08
   97.91,   725.00,   725.07
   96.32,   724.61,   850.06
   99.12,   850.40,   600.47
   97.54,   850.00,   725.46
   95.96,   849.61,   850.45
  224.84,   600.76,   601.27
  223.26,   600.37,   726.26
  221.68,   599.97,   851.25
  224.48,   725.76,   601.66
  222.89,   725.36,   726.65
  221.31,   724.97,   851.64
  224.11,   850.76,   602.05
  222.53,   850.36,   727.04
  220.95,   849.97,   852.03
  349.83,   601.12,   602.85
  348.25,   600.73,   727.84
  346.67,   600.33,   852.83
  349.47,   726.12,   603.24
  347.88,   725.72,   728.23
  346.30,   725.33,   853.22
  349.10,   851.12,   603.63
  347.52,   850.72,   728.62
  345.94,   850.33,   853.61
  223.50,    99.00,   100.57
  223.71,    96.59,   225.54
  223.92,    94.17,   350.52
  224.90,   223.97,   102.98
  225.11,   221.55,   227.96
  225.32,   219.14,   352.93
  226.29,   348.94,   105.40
  226.50,   346.52,   230.37
  226.71,   344.11,   355.35
  348.49,    97.61,   100.33
  348.70,    95.19,   225.31
  348.91,    92.78,   350.28
  349.89,   222.58,   102.74
  350.10,   220.16,   227.72
  350.31,   217.75,   352.70
  351.28,   347.55,   105.16
  351.49,   345.13,   230.14
  351.70,   342.72,   355.11
  473.49,    96.22,   100.09
  473.70,    93.80,   225.07
  473.90,    91.39,   350.05
  474.88,   221.19,   102.51
  475.09,   218.77,   227.48
  475.30,   216.36,   352.46
  476.28,   346.16,   104.92
  476.49,   343.74,   229.90
  476.69,   341.32,   354.88
  223.12,    98.85,   226.06
  226.82,    98.07,   351.00
  230.52,    97.30,   475.95
  222.44,   223.85,   226.86
  226.14,   223.07,   351.80
  229.85,   222.29,   476.74
  221.77,   348.84,   227.65
  225.47,   348.06,   352.60
  229.17,   347.29,   477.54
  348.06,    99.55,   222.36
  351.76,    98.77,   347.31
  355.46,    97.99,   472.25
  347.39,   224.54,   223.16
  351.09,   223.77,   348.10
  354.79,   222.99,   473.05
  346.71,   349.54,   223.96
  350.41,   348.76,   348.90
  354.11,   347.99,   473.84
  473.00,   100.25,   218.67
  476.71,    99.47,   343.61
  480.41,    98.69,   468.55
  472.33,   225.24,   219.46
  476.03,   224.46,   344.41
  479.73,   223.69,   469.35
  471.66,   350.24,   220.26
  475.36,   349.46,   345.20
  479.06,   348.68,   470.15
  224.60,    99.84,   348.67
  223.40,   100.85,   473.66
  222.20,   101.86,   598.65
  227.62,   224.80,   347.70
  226.42,   225.81,   472.69
  225.22,   226.82,   597.68
  230.64,   349.76,   346.72
  229.44,   350.77,   471.71
  228.24,   351.78,   596.70
  349.55,    96.83,   349.90
  348.35,    97.84,   474.89
  347.15,    98.85,   599.88
  352.57,   221.79,   348.92
  351.37,   222.80,   473.91
  350.17,   223.81,   598.90
  355.59,   346.75,   347.94
  354.39,   347.76,   472.93
  353.19,   348.77,   597.92
  474.51,    93.82,   351.12
  473.31,    94.83,   476.11
  472.11,    95.84,   601.10
  477.53,   218.78,   350.14
  476.33,   219.79,   475.13
  475.13,   220.80,   600.12
  480.55,   343.74,   349.16
  479.35,   344.75,   474.16
  478.15,   345.76,   599.15
  226.65,   101.28,   476.59
  225.67,   101.90,   601.59
  224.68,   102.53,   726.58
  223.98,   226.25,   475.95
  222.99,   226.87,   600.94
  222.00,   227.50,   725.93
  221.30,   351.22,   475.30
  220.31,   351.84,   600.29
  219.33,   352.47,   725.29
  351.62,   103.96,   477.57
  350.63,   104.59,   602.56
  349.65,   105.21,   727.56
  348.95,   228.93,   476.92
  347.96,   229.55,   601.91
  346.97,   230.18,   726.91
  346.27,   353.90,   476.27
  345.28,   354.52,   601.27
  344.30,   355.15,   726.26
  476.59,   106.64,   478.54
  475.60,   107.27,   603.53
  474.62,   107.89,   728.53
  473.91,   231.61,   477.89
  472.93,   232.24,   602.89
  471.94,   232.86,   727.88
  471.24,   356.58,   477.25
  470.25,   357.21,   602.24
  469.26,   357.83,   727.23
  227.00,   101.07,   600.17
  226.49,   103.37,   725.14
  225.97,   105.66,   850.12
  227.76,   226.05,   597.87
  227.25,   228.34,   722.85
  226.74,   230.64,   847.83
  228.53,   351.02,   595.58
  228.02,   353.32,   720.56
  227.51,   355.62,   845.53
  352.00,   100.31,   600.69
  351.48,   102.61,   725.67
  350.97,   104.91,   850.65
  352.76,   225.29,   598.40
  352.25,   227.59,   723.38
  351.74,   229.88,   848.35
  353.53,   350.27,   596.10
  353.01,   352.56,   721.08
  352.50,   354.86,   846.06
  476.99,    99.56,   601.22
  476.48,   101.85,   726.20
  475.97,   104.15,   851.17
  477.76,   224.53,   598.92
  477.25,   226.83,   723.90
  476.73,   229.13,   848.88
  478.52,   349.51,   596.63
  478.01,   351.81,   721.61
  477.50,   354.11,   846.59
  223.78,   225.25,   100.00
  221.64,   226.64,   224.98
  219.51,   228.03,   349.95
  222.02,   350.23,    98.58
  219.89,   351.62,   223.56
  217.75,   353.01,   348.53
  220.26,   475.21,    97.16
  218.13,   476.60,   222.14
  215.99,   477.99,   347.11
  348.75,   227.03,   102.12
  346.61,   228.42,   227.10
  344.48,   229.81,   352.07
  346.99,   352.01,   100.70
  344.85,   353.40,   225.68
  342.72,   354.79,   350.65
  345.23,   476.99,    99.28
  343.10,   478.38,   224.25
  340.96,   479.77,   349.23
  473.72,   228.82,   104.24
  471.58,   230.21,   229.21
  469.45,   231.60,   354.19
  471.96,   353.79,   102.82
  469.82,   355.19,   227.79
  467.69,   356.58,   352.77
  470.20,   478.77,   101.40
  468.07,   480.16,   226.37
  465.93,   481.55,   351.35
  223.08,   226.65,   226.34
  220.80,   227.30,   351.31
  218.53,   227.94,   476.29
  225.86,   351.62,   225.74
  223.58,   352.26,   350.72
  221.31,   352.91,   475.70
  228.64,   476.59,   225.15
  226.36,   477.23,   350.13
  224.09,   477.87,   475.11
  348.03,   223.88,   228.62
  345.75,   224.53,   353.60
  343.48,   225.17,   478.58
  350.81,   348.85,   228.03
  348.53,   349.49,   353.01
  346.26,   350.14,   477.99
  353.59,   473.82,   227.44
  351.31,   474.46,   352.42
  349.04,   475.10,   477.39
  472.97,   221.11,   230.91
  470.70,   221.76,   355.89
  468.43,   222.40,   480.87
  475.75,   346.08,   230.32
  473.48,   346.73,   355.30
  471.21,   347.37,   480.27
  478.53,   471.05,   229.73
  476.26,   471.69,   354.70
  473.99,   472.34,   479.68
  226.13,   223.91,   348.88
  229.58,   221.95,   473.82
  233.03,   220.00,   598.76
  225.72,   348.89,   350.85
  229.16,   346.94,   475.79
  232.61,   344.98,   600.72
  225.30,   473.88,   352.82
  228.75,   471.92,   477.75
  232.20,   469.97,   602.69
  351.09,   224.38,   345.45
  354.53,   222.42,   470.38
  357.98,   220.47,   595.32
  350.67,   349.36,   347.41
  354.12,   347.41,   472.35
  357.56,   345.45,   597.29
  350.26,   474.34,   349.38
  353.70,   472.39,   474.31
  357.15,   470.44,   599.25
  476.04,   224.85,   342.01
  479.48,   222.89,   466.94
  482.93,   220.94,   591.88
  475.62,   349.83,   343.97
  479.07,   347.88,   468.91
  482.51,   345.92,   593.85
  475.21,   474.81,   345.94
  478.65,   472.86,   470.87
  482.10,   470.91,   595.81
  226.30,   224.56,   475.48
  226.64,   228.12,   600.43
  226.97,   231.67,   725.38
  228.31,   349.50,   471.92
  228.65,   353.05,   596.87
  228.99,   356.61,   721.82
  230.33,   474.43,   468.36
  230.67,   477.98,   593.31
  231.00,   481.54,   718.26
  351.28,   222.54,   475.21
  351.62,   226.09,   600.15
  351.96,   229.65,   725.10
  353.30,   347.47,   471.64
  353.64,   351.03,   596.59
  353.97,   354.58,   721.54
  355.31,   472.40,   468.08
  355.65,   475.96,   593.03
  355.99,   479.52,   717.98
  476.27,   220.51,   474.93
  476.60,   224.07,   599.87
  476.94,   227.63,   724.82
  478.28,   345.45,   471.37
  478.62,   349.00,   596.31
  478.96,   352.56,   721.26
  480.30,   470.38,   467.80
  480.63,   473.94,   592.75
  480.97,   477.49,   717.70
  226.50,   225.23,   598.98
  225.41,   228.12,   723.94
  224.31,   231.01,   848.90
  224.83,   350.18,   596.08
  223.73,   353.07,   721.04
  222.63,   355.96,   846.00
  223.16,   475.14,   593.17
  222.06,   478.03,   718.13
  220.96,   480.92,   843.10
  351.49,   226.93,   600.04
  350.39,   229.82,   725.00
  349.29,   232.71,   849.96
  349.81,   351.88,   597.14
  348.72,   354.77,   722.10
  347.62,   357.66,   847.06
  348.14,   476.84,   594.23
  347.04,   479.73,   719.19
  345.94,   482.62,   844.16
  476.47,   228.63,   601.10
  475.37,   231.51,   726.06
  474.27,   234.40,   851.02
  474.80,   353.58,   598.20
  473.70,   356.47,   723.16
  472.60,   359.36,   848.12
  473.12,   478.54,   595.29
  472.02,   481.42,   720.25
  470.93,   484.31,   845.22
  224.96,   351.10,   100.33
  228.28,   353.08,   225.27
  231.60,   355.06,   350.21
  225.00,   476.08,    98.35
  228.32,   478.06,   223.29
  231.63,   480.04,   348.23
  225.04,   601.06,    96.37
  228.35,   603.05,   221.31
  231.67,   605.03,   346.25
  349.92,   351.01,    97.02
  353.24,   352.99,   221.96
  356.55,   354.97,   346.90
  349.96,   475.99,    95.03
  353.27,   477.97,   219.97
  356.59,   479.95,   344.91
  349.99,   600.98,    93.05
  353.31,   602.96,   217.99
  356.62,   604.94,   342.93
  474.88,   350.92,    93.70
  478.19,   352.90,   218.64
  481.51,   354.88,   343.58
  474.91,   475.90,    91.72
  478.23,   477.88,   216.66
  481.54,   479.87,   341.60
  474.95,   600.89,    89.74
  478.26,   602.87,   214.68
  481.58,   604.85,   339.62
  226.96,   351.80,   223.03
  224.81,   353.96,   347.99
  222.66,   356.12,   472.96
  226.45,   476.78,   220.86
  224.30,   478.94,   345.83
  222.15,   481.10,   470.79
  225.93,   601.76,   218.70
  223.78,   603.92,   343.66
  221.63,   606.08,   468.62
  351.94,   352.36,   225.17
  349.79,   354.51,   350.13
  347.64,   356.67,   475.10
  351.43,   477.34,   223.01
  349.28,   479.49,   347.97
  347.13,   481.65,   472.93
  350.91,   602.32,   220.84
  348.76,   604.47,   345.80
  346.61,   606.63,   470.77
  476.92,   352.91,   227.31
  474.77,   355.06,   352.28
  472.62,   357.22,   477.24
  476.41,   477.89,   225.15
  474.26,   480.04,   350.11
  472.11,   482.20,   475.07
  475.89,   602.87,   222.98
  473.74,   605.02,   347.94
  471.59,   607.18,   472.91
  226.74,   350.41,   348.79
  226.20,   351.27,   473.79
  225.65,   352.14,   598.79
  229.35,   475.38,   347.94
  228.81,   476.24,   472.93
  228.26,   477.11,   597.93
  231.96,   600.35,   347.08
  231.42,   601.21,   472.08
  230.87,   602.08,   597.08
  351.71,   347.80,   349.36
  351.17,   348.67,   474.35
  350.62,   349.53,   599.35
  354.32,   472.77,   348.50
  353.78,   473.64,   473.50
  353.23,   474.50,   598.49
  356.93,   597.74,   347.65
  356.39,   598.61,   472.64
  355.84,   599.47,   597.64
  476.69,   345.19,   349.92
  476.14,   346.06,   474.92
  475.59,   346.93,   599.91
  479.30,   470.16,   349.07
  478.75,   471.03,   474.06
  478.20,   471.90,   599.06
  481.91,   595.13,   348.21
  481.36,   596.00,   473.21
  480.81,   596.87,   598.20
  224.31,   351.28,   474.43
  223.00,   354.10,   599.39
  221.68,   356.93,   724.35
  226.95,   476.22,   471.64
  225.63,   479.05,   596.60
  224.32,   481.87,   721.56
  229.59,   601.16,   468.84
  228.27,   603.99,   593.80
  226.96,   606.81,   718.77
  349.28,   348.68,   475.80
  347.96,   351.50,   600.77
  346.65,   354.32,   725.73
  351.91,   473.62,   473.01
  350.60,   476.44,   597.97
  349.28,   479.26,   722.93
  354.55,   598.56,   470.22
  353.24,   601.38,   595.18
  351.92,   604.20,   720.14
  474.24,   346.07,   477.18
  472.93,   348.89,   602.14
  471.61,   351.71,   727.10
  476.88,   471.01,   474.38
  475.56,   473.83,   599.35
  474.25,   476.65,   724.31
  479.52,   595.95,   471.59
  478.20,   598.77,   596.55
  476.89,   601.59,   721.51
  224.12,   349.81,   601.14
  222.56,   351.49,   726.12
  221.00,   353.17,   851.10
  222.77,   474.79,   599.44
  221.21,   476.47,   724.42
  219.65,   478.16,   849.40
  221.41,   599.77,   597.74
  219.86,   601.45,   722.72
  218.30,   603.14,   847.70
  349.10,   351.18,   602.68
  347.54,   352.86,   727.66
  345.99,   354.55,   852.64
  347.75,   476.16,   600.98
  346.19,   477.85,   725.96
  344.63,   479.53,   850.94
  346.40,   601.14,   599.28
  344.84,   602.83,   724.26
  343.28,   604.51,   849.24
  474.09,   352.55,   604.22
  472.53,   354.24,   729.20
  470.97,   355.92,   854.18
  472.73,   477.54,   602.52
  471.17,   479.22,   727.50
  469.62,   480.90,   852.48
  471.38,   602.52,   600.82
  469.82,   604.20,   725.80
  468.26,   605.88,   850.78
  226.18,   476.11,   101.17
  227.34,   476.61,   226.17
  228.50,   477.11,   351.16
  223.37,   601.08,   100.70
  224.53,   601.58,   225.70
  225.69,   602.07,   350.69
  220.56,   726.05,   100.23
  221.72,   726.55,   225.23
  222.88,   727.04,   350.22
  351.14,   478.92,   100.01
  352.30,   479.41,   225.00
  353.46,   479.91,   349.99
  348.33,   603.89,    99.54
  349.49,   604.38,   224.53
  350.65,   604.88,   349.52
  345.53,   728.85,    99.07
  346.68,   729.35,   224.06
  347.84,   729.85,   349.05
  476.11,   481.72,    98.84
  477.26,   482.22,   223.83
  478.42,   482.71,   348.82
  473.30,   606.69,    98.37
  474.45,   607.19,   223.36
  475.61,   607.68,   348.35
  470.49,   731.66,    97.90
  471.65,   732.15,   222.89
  472.80,   732.65,   347.88
  224.84,   474.84,   226.46
  227.58,   478.21,   351.38
  230.32,   481.58,   476.31
  225.11,   599.79,   223.08
  227.85,   603.16,   348.01
  230.59,   606.53,   472.93
  225.38,   724.75,   219.71
  228.12,   728.12,   344.63
  230.86,   731.49,   469.55
  349.81,   474.49,   223.73
  352.55,   477.86,   348.65
  355.29,   481.23,   473.58
  350.08,   599.45,   220.35
  352.82,   602.82,   345.27
  355.56,   606.19,   470.20
  350.35,   724.40,   216.97
  353.09,   727.77,   341.90
  355.83,   731.14,   466.82
  474.78,   474.15,   220.99
  477.52,   477.52,   345.92
  480.26,   480.89,   470.84
  475.05,   599.10,   217.62
  477.79,   602.47,   342.54
  480.53,   605.84,   467.47
  475.32,   724.06,   214.24
  478.06,   727.43,   339.16
  480.80,   730.80,   464.09
  225.32,   476.27,   348.30
  223.89,   474.37,   473.28
  222.47,   472.47,   598.26
  223.71,   601.24,   350.18
  222.28,   599.34,   475.16
  220.86,   597.44,   600.14
  222.10,   726.22,   352.07
  220.68,   724.32,   477.04
  219.25,   722.42,   602.02
  350.30,   477.85,   349.75
  348.87,   475.95,   474.73
  347.45,   474.05,   599.71
  348.69,   602.83,   351.63
  347.27,   600.93,   476.61
  345.84,   599.03,   601.59
  347.08,   727.80,   353.52
  345.66,   725.90,   478.49
  344.23,   724.00,   603.47
  475.28,   479.44,   351.20
  473.85,   477.54,   476.18
  472.43,   475.64,   601.16
  473.67,   604.41,   353.09
  472.25,   602.51,   478.06
  470.82,   600.62,   603.04
  472.07,   729.39,   354.97
  470.64,   727.49,   479.94
  469.21,   725.59,   604.92
  223.25,   476.47,   476.12
  223.01,   473.06,   601.08
  222.77,   469.65,   726.03
  222.56,   601.42,   479.53
  222.33,   598.01,   604.48
  222.09,   594.60,   729.44
  221.88,   726.37,   482.94
  221.64,   722.96,   607.89
  221.40,   719.55,   732.85
  348.24,   477.15,   476.38
  348.01,   473.74,   601.33
  347.77,   470.33,   726.29
  347.56,   602.10,   479.79
  347.32,   598.69,   604.74
  347.08,   595.28,   729.70
  346.88,   727.05,   483.20
  346.64,   723.64,   608.15
  346.40,   720.23,   733.10
  473.24,   477.82,   476.64
  473.00,   474.41,   601.59
  472.76,   471.00,   726.54
  472.56,   602.77,   480.05
  472.32,   599.36,   605.00
  472.08,   595.95,   729.95
  471.88,   727.73,   483.46
  471.64,   724.32,   608.41
  471.40,   720.91,   733.36
  226.36,   476.07,   601.94
  227.64,   477.61,   726.92
  228.93,   479.15,   851.91
  226.83,   601.06,   600.39
  228.12,   602.60,   725.38
  229.40,   604.14,   850.36
  227.30,   726.05,   598.85
  228.59,   727.59,   723.83
  229.87,   729.13,   848.81
  351.35,   475.58,   600.66
  352.63,   477.12,   725.64
  353.92,   478.66,   850.63
  351.82,   600.57,   599.11
  353.11,   602.11,   724.10
  354.39,   603.65,   849.08
  352.30,   725.56,   597.57
  353.58,   727.10,   722.55
  354.86,   728.64,   847.54
  476.34,   475.09,   599.38
  477.63,   476.63,   724.37
  478.91,   478.17,   849.35
  476.82,   600.08,   597.84
  478.10,   601.62,   722.82
  479.38,   603.16,   847.80
  477.29,   725.07,   596.29
  478.57,   726.61,   721.27
  479.86,   728.15,   846.26
  224.92,   599.17,    98.00
  228.22,   597.02,   222.94
  231.52,   594.86,   347.88
  222.50,   724.13,   100.22
  225.80,   721.97,   225.16
  229.10,   719.82,   350.10
  220.07,   849.08,   102.44
  223.37,   846.93,   227.38
  226.67,   844.77,   352.32
  349.85,   601.65,    94.75
  353.16,   599.50,   219.68
  356.46,   597.34,   344.62
  347.43,   726.61,    96.97
  350.73,   724.45,   221.90
  354.03,   722.30,   346.84
  345.00,   851.57,    99.19
  348.31,   849.41,   224.12
  351.61,   847.26,   349.06
  474.79,   604.14,    91.49
  478.09,   601.98,   216.42
  481.39,   599.82,   341.36
  472.36,   729.09,    93.71
  475.66,   726.94,   218.64
  478.96,   724.78,   343.58
  469.94,   854.05,    95.93
  473.24,   851.89,   220.86
  476.54,   849.74,   345.80
  223.33,   599.75,   226.33
  223.44,   602.15,   351.30
  223.54,   604.55,   476.28
  223.26,   724.73,   223.93
  223.37,   727.12,   348.90
  223.47,   729.52,   473.88
  223.19,   849.70,   221.53
  223.29,   852.10,   346.51
  223.40,   854.50,   471.48
  348.33,   599.82,   226.22
  348.44,   602.22,   351.20
  348.54,   604.62,   476.17
  348.26,   724.79,   223.82
  348.37,   727.19,   348.80
  348.47,   729.59,   473.77
  348.19,   849.77,   221.42
  348.29,   852.17,   346.40
  348.40,   854.57,   471.38
  473.33,   599.89,   226.11
  473.44,   602.29,   351.09
  473.54,   604.68,   476.07
  473.26,   724.86,   223.71
  473.37,   727.26,   348.69
  473.47,   729.66,   473.67
  473.19,   849.84,   221.31
  473.29,   852.24,   346.29
  473.40,   854.64,   471.27
  223.47,   599.37,   350.68
  223.32,   596.32,   475.65
  223.17,   593.28,   600.61
  227.07,   724.28,   353.73
  226.92,   721.23,   478.69
  226.77,   718.19,   603.66
  230.66,   849.19,   356.78
  230.51,   846.14,   481.74
  230.36,   843.10,   606.70
  348.42,   595.77,   350.75
  348.27,   592.72,   475.71
  348.12,   589.68,   600.67
  352.01,   720.68,   353.79
  351.86,   717.64,   478.75
  351.71,   714.59,   603.72
  355.61,   845.59,   356.84
  355.46,   842.55,   481.80
  355.31,   839.50,   606.76
  473.37,   592.17,   350.81
  473.22,   589.13,   475.77
  473.07,   586.08,   600.73
  476.96,   717.08,   353.85
  476.81,   714.04,   478.82
  476.66,   711.00,   603.78
  480.56,   841.99,   356.90
  480.41,   838.95,   481.86
  480.26,   835.91,   606.82
  225.24,   599.16,   474.34
  221.67,   598.50,   599.29
  218.10,   597.84,   724.23
  228.71,   724.11,   475.10
  225.14,   723.45,   600.05
  221.57,   722.79,   724.99
  232.18,   849.06,   475.86
  228.61,   848.40,   600.81
  225.04,   847.74,   725.75
  350.14,   595.67,   477.89
  346.57,   595.01,   602.84
  343.00,   594.35,   727.78
  353.61,   720.62,   478.65
  350.04,   719.96,   603.60
  346.47,   719.30,   728.54
  357.08,   845.57,   479.41
  353.51,   844.91,   604.36
  349.94,   844.25,   729.30
  475.04,   592.18,   481.44
  471.47,   591.52,   606.39
  467.90,   590.86,   731.33
  478.51,   717.13,   482.20
  474.94,   716.47,   607.15
  471.37,   715.81,   732.09
  481.98,   842.08,   482.96
  478.41,   841.42,   607.91
  474.84,   840.76,   732.85
  223.31,   601.05,   599.91
  225.84,   601.77,   724.88
  228.37,   602.49,   849.86
  226.30,   726.01,   599.13
  228.83,   726.73,   724.10
  231.36,   727.45,   849.08
  229.28,   850.98,   598.35
  231.81,   851.69,   723.33
  234.34,   852.41,   848.30
  348.25,   598.05,   597.40
  350.78,   598.77,   722.37
  353.31,   599.49,   847.34
  351.23,   723.01,   596.62
  353.77,   723.73,   721.59
  356.30,   724.45,   846.56
  354.22,   847.98,   595.84
  356.75,   848.70,   720.81
  359.28,   849.41,   845.78
  473.19,   595.05,   594.88
  475.72,   595.77,   719.86
  478.25,   596.49,   844.83
  476.17,   720.02,   594.11
  478.70,   720.73,   719.08
  481.24,   721.45,   844.05
  479.16,   844.98,   593.33
  481.69,   845.70,   718.30
  484.22,   846.41,   843.27
  349.93,    98.61,   100.87
  349.09,    99.17,   225.86
  348.25,    99.73,   350.86
  348.66,   223.61,   100.30
  347.81,   224.17,   225.30
  346.97,   224.73,   350.29
  347.38,   348.60,    99.73
  346.54,   349.16,   224.73
  345.70,   349.72,   349.72
  474.92,    99.89,   101.70
  474.08,   100.45,   226.70
  473.24,   101.01,   351.70
  473.65,   224.88,   101.14
  472.80,   225.44,   226.13
  471.96,   226.00,   351.13
  472.37,   349.88,   100.57
  471.53,   350.44,   225.56
  470.69,   351.00,   350.56
  599.91,   101.17,   102.54
  599.07,   101.73,   227.54
  598.23,   102.29,   352.53
  598.64,   226.16,   101.97
  597.80,   226.72,   226.97
  596.95,   227.28,   351.96
  597.36,   351.15,   101.41
  596.52,   351.71,   226.40
  595.68,   352.27,   351.40
  349.19,   101.23,   226.90
  349.22,   100.70,   351.90
  349.25,   100.18,   476.90
  351.95,   226.20,   227.43
  351.98,   225.67,   352.42
  352.01,   225.15,   477.42
  354.70,   351.16,   227.95
  354.73,   350.64,   352.95
  354.76,   350.12,   477.95
  474.16,    98.48,   226.86
  474.19,    97.95,   351.86
  474.22,    97.43,   476.86
  476.92,   223.44,   227.38
  476.95,   222.92,   352.38
  476.98,   222.40,   477.38
  479.67,   348.41,   227.91
  479.70,   347.89,   352.91
  479.73,   347.36,   477.91
  599.13,    95.72,   226.82
  599.16,    95.20,   351.82
  599.19,    94.67,   476.82
  601.89,   220.69,   227.34
  601.92,   220.17,   352.34
  601.95,   219.64,   477.34
  604.64,   345.66,   227.87
  604.67,   345.14,   352.87
  604.70,   344.61,   477.86
  348.13,   101.13,   350.58
  345.71,    97.82,   475.52
  343.29,    94.51,   600.45
  346.77,   226.08,   353.87
  344.35,   222.77,   478.80
  341.93,   219.46,   603.74
  345.41,   351.03,   357.16
  342.99,   347.72,   482.09
  340.58,   344.41,   607.02
  473.10,   102.43,   353.04
  470.68,    99.12,   477.97
  468.26,    95.80,   602.90
  471.74,   227.38,   356.32
  469.32,   224.06,   481.26
  466.90,   220.75,   606.19
  470.38,   352.33,   359.61
  467.96,   349.01,   484.54
  465.55,   345.70,   609.48
  598.07,   103.72,   355.49
  595.65,   100.41,   480.42
  593.23,    97.10,   605.35
  596.71,   228.67,   358.78
  594.29,   225.36,   483.71
  591.87,   222.05,   608.64
  595.35,   353.62,   362.06
  592.93,   350.31,   487.00
  590.51,   346.99,   611.93
  351.43,    98.88,   475.89
  348.62,   102.17,   600.81
  345.82,   105.45,   725.74
  348.72,   223.81,   472.54
  345.91,   227.09,   597.47
  343.11,   230.38,   722.39
  346.01,   348.73,   469.19
  343.21,   352.02,   594.12
  340.40,   355.31,   719.04
  476.36,   101.66,   478.62
  473.56,   104.95,   603.54
  470.76,   108.24,   728.47
  473.65,   226.59,   475.27
  470.85,   229.87,   600.19
  468.05,   233.16,   725.12
  470.95,   351.51,   471.92
  468.14,   354.80,   596.85
  465.34,   358.09,   721.77
  601.30,   104.44,   481.35
  598.50,   107.73,   606.27
  595.70,   111.02,   731.20
  598.59,   229.37,   478.00
  595.79,   232.66,   602.92
  592.99,   235.94,   727.85
  595.88,   354.30,   474.65
  593.08,   357.58,   599.57
  590.28,   360.87,   724.50
  348.30,   101.34,   599.46
  348.96,    98.25,   724.42
  349.61,    95.16,   849.38
  348.20,   226.30,   602.56
  348.86,   223.21,   727.52
  349.51,   220.12,   852.48
  348.10,   351.26,   605.65
  348.76,   348.17,   730.61
  349.41,   345.08,   855.57
  473.30,   101.46,   598.81
  473.96,    98.37,   723.77
  474.61,    95.27,   848.73
  473.20,   226.42,   601.90
  473.86,   223.33,   726.86
  474.51,   220.23,   851.82
  473.10,   351.38,   605.00
  473.75,   348.29,   729.96
  474.41,   345.20,   854.92
  598.30,   101.58,   598.16
  598.96,    98.48,   723.12
  599.61,    95.39,   848.08
  598.20,   226.54,   601.25
  598.85,   223.45,   726.21
  599.51,   220.35,   851.17
  598.10,   351.50,   604.34
  598.75,   348.41,   729.30
  599.41,   345.31,   854.26
  349.79,   225.80,    99.07
  348.52,   229.02,   224.02
  347.26,   232.24,   348.97
  349.13,   350.76,    95.84
  347.87,   353.97,   220.80
  346.60,   357.19,   345.75
  348.47,   475.71,    92.62
  347.21,   478.93,   217.57
  345.94,   482.15,   342.52
  474.78,   226.49,   100.31
  473.52,   229.71,   225.27
  472.25,   232.93,   350.22
  474.12,   351.45,    97.09
  472.86,   354.67,   222.04
  471.59,   357.88,   346.99
  473.46,   476.40,    93.86
  472.20,   479.62,   218.82
  470.94,   482.84,   343.77
  599.77,   227.18,   101.56
  598.51,   230.40,   226.51
  597.24,   233.62,   351.46
  599.11,   352.14,    98.34
  597.85,   355.36,   223.29
  596.59,   358.57,   348.24
  598.45,   477.09,    95.11
  597.19,   480.31,   220.06
  595.93,   483.53,   345.01
  349.77,   224.85,   226.03
  349.08,   222.29,   351.01
  348.39,   219.74,   475.98
  348.41,   349.81,   228.58
  347.72,   347.26,   353.55
  347.03,   344.70,   478.52
  347.05,   474.78,   231.13
  346.36,   472.22,   356.10
  345.67,   469.67,   481.07
  474.76,   226.19,   226.75
  474.07,   223.64,   351.72
  473.38,   221.08,   476.69
  473.40,   351.16,   229.30
  472.71,   348.60,   354.27
  472.02,   346.05,   479.24
  472.04,   476.12,   231.85
  471.35,   473.57,   356.82
  470.66,   471.02,   481.79
  599.75,   227.54,   227.47
  599.06,   224.98,   352.44
  598.37,   222.43,   477.41
  598.39,   352.50,   230.02
  597.70,   349.95,   354.99
  597.01,   347.39,   479.96
  597.03,   477.47,   232.56
  596.34,   474.91,   357.53
  595.65,   472.36,   482.51
  350.30,   225.00,   350.87
  349.16,   226.97,   475.85
  348.02,   228.93,   600.83
  346.73,   349.93,   348.87
  345.59,   351.90,   473.85
  344.46,   353.87,   598.83
  343.16,   474.87,   346.87
  342.03,   476.83,   471.85
  340.89,   478.80,   596.83
  475.24,   228.58,   351.95
  474.10,   230.55,   476.93
  472.97,   232.52,   601.91
  471.67,   353.52,   349.95
  470.54,   355.48,   474.93
  469.40,   357.45,   599.91
  468.11,   478.45,   347.95
  466.97,   480.42,   472.93
  465.84,   482.38,   597.91
  600.18,   232.17,   353.03
  599.05,   234.13,   478.01
  597.91,   236.10,   602.99
  596.62,   357.10,   351.03
  595.48,   359.07,   476.01
  594.34,   361.03,   600.99
  593.05,   482.03,   349.03
  591.92,   484.00,   474.01
  590.78,   485.97,   598.99
  351.78,   226.16,   475.46
  351.71,   228.05,   600.45
  351.64,   229.93,   725.44
  352.22,   351.15,   473.58
  352.15,   353.03,   598.57
  352.08,   354.91,   723.55
  352.67,   476.13,   471.70
  352.60,   478.02,   596.68
  352.52,   479.90,   721.67
  476.78,   225.72,   475.54
  476.71,   227.60,   600.53
  476.64,   229.49,   725.51
  477.22,   350.70,   473.66
  477.15,   352.59,   598.65
  477.08,   354.47,   723.63
  477.67,   475.69,   471.78
  477.60,   477.57,   596.76
  477.52,   479.46,   721.75
  601.78,   225.28,   475.62
  601.71,   227.16,   600.61
  601.63,   229.04,   725.59
  602.22,   350.26,   473.74
  602.15,   352.14,   598.72
  602.08,   354.03,   723.71
  602.67,   475.25,   471.86
  602.60,   477.13,   596.84
  602.52,   479.01,   721.83
  348.98,   225.49,   600.01
  347.86,   225.65,   725.00
  346.75,   225.80,   850.00
  348.14,   350.49,   599.84
  347.02,   350.64,   724.84
  345.90,   350.80,   849.83
  347.29,   475.48,   599.68
  346.18,   475.64,   724.67
  345.06,   475.80,   849.67
  473.97,   226.33,   601.12
  472.85,   226.49,   726.12
  471.74,   226.64,   851.11
  473.13,   351.33,   600.96
  472.01,   351.49,   725.95
  470.90,   351.64,   850.95
  472.29,   476.33,   600.79
  471.17,   476.48,   725.79
  470.06,   476.64,   850.78
  598.96,   227.18,   602.24
  597.85,   227.33,   727.23
  596.73,   227.49,   852.23
  598.12,   352.17,   602.07
  597.00,   352.33,   727.07
  595.89,   352.48,   852.06
  597.28,   477.17,   601.91
  596.16,   477.33,   726.90
  595.05,   477.48,   851.90
  348.39,   351.00,   101.02
  350.11,   350.86,   226.01
  351.82,   350.71,   350.99
  350.02,   475.99,   101.14
  351.74,   475.84,   226.13
  353.45,   475.70,   351.11
  351.65,   600.98,   101.26
  353.37,   600.83,   226.25
  355.08,   600.69,   351.23
  473.37,   349.37,    99.30
  475.08,   349.23,   224.29
  476.80,   349.09,   349.28
  475.00,   474.36,    99.42
  476.71,   474.22,   224.41
  478.43,   474.07,   349.40
  476.63,   599.35,    99.54
  478.34,   599.21,   224.53
  480.06,   599.06,   349.52
  598.35,   347.74,    97.59
  600.06,   347.60,   222.57
  601.78,   347.46,   347.56
  599.98,   472.73,    97.71
  601.69,   472.59,   222.69
  603.41,   472.45,   347.68
  601.61,   597.72,    97.83
  603.32,   597.58,   222.81
  605.03,   597.44,   347.80
  348.00,   349.57,   224.52
  349.30,   346.94,   349.49
  350.60,   344.30,   474.45
  345.46,   474.52,   227.19
  346.76,   471.88,   352.15
  348.05,   469.25,   477.12
  342.92,   599.47,   229.85
  344.21,   596.83,   354.81
  345.51,   594.19,   479.78
  472.97,   352.14,   223.28
  474.27,   349.51,   348.25
  475.57,   346.87,   473.21
  470.43,   477.09,   225.94
  471.73,   474.45,   350.91
  473.02,   471.82,   475.87
  467.89,   602.04,   228.61
  469.18,   599.40,   353.57
  470.48,   596.76,   478.54
  597.94,   354.71,   222.04
  599.24,   352.08,   347.00
  600.53,   349.44,   471.97
  595.40,   479.66,   224.70
  596.69,   477.02,   349.67
  597.99,   474.39,   474.63
  592.85,   604.61,   227.36
  594.15,   601.97,   352.33
  595.45,   599.33,   477.29
  349.51,   351.81,   351.80
  350.77,   352.22,   476.79
  352.02,   352.62,   601.78
  350.52,   476.81,   351.38
  351.78,   477.21,   476.38
  353.03,   477.62,   601.37
  351.53,   601.81,   350.97
  352.79,   602.21,   475.96
  354.05,   602.61,   600.96
  474.50,   350.80,   350.54
  475.76,   351.20,   475.54
  477.01,   351.61,   600.53
  475.51,   475.79,   350.13
  476.77,   476.20,   475.12
  478.02,   476.60,   600.12
  476.52,   600.79,   349.72
  477.78,   601.19,   474.71
  479.03,   601.60,   599.70
  599.49,   349.78,   349.29
  600.75,   350.19,   474.28
  602.00,   350.59,   599.28
  600.50,   474.78,   348.88
  601.76,   475.18,   473.87
  603.01,   475.59,   598.86
  601.51,   599.77,   348.46
  602.77,   600.18,   473.45
  604.02,   600.58,   598.45
  350.75,   350.55,   476.52
  347.33,   348.77,   601.46
  343.91,   346.99,   726.40
  353.96,   475.49,   478.39
  350.54,   473.71,   603.33
  347.12,   471.93,   728.27
  357.17,   600.44,   480.26
  353.75,   598.66,   605.20
  350.33,   596.88,   730.14
  475.66,   347.29,   479.89
  472.24,   345.51,   604.83
  468.82,   343.73,   729.77
  478.87,   472.23,   481.76
  475.45,   470.45,   606.70
  472.03,   468.67,   731.64
  482.08,   597.18,   483.63
  478.66,   595.40,   608.57
  475.25,   593.61,   733.51
  600.57,   344.03,   483.26
  597.15,   342.25,   608.20
  593.74,   340.46,   733.14
  603.78,   468.97,   485.13
  600.37,   467.19,   610.07
  596.95,   465.41,   735.01
  607.00,   593.92,   487.00
  603.58,   592.14,   611.94
  600.16,   590.35,   736.88
  349.94,   351.07,   598.92
  352.60,   350.38,   723.89
  355.26,   349.68,   848.86
  348.75,   476.07,   599.64
  351.41,   475.37,   724.61
  354.07,   474.67,   849.58
  347.56,   601.06,   600.36
  350.23,   600.36,   725.33
  352.89,   599.67,   850.30
  474.91,   352.28,   596.27
  477.57,   351.58,   721.24
  480.23,   350.88,   846.21
  473.72,   477.27,   596.99
  476.38,   476.57,   721.96
  479.04,   475.88,   846.93
  472.53,   602.26,   597.71
  475.19,   601.57,   722.68
  477.85,   600.87,   847.65
  599.87,   353.48,   593.61
  602.53,   352.78,   718.58
  605.19,   352.09,   843.55
  598.68,   478.47,   594.33
  601.35,   477.78,   719.30
  604.01,   477.08,   844.27
  597.50,   603.46,   595.06
  600.16,   602.77,   720.03
  602.82,   602.07,   845.00
  349.34,   475.95,   100.14
  350.60,   472.74,   225.09
  351.85,   469.53,   350.04
  349.19,   600.90,   103.35
  350.44,   597.70,   228.30
  351.69,   594.49,   353.25
  349.04,   725.86,   106.55
  350.29,   722.66,   231.51
  351.54,   719.45,   356.46
  474.34,   476.13,    98.89
  475.59,   472.93,   223.84
  476.84,   469.72,   348.79
  474.18,   601.09,   102.10
  475.44,   597.88,   227.05
  476.69,   594.68,   352.00
  474.03,   726.05,   105.31
  475.28,   722.84,   230.26
  476.53,   719.64,   355.21
  599.33,   476.32,    97.64
  600.58,   473.11,   222.59
  601.84,   469.91,   347.55
  599.18,   601.28,   100.85
  600.43,   598.07,   225.80
  601.68,   594.86,   350.76
  599.02,   726.24,   104.06
  600.27,   723.03,   229.01
  601.53,   719.82,   353.96
  349.03,   473.91,   223.78
  351.17,   475.40,   348.75
  353.31,   476.90,   473.72
  345.84,   598.86,   222.34
  347.97,   600.35,   347.31
  350.11,   601.85,   472.28
  342.64,   723.81,   220.90
  344.78,   725.30,   345.87
  346.92,   726.80,   470.84
  473.97,   477.08,   221.60
  476.11,   478.57,   346.58
  478.25,   480.07,   471.55
  470.78,   602.03,   220.16
  472.92,   603.52,   345.14
  475.05,   605.02,   470.11
  467.58,   726.98,   218.73
  469.72,   728.47,   343.70
  471.86,   729.97,   468.67
  598.91,   480.25,   219.43
  601.05,   481.74,   344.40
  603.19,   483.23,   469.38
  595.72,   605.20,   217.99
  597.86,   606.69,   342.96
  599.99,   608.19,   467.94
  592.52,   730.15,   216.55
  594.66,   731.64,   341.52
  596.80,   733.14,   466.50
  350.64,   475.74,   348.09
  352.02,   476.57,   473.08
  353.39,   477.41,   598.07
  347.00,   600.69,   347.30
  348.37,   601.52,   472.29
  349.75,   602.35,   597.28
  343.35,   725.63,   346.51
  344.72,   726.46,   471.50
  346.10,   727.30,   596.49
  475.58,   479.38,   346.69
  476.96,   480.21,   471.68
  478.33,   481.05,   596.67
  471.94,   604.32,   345.90
  473.31,   605.16,   470.89
  474.68,   605.99,   595.88
  468.29,   729.27,   345.11
  469.66,   730.10,   470.10
  471.04,   730.93,   595.09
  600.52,   483.01,   345.30
  601.89,   483.85,   470.29
  603.27,   484.68,   595.28
  596.87,   607.96,   344.50
  598.25,   608.79,   469.49
  599.62,   609.63,   594.48
  593.23,   732.90,   343.71
  594.60,   733.74,   468.70
  595.98,   734.57,   593.69
  348.48,   476.55,   476.03
  348.53,   479.73,   600.98
  348.58,   482.91,   725.94
  350.39,   601.49,   472.84
  350.45,   604.67,   597.80
  350.50,   607.85,   722.76
  352.31,   726.43,   469.66
  352.36,   729.62,   594.62
  352.41,   732.80,   719.58
  473.46,   474.63,   476.02
  473.52,   477.81,   600.98
  473.57,   480.99,   725.94
  475.38,   599.57,   472.84
  475.43,   602.76,   597.80
  475.48,   605.94,   722.76
  477.29,   724.52,   469.66
  477.35,   727.70,   594.62
  477.40,   730.88,   719.58
  598.45,   472.71,   476.02
  598.50,   475.90,   600.98
  598.55,   479.08,   725.94
  600.36,   597.66,   472.84
  600.42,   600.84,   597.80
  600.47,   604.02,   722.75
  602.28,   722.60,   469.65
  602.33,   725.78,   594.61
  602.38,   728.97,   719.57
  348.08,   473.87,   600.28
  350.62,   473.83,   725.26
  353.16,   473.78,   850.23
  348.66,   598.87,   600.32
  351.20,   598.83,   725.29
  353.74,   598.78,   850.26
  349.24,   723.87,   600.35
  351.78,   723.82,   725.33
  354.32,   723.78,   850.30
  473.05,   473.29,   597.74
  475.59,   473.24,   722.72
  478.13,   473.20,   847.69
  473.63,   598.29,   597.78
  476.17,   598.24,   722.75
  478.71,   598.20,   847.72
  474.22,   723.29,   597.81
  476.76,   723.24,   722.79
  479.30,   723.19,   847.76
  598.02,   472.71,   595.20
  600.56,   472.66,   720.18
  603.10,   472.61,   845.15
  598.61,   597.71,   595.24
  601.15,   597.66,   720.21
  603.69,   597.61,   845.18
  599.19,   722.71,   595.27
  601.73,   722.66,   720.25
  604.27,   722.61,   845.22
  351.04,   600.90,    98.82
  349.23,   597.32,   223.76
  347.43,   593.74,   348.69
  351.73,   725.84,   102.41
  349.92,   722.26,   227.35
  348.12,   718.68,   352.28
  352.41,   850.79,   106.00
  350.61,   847.21,   230.94
  348.81,   843.63,   355.87
  476.02,   600.16,   100.61
  474.22,   596.58,   225.54
  472.41,   593.00,   350.48
  476.71,   725.10,   104.20
  474.91,   721.52,   229.13
  473.10,   717.94,   354.07
  477.40,   850.05,   107.79
  475.60,   846.47,   232.72
  473.79,   842.89,   357.66
  601.01,   599.42,   102.39
  599.20,   595.84,   227.33
  597.40,   592.26,   352.26
  601.70,   724.36,   105.98
  599.89,   720.78,   230.92
  598.09,   717.20,   355.85
  602.38,   849.31,   109.57
  600.58,   845.73,   234.51
  598.78,   842.15,   359.44
  349.48,   598.69,   226.30
  350.56,   598.12,   351.30
  351.64,   597.55,   476.29
  348.36,   723.68,   226.89
  349.44,   723.11,   351.88
  350.52,   722.54,   476.87
  347.23,   848.68,   227.47
  348.31,   848.10,   352.46
  349.39,   847.53,   477.46
  474.47,   599.82,   225.23
  475.55,   599.25,   350.22
  476.63,   598.68,   475.22
  473.35,   724.81,   225.81
  474.43,   724.24,   350.80
  475.51,   723.67,   475.80
  472.22,   849.81,   226.39
  473.30,   849.24,   351.39
  474.38,   848.66,   476.38
  599.46,   600.95,   224.15
  600.54,   600.38,   349.15
  601.62,   599.81,   474.14
  598.34,   725.94,   224.73
  599.42,   725.37,   349.73
  600.50,   724.80,   474.72
  597.21,   850.94,   225.32
  598.29,   850.37,   350.31
  599.37,   849.79,   475.30
  348.59,   601.12,   349.60
  346.11,   598.55,   474.55
  343.62,   595.98,   599.50
  346.33,   726.07,   352.13
  343.84,   723.50,   477.08
  341.36,   720.93,   602.03
  344.07,   851.02,   354.65
  341.58,   848.46,   479.60
  339.10,   845.89,   604.55
  473.55,   603.33,   352.13
  471.06,   600.76,   477.08
  468.58,   598.19,   602.03
  471.28,   728.28,   354.66
  468.80,   725.71,   479.61
  466.32,   723.15,   604.55
  469.02,   853.24,   357.18
  466.54,   850.67,   482.13
  464.05,   848.10,   607.08
  598.50,   605.54,   354.66
  596.02,   602.97,   479.61
  593.53,   600.40,   604.56
  596.24,   730.49,   357.19
  593.75,   727.92,   482.14
  591.27,   725.36,   607.08
  593.98,   855.45,   359.71
  591.49,   852.88,   484.66
  589.01,   850.31,   609.61
  351.88,   599.99,   476.88
  348.48,   602.64,   601.80
  345.08,   605.30,   726.73
  351.44,   724.96,   474.21
  348.04,   727.61,   599.14
  344.64,   730.27,   724.06
  350.99,   849.93,   471.54
  347.59,   852.58,   596.47
  344.19,   855.24,   721.40
  476.84,   600.51,   480.27
  473.43,   603.16,   605.19
  470.03,   605.81,   730.12
  476.39,   725.48,   477.60
  472.99,   728.13,   602.53
  469.59,   730.78,   727.45
  475.95,   850.45,   474.94
  472.54,   853.10,   599.86
  469.14,   855.75,   724.79
  601.79,   601.02,   483.66
  598.39,   603.68,   608.58
  594.99,   606.33,   733.51
  601.34,   726.00,   480.99
  597.94,   728.65,   605.92
  594.54,   731.30,   730.84
  600.90,   850.97,   478.33
  597.50,   853.62,   603.25
  594.10,   856.27,   728.18
  351.13,   600.23,   598.13
  354.31,   600.05,   723.09
  357.48,   599.87,   848.05
  352.03,   725.23,   598.28
  355.21,   725.05,   723.24
  358.39,   724.87,   848.20
  352.94,   850.23,   598.44
  356.11,   850.05,   723.40
  359.29,   849.87,   848.36
  476.09,   599.33,   594.95
  479.26,   599.15,   719.91
  482.44,   598.98,   844.87
  476.99,   724.33,   595.11
  480.17,   724.15,   720.07
  483.34,   723.97,   845.02
  477.89,   849.33,   595.26
  481.07,   849.15,   720.22
  484.25,   848.97,   845.18
  601.04,   598.43,   591.77
  604.22,   598.25,   716.73
  607.40,   598.08,   841.69
  601.95,   723.43,   591.93
  605.12,   723.25,   716.89
  608.30,   723.07,   841.85
  602.85,   848.43,   592.08
  606.03,   848.25,   717.04
  609.20,   848.07,   842.00
  475.16,    98.22,   100.46
  472.37,    94.96,   225.39
  469.57,    91.71,   350.32
  476.02,   223.17,   103.74
  473.22,   219.92,   228.67
  470.43,   216.66,   353.59
  476.87,   348.13,   107.01
  474.08,   344.87,   231.94
  471.28,   341.62,   356.87
  600.13,    97.29,   103.23
  597.33,    94.04,   228.16
  594.54,    90.78,   353.09
  600.98,   222.25,   106.51
  598.19,   218.99,   231.44
  595.40,   215.74,   356.36
  601.84,   347.20,   109.78
  599.04,   343.94,   234.71
  596.25,   340.69,   359.64
  725.09,    96.36,   106.01
  722.30,    93.11,   230.93
  719.51,    89.85,   355.86
  725.95,   221.32,   109.28
  723.16,   218.06,   234.21
  720.36,   214.81,   359.13
  726.80,   346.27,   112.55
  724.01,   343.02,   237.48
  721.22,   339.76,   362.41
  476.30,   100.96,   223.91
  477.66,    99.30,   348.89
  479.03,    97.64,   473.87
  478.70,   225.93,   225.54
  480.06,   224.27,   350.52
  481.43,   222.61,   475.50
  481.10,   350.89,   227.17
  482.46,   349.23,   352.15
  483.82,   347.58,   477.13
  601.27,    98.58,   222.51
  602.63,    96.92,   347.50
  604.00,    95.26,   472.48
  603.67,   223.55,   224.15
  605.03,   221.89,   349.13
  606.39,   220.23,   474.11
  606.07,   348.51,   225.78
  607.43,   346.85,   350.76
  608.79,   345.20,   475.74
  726.24,    96.20,   221.12
  727.60,    94.54,   346.10
  728.96,    92.88,   471.08
  728.64,   221.16,   222.75
  730.00,   219.51,   347.73
  731.36,   217.85,   472.71
  731.04,   346.13,   224.38
  732.40,   344.47,   349.36
  733.76,   342.81,   474.35
  474.70,   101.60,   348.72
  472.65,   104.67,   473.66
  470.59,   107.73,   598.61
  472.52,   226.54,   345.62
  470.46,   229.61,   470.56
  468.41,   232.68,   595.51
  470.34,   351.49,   342.51
  468.28,   354.55,   467.46
  466.23,   357.62,   592.41
  599.66,   103.83,   350.72
  597.61,   106.90,   475.66
  595.55,   109.96,   600.61
  597.48,   228.78,   347.62
  595.43,   231.84,   472.56
  593.37,   234.91,   597.51
  595.30,   353.72,   344.52
  593.25,   356.78,   469.46
  591.19,   359.85,   594.41
  724.63,   106.06,   352.72
  722.57,   109.13,   477.67
  720.52,   112.20,   602.61
  722.45,   231.01,   349.62
  720.39,   234.07,   474.56
  718.34,   237.14,   599.51
  720.27,   355.95,   346.52
  718.21,   359.01,   471.46
  716.16,   362.08,   596.41
  475.08,    98.34,   475.43
  476.03,    99.74,   600.42
  476.99,   101.13,   725.41
  478.43,   223.28,   474.01
  479.38,   224.68,   599.00
  480.34,   226.08,   723.99
  481.77,   348.23,   472.59
  482.73,   349.63,   597.57
  483.68,   351.03,   722.56
  600.03,    94.98,   474.52
  600.99,    96.38,   599.51
  601.94,    97.78,   724.49
  603.38,   219.93,   473.09
  604.33,   221.33,   598.08
  605.29,   222.72,   723.07
  606.73,   344.87,   471.67
  607.68,   346.27,   596.66
  608.63,   347.67,   721.65
  724.98,    91.62,   473.60
  725.94,    93.02,   598.59
  726.89,    94.42,   723.58
  728.33,   216.57,   472.18
  729.28,   217.97,   597.16
  730.24,   219.37,   722.15
  731.68,   341.52,   470.75
  732.63,   342.92,   595.74
  733.59,   344.31,   720.73
  473.68,    98.63,   601.40
  469.94,    97.79,   726.34
  466.20,    96.94,   851.28
  473.06,   223.62,   602.22
  469.31,   222.78,   727.16
  465.57,   221.94,   852.10
  472.43,   348.62,   603.04
  468.69,   347.78,   727.98
  464.95,   346.94,   852.92
  598.62,    99.23,   605.14
  594.88,    98.39,   730.08
  591.14,    97.54,   855.02
  598.00,   224.22,   605.96
  594.26,   223.38,   730.91
  590.51,   222.54,   855.85
  597.37,   349.22,   606.79
  593.63,   348.38,   731.73
  589.89,   347.54,   856.67
  723.57,    99.83,   608.89
  719.82,    98.99,   733.83
  716.08,    98.14,   858.77
  722.94,   224.82,   609.71
  719.20,   223.98,   734.65
  715.46,   223.14,   859.59
  722.32,   349.82,   610.53
  718.57,   348.98,   735.48
  714.83,   348.14,   860.42
  474.27,   226.37,    99.13
  471.64,   224.49,   224.09
  469.02,   222.61,   349.05
  477.41,   351.31,   101.07
  474.79,   349.43,   226.03
  472.17,   347.56,   350.99
  480.56,   476.26,   103.02
  477.94,   474.38,   227.98
  475.31,   472.50,   352.93
  599.20,   223.18,   101.71
  596.57,   221.30,   226.67
  593.95,   219.42,   351.62
  602.35,   348.12,   103.65
  599.72,   346.25,   228.61
  597.10,   344.37,   353.57
  605.50,   473.07,   105.59
  602.87,   471.19,   230.55
  600.25,   469.31,   355.51
  724.13,   219.99,   104.28
  721.51,   218.11,   229.24
  718.88,   216.23,   354.20
  727.28,   344.93,   106.23
  724.66,   343.06,   231.19
  722.03,   341.18,   356.14
  730.43,   469.88,   108.17
  727.80,   468.00,   233.13
  725.18,   466.12,   358.09
  473.01,   223.17,   226.73
  469.37,   225.41,   351.66
  465.73,   227.65,   476.58
  474.79,   348.13,   224.54
  471.15,   350.38,   349.47
  467.51,   352.62,   474.39
  476.58,   473.10,   222.35
  472.94,   475.34,   347.27
  469.29,   477.59,   472.20
  597.94,   221.45,   230.40
  594.30,   223.69,   355.33
  590.66,   225.93,   480.26
  599.73,   346.42,   228.21
  596.09,   348.66,   353.14
  592.45,   350.90,   478.07
  601.51,   471.38,   226.02
  597.87,   473.63,   350.95
  594.23,   475.87,   475.87
  722.88,   219.73,   234.08
  719.24,   221.97,   359.00
  715.60,   224.22,   483.93
  724.66,   344.70,   231.88
  721.02,   346.94,   356.81
  717.38,   349.18,   481.74
  726.45,   469.66,   229.69
  722.80,   471.91,   354.62
  719.16,   474.15,   479.55
  476.06,   226.45,   348.98
  473.27,   223.02,   473.90
  470.47,   219.58,   598.82
  475.39,   351.40,   352.39
  472.59,   347.97,   477.32
  469.79,   344.54,   602.24
  474.71,   476.35,   355.81
  471.91,   472.92,   480.73
  469.11,   469.49,   605.65
  601.03,   227.05,   351.79
  598.23,   223.62,   476.71
  595.44,   220.19,   601.63
  600.35,   352.00,   355.21
  597.55,   348.57,   480.13
  594.76,   345.14,   605.05
  599.67,   476.95,   358.63
  596.88,   473.52,   483.55
  594.08,   470.09,   608.47
  726.00,   227.65,   354.61
  723.20,   224.22,   479.53
  720.40,   220.79,   604.45
  725.32,   352.60,   358.02
  722.52,   349.17,   482.95
  719.72,   345.74,   607.87
  724.64,   477.56,   361.44
  721.84,   474.12,   486.36
  719.04,   470.69,   611.29
  474.02,   226.86,   475.06
  477.53,   228.14,   600.01
  481.05,   229.42,   724.95
  471.54,   351.83,   473.85
  475.06,   353.11,   598.80
  478.57,   354.39,   723.74
  469.06,   476.80,   472.64
  472.58,   478.08,   597.59
  476.09,   479.36,   722.53
  598.95,   229.31,   471.53
  602.46,   230.59,   596.47
  605.97,   231.87,   721.41
  596.47,   354.28,   470.32
  599.98,   355.56,   595.26
  603.49,   356.84,   720.20
  593.99,   479.25,   469.11
  597.50,   480.53,   594.05
  601.01,   481.81,   719.00
  723.87,   231.75,   467.99
  727.39,   233.03,   592.93
  730.90,   234.31,   717.88
  721.39,   356.72,   466.78
  724.91,   358.00,   591.72
  728.42,   359.28,   716.67
  718.92,   481.69,   465.57
  722.43,   482.97,   590.51
  725.94,   484.25,   715.46
  476.13,   224.30,   598.51
  476.36,   220.84,   723.46
  476.59,   217.37,   848.41
  473.47,   349.23,   601.98
  473.70,   345.76,   726.93
  473.93,   342.29,   851.88
  470.82,   474.15,   605.45
  471.04,   470.68,   730.40
  471.27,   467.22,   855.35
  601.11,   226.97,   598.35
  601.33,   223.50,   723.30
  601.56,   220.03,   848.25
  598.45,   351.89,   601.82
  598.67,   348.42,   726.77
  598.90,   344.96,   851.72
  595.79,   476.81,   605.29
  596.02,   473.35,   730.24
  596.24,   469.88,   855.20
  726.08,   229.63,   598.20
  726.31,   226.17,   723.15
  726.53,   222.70,   848.10
  723.42,   354.56,   601.67
  723.65,   351.09,   726.62
  723.88,   347.62,   851.57
  720.76,   479.48,   605.14
  720.99,   476.01,   730.09
  721.22,   472.55,   855.04
  474.45,   351.81,    98.83
  473.56,   348.46,   223.78
  472.66,   345.12,   348.73
  477.32,   476.73,   102.19
  476.42,   473.38,   227.14
  475.52,   470.04,   352.09
  480.18,   601.65,   105.55
  479.28,   598.31,   230.50
  478.39,   594.96,   355.46
  599.42,   348.92,    99.64
  598.52,   345.58,   224.60
  597.63,   342.23,   349.55
  602.28,   473.84,   103.01
  601.38,   470.50,   227.96
  600.49,   467.16,   352.91
  605.14,   598.77,   106.37
  604.25,   595.42,   231.32
  603.35,   592.08,   356.28
  724.38,   346.04,   100.46
  723.49,   342.69,   225.41
  722.59,   339.35,   350.37
  727.24,   470.96,   103.83
  726.35,   467.61,   228.78
  725.45,   464.27,   353.73
  730.11,   595.88,   107.19
  729.21,   592.54,   232.14
  728.31,   589.19,   357.09
  473.08,   350.99,   223.76
  474.66,   351.98,   348.74
  476.25,   352.97,   473.73
  473.60,   475.98,   222.76
  475.18,   476.97,   347.74
  476.77,   477.96,   472.73
  474.12,   600.98,   221.76
  475.70,   601.97,   346.75
  477.29,   602.96,   471.73
  598.06,   350.45,   222.17
  599.65,   351.44,   347.16
  601.24,   352.43,   472.14
  598.58,   475.45,   221.18
  600.17,   476.44,   346.16
  601.76,   477.43,   471.15
  599.10,   600.44,   220.18
  600.69,   601.43,   345.17
  602.28,   602.42,   470.15
  723.05,   349.92,   220.59
  724.64,   350.91,   345.58
  726.23,   351.90,   470.56
  723.57,   474.92,   219.59
  725.16,   475.91,   344.58
  726.75,   476.90,   469.57
  724.09,   599.91,   218.60
  725.68,   600.90,   343.58
  727.27,   601.89,   468.57
  474.09,   351.97,   351.64
  477.20,   355.10,   476.56
  480.30,   358.23,   601.48
  474.60,   476.92,   348.49
  477.70,   480.06,   473.42
  480.80,   483.19,   598.34
  475.10,   601.88,   345.35
  478.20,   605.02,   470.27
  481.31,   608.15,   595.19
  599.06,   351.38,   348.55
  602.16,   354.52,   473.47
  605.26,   357.65,   598.39
  599.56,   476.34,   345.40
  602.66,   479.48,   470.33
  605.76,   482.61,   595.25
  600.06,   601.30,   342.26
  603.16,   604.43,   467.18
  606.27,   607.57,   592.10
  724.02,   350.80,   345.46
  727.12,   353.93,   470.38
  730.22,   357.07,   595.31
  724.52,   475.76,   342.32
  727.62,   478.89,   467.24
  730.72,   482.03,   592.16
  725.02,   600.72,   339.17
  728.13,   603.85,   464.09
  731.23,   606.99,   589.01
  473.77,   348.26,   473.27
  471.50,   351.80,   598.20
  469.22,   355.33,   723.13
  472.46,   473.21,   469.71
  470.19,   476.74,   594.64
  467.91,   480.27,   719.57
  471.16,   598.15,   466.16
  468.88,   601.68,   591.08
  466.61,   605.21,   716.01
  598.75,   349.64,   475.51
  596.47,   353.17,   600.44
  594.20,   356.70,   725.37
  597.44,   474.58,   471.95
  595.16,   478.11,   596.88
  592.89,   481.64,   721.81
  596.13,   599.52,   468.39
  593.85,   603.05,   593.32
  591.58,   606.59,   718.25
  723.72,   351.01,   477.74
  721.44,   354.54,   602.67
  719.17,   358.07,   727.60
  722.41,   475.95,   474.19
  720.13,   479.48,   599.12
  717.86,   483.02,   724.05
  721.10,   600.89,   470.63
  718.83,   604.43,   595.56
  716.55,   607.96,   720.49
  473.63,   349.01,   598.66
  472.49,   348.88,   723.66
  471.35,   348.76,   848.65
  475.10,   474.00,   598.80
  473.96,   473.87,   723.80
  472.82,   473.75,   848.79
  476.57,   598.99,   598.94
  475.43,   598.86,   723.93
  474.29,   598.74,   848.93
  598.62,   347.53,   599.80
  597.48,   347.41,   724.80
  596.34,   347.29,   849.79
  600.09,   472.53,   599.94
  598.95,   472.40,   724.94
  597.81,   472.28,   849.93
  601.56,   597.52,   600.08
  600.42,   597.39,   725.07
  599.28,   597.27,   850.07
  723.61,   346.06,   600.94
  722.46,   345.94,   725.94
  721.32,   345.82,   850.93
  725.08,   471.05,   601.08
  723.94,   470.93,   726.08
  722.79,   470.81,   851.07
  726.55,   596.05,   601.22
  725.41,   595.92,   726.21
  724.26,   595.80,   851.21
  473.01,   476.66,    99.24
  474.39,   479.01,   224.21
  475.77,   481.36,   349.18
  469.38,   601.58,    96.92
  470.76,   603.94,   221.89
  472.14,   606.29,   346.86
  465.74,   726.51,    94.61
  467.12,   728.86,   219.58
  468.50,   731.21,   344.55
  597.95,   480.26,    97.79
  599.33,   482.62,   222.76
  600.71,   484.97,   347.73
  594.32,   605.19,    95.48
  595.70,   607.54,   220.45
  597.08,   609.90,   345.42
  590.68,   730.12,    93.16
  592.06,   732.47,   218.13
  593.44,   734.82,   343.10
  722.89,   483.87,    96.34
  724.27,   486.23,   221.31
  725.65,   488.58,   346.28
  719.26,   608.80,    94.03
  720.64,   611.15,   219.00
  722.02,   613.51,   343.97
  715.62,   733.72,    91.72
  717.00,   736.08,   216.69
  718.38,   738.43,   341.66
  473.61,   473.86,   224.42
  471.95,   471.07,   349.38
  470.28,   468.28,   474.33
  472.97,   598.83,   227.20
  471.31,   596.04,   352.16
  469.64,   593.24,   477.12
  472.33,   723.80,   229.99
  470.67,   721.01,   354.95
  469.00,   718.21,   479.90
  598.60,   474.47,   226.10
  596.93,   471.67,   351.06
  595.27,   468.88,   476.01
  597.96,   599.43,   228.88
  596.29,   596.64,   353.84
  594.63,   593.85,   478.80
  597.32,   724.40,   231.67
  595.66,   721.61,   356.63
  593.99,   718.81,   481.58
  723.59,   475.07,   227.78
  721.92,   472.27,   352.74
  720.26,   469.48,   477.69
  722.95,   600.04,   230.56
  721.28,   597.24,   355.52
  719.62,   594.45,   480.48
  722.31,   725.00,   233.35
  720.64,   722.21,   358.31
  718.98,   719.42,   483.26
  475.87,   473.36,   351.39
  475.93,   475.50,   476.37
  475.99,   477.63,   601.35
  477.13,   598.33,   349.25
  477.19,   600.47,   474.23
  477.25,   602.61,   599.21
  478.38,   723.31,   347.11
  478.44,   725.45,   472.09
  478.50,   727.58,   597.08
  600.87,   472.10,   351.35
  600.93,   474.24,   476.33
  600.99,   476.38,   601.31
  602.12,   597.08,   349.21
  602.18,   599.22,   474.19
  602.24,   601.35,   599.17
  603.37,   722.05,   347.07
  603.43,   724.19,   472.06
  603.49,   726.33,   597.04
  725.86,   470.85,   351.31
  725.92,   472.99,   476.29
  725.98,   475.12,   601.27
  727.11,   595.82,   349.17
  727.17,   597.96,   474.15
  727.23,   600.10,   599.14
  728.37,   720.80,   347.04
  728.43,   722.94,   472.02
  728.49,   725.07,   597.00
  474.67,   476.22,   475.24
  478.24,   474.10,   600.17
  481.82,   471.99,   725.11
  474.23,   601.20,   477.37
  477.81,   599.09,   602.30
  481.39,   596.97,   727.23
  473.80,   726.18,   479.50
  477.38,   724.07,   604.43
  480.95,   721.95,   729.36
  599.61,   476.71,   471.67
  603.19,   474.60,   596.61
  606.77,   472.48,   721.54
  599.18,   601.69,   473.80
  602.76,   599.58,   598.73
  606.33,   597.46,   723.66
  598.75,   726.67,   475.93
  602.32,   724.56,   600.86
  605.90,   722.45,   725.79
  724.56,   477.21,   468.11
  728.14,   475.09,   593.04
  731.72,   472.98,   717.97
  724.13,   602.19,   470.23
  727.71,   600.07,   595.16
  731.28,   597.96,   720.10
  723.70,   727.17,   472.36
  727.27,   725.05,   597.29
  730.85,   722.94,   722.22
  475.79,   475.73,   600.98
  477.96,   476.35,   725.95
  480.13,   476.98,   850.93
  474.83,   600.72,   600.36
  477.00,   601.35,   725.34
  479.18,   601.98,   850.32
  473.88,   725.72,   599.75
  476.05,   726.34,   724.73
  478.22,   726.97,   849.71
  600.76,   476.67,   598.80
  602.93,   477.30,   723.78
  605.10,   477.92,   848.76
  599.81,   601.66,   598.19
  601.98,   602.29,   723.17
  604.15,   602.92,   848.15
  598.86,   726.66,   597.58
  601.03,   727.29,   722.56
  603.20,   727.91,   847.54
  725.74,   477.61,   596.62
  727.91,   478.24,   721.60
  730.08,   478.86,   846.58
  724.79,   602.61,   596.01
  726.96,   603.23,   720.99
  729.13,   603.86,   845.97
  723.84,   727.60,   595.40
  726.01,   728.23,   720.38
  728.18,   728.85,   845.36
  474.01,   599.23,   101.59
  474.71,   598.74,   226.58
  475.41,   598.25,   351.58
  472.13,   724.21,   102.09
  472.83,   723.72,   227.08
  473.53,   723.24,   352.08
  470.26,   849.20,   102.58
  470.96,   848.71,   227.58
  471.66,   848.22,   352.58
  598.99,   601.10,   100.89
  599.69,   600.62,   225.89
  600.39,   600.13,   350.89
  597.12,   726.09,   101.39
  597.82,   725.60,   226.39
  598.52,   725.11,   351.39
  595.24,   851.07,   101.89
  595.94,   850.58,   226.89
  596.65,   850.10,   351.88
  723.97,   602.98,   100.20
  724.67,   602.49,   225.20
  725.37,   602.00,   350.20
  722.10,   727.96,   100.70
  722.80,   727.48,   225.70
  723.50,   726.99,   350.69
  720.23,   852.95,   101.20
  720.93,   852.46,   226.19
  721.63,   851.97,   351.19
  475.66,   600.75,   226.81
  475.21,   600.50,   351.80
  474.76,   600.26,   476.80
  477.48,   725.73,   227.06
  477.03,   725.49,   352.05
  476.58,   725.25,   477.05
  479.30,   850.72,   227.30
  478.85,   850.48,   352.30
  478.39,   850.23,   477.30
  600.65,   598.93,   227.25
  600.19,   598.68,   352.25
  599.74,   598.44,   477.25
  602.47,   723.91,   227.50
  602.01,   723.67,   352.50
  601.56,   723.43,   477.50
  604.29,   848.90,   227.75
  603.83,   848.66,   352.75
  603.38,   848.41,   477.75
  725.63,   597.11,   227.70
  725.18,   596.86,   352.70
  724.73,   596.62,   477.70
  727.45,   722.09,   227.95
  727.00,   721.85,   352.95
  726.55,   721.61,   477.95
  729.27,   847.08,   228.20
  728.82,   846.84,   353.20
  728.37,   846.59,   478.20
  475.92,   598.40,   348.18
  476.52,   596.59,   473.17
  477.13,   594.77,   598.15
  474.57,   723.38,   350.00
  475.17,   721.56,   474.99
  475.77,   719.75,   599.97
  473.22,   848.36,   351.82
  473.82,   846.54,   476.81
  474.42,   844.73,   601.79
  600.91,   599.76,   347.60
  601.51,   597.95,   472.58
  602.12,   596.13,   597.57
  599.56,   724.74,   349.42
  600.16,   722.93,   474.40
  600.76,   721.11,   599.39
  598.21,   849.72,   351.24
  598.81,   847.91,   476.22
  599.41,   846.09,   601.21
  725.90,   601.12,   347.02
  726.51,   599.31,   472.00
  727.11,   597.50,   596.99
  724.55,   726.10,   348.84
  725.15,   724.29,   473.82
  725.76,   722.47,   598.81
  723.20,   851.08,   350.66
  723.80,   849.27,   475.64
  724.40,   847.45,   600.63
  474.42,   601.09,   473.65
  474.28,   603.79,   598.62
  474.15,   606.48,   723.59
  477.95,   726.01,   470.96
  477.82,   728.71,   595.93
  477.68,   731.40,   720.90
  481.48,   850.94,   468.27
  481.35,   853.63,   593.24
  481.22,   856.32,   718.21
  599.37,   597.56,   473.86
  599.23,   600.26,   598.83
  599.10,   602.95,   723.80
  602.90,   722.48,   471.17
  602.77,   725.18,   596.14
  602.63,   727.87,   721.11
  606.43,   847.41,   468.48
  606.30,   850.10,   593.45
  606.17,   852.79,   718.42
  724.32,   594.03,   474.07
  724.18,   596.73,   599.04
  724.05,   599.42,   724.01
  727.85,   718.95,   471.38
  727.72,   721.65,   596.35
  727.58,   724.34,   721.32
  731.38,   843.88,   468.69
  731.25,   846.57,   593.66
  731.12,   849.26,   718.63
  476.37,   600.46,   600.26
  478.00,   604.15,   725.19
  479.62,   607.85,   850.13
  477.98,   725.39,   596.54
  479.61,   729.09,   721.47
  481.23,   732.79,   846.41
  479.59,   850.33,   592.82
  481.22,   854.02,   717.76
  482.85,   857.72,   842.69
  601.35,   598.80,   598.68
  602.97,   602.50,   723.61
  604.60,   606.19,   848.55
  602.96,   723.73,   594.96
  604.59,   727.43,   719.90
  606.21,   731.13,   844.83
  604.57,   848.67,   591.24
  606.20,   852.36,   716.18
  607.82,   856.06,   841.11
  726.33,   597.14,   597.10
  727.95,   600.84,   722.03
  729.58,   604.53,   846.97
  727.94,   722.07,   593.38
  729.56,   725.77,   718.32
  731.19,   729.47,   843.25
  729.55,   847.01,   589.66
  731.18,   850.71,   714.60
  732.80,   854.40,   839.53
  599.72,    99.53,   100.46
  599.35,    97.45,   225.44
  598.98,    95.36,   350.42
  598.18,   224.50,   102.54
  597.81,   222.42,   227.52
  597.44,   220.34,   352.50
  596.64,   349.48,   104.62
  596.27,   347.39,   229.60
  595.90,   345.31,   354.58
  724.71,   101.06,   100.86
  724.34,    98.98,   225.84
  723.97,    96.90,   350.82
  723.17,   226.04,   102.94
  722.80,   223.95,   227.92
  722.43,   221.87,   352.90
  721.63,   351.01,   105.02
  721.26,   348.93,   230.00
  720.89,   346.84,   354.98
  849.70,   102.60,   101.26
  849.33,   100.51,   226.24
  848.96,    98.43,   351.22
  848.16,   227.57,   103.34
  847.79,   225.49,   228.32
  847.42,   223.40,   353.30
  846.62,   352.54,   105.41
  846.25,   350.46,   230.40
  845.88,   348.38,   355.38
  599.13,    98.95,   224.16
  597.63,   102.09,   349.11
  596.13,   105.24,   474.06
  597.25,   223.89,   220.99
  595.75,   227.04,   345.95
  594.25,   230.18,   470.90
  595.37,   348.84,   217.83
  593.87,   351.98,   342.78
  592.37,   355.13,   467.73
  724.10,   100.87,   225.61
  722.60,   104.01,   350.56
  721.10,   107.15,   475.52
  722.23,   225.81,   222.45
  720.72,   228.95,   347.40
  719.22,   232.10,   472.35
  720.35,   350.76,   219.28
  718.85,   353.90,   344.23
  717.35,   357.04,   469.18
  849.08,   102.78,   227.07
  847.58,   105.93,   352.02
  846.08,   109.07,   476.97
  847.20,   227.73,   223.90
  845.70,   230.87,   348.85
  844.20,   234.01,   473.80
  845.32,   352.67,   220.73
  843.82,   355.82,   345.68
  842.32,   358.96,   470.64
  601.42,    99.01,   351.65
  603.91,    95.28,   476.57
  606.39,    91.55,   601.48
  600.71,   223.95,   355.39
  603.19,   220.22,   480.31
  605.68,   216.49,   605.23
  599.99,   348.89,   359.13
  602.48,   345.16,   484.05
  604.97,   341.44,   608.97
  726.39,    99.79,   349.18
  728.88,    96.07,   474.10
  731.37,    92.34,   599.02
  725.68,   224.74,   352.92
  728.17,   221.01,   477.84
  730.65,   217.28,   602.76
  724.97,   349.68,   356.67
  727.45,   345.95,   481.59
  729.94,   342.22,   606.50
  851.37,   100.58,   346.72
  853.85,    96.85,   471.64
  856.34,    93.13,   596.56
  850.65,   225.52,   350.46
  853.14,   221.80,   475.38
  855.63,   218.07,   600.30
  849.94,   350.47,   354.20
  852.43,   346.74,   479.12
  854.91,   343.01,   604.04
  600.58,   101.99,   475.72
  600.36,   101.34,   600.72
  600.14,   100.68,   725.72
  599.64,   226.98,   476.38
  599.42,   226.33,   601.37
  599.20,   225.68,   726.37
  598.69,   351.98,   477.03
  598.47,   351.32,   602.02
  598.25,   350.67,   727.02
  725.58,   102.93,   475.95
  725.36,   102.28,   600.95
  725.14,   101.63,   725.95
  724.63,   227.93,   476.60
  724.41,   227.27,   601.60
  724.19,   226.62,   726.60
  723.69,   352.92,   477.25
  723.47,   352.27,   602.25
  723.25,   351.61,   727.25
  850.57,   103.87,   476.17
  850.35,   103.22,   601.17
  850.13,   102.57,   726.17
  849.63,   228.87,   476.82
  849.41,   228.22,   601.82
  849.19,   227.56,   726.82
  848.69,   353.86,   477.48
  848.47,   353.21,   602.47
  848.25,   352.56,   727.47
  601.13,   100.43,   598.56
  599.47,   104.09,   723.49
  597.82,   107.75,   848.43
  598.50,   225.34,   594.86
  596.85,   229.01,   719.80
  595.19,   232.67,   844.73
  595.88,   350.26,   591.17
  594.22,   353.92,   716.10
  592.56,   357.59,   841.04
  726.09,   103.10,   600.14
  724.44,   106.76,   725.07
  722.78,   110.43,   850.01
  723.46,   228.02,   596.44
  721.81,   231.68,   721.38
  720.15,   235.34,   846.31
  720.84,   352.94,   592.74
  719.18,   356.60,   717.68
  717.52,   360.26,   842.62
  851.05,   105.78,   601.72
  849.40,   109.44,   726.65
  847.74,   113.10,   851.59
  848.43,   230.69,   598.02
  846.77,   234.36,   722.96
  845.11,   238.02,   847.89
  845.80,   355.61,   594.32
  844.14,   359.27,   719.26
  842.48,   362.94,   844.19
  601.35,   223.02,   100.67
  600.05,   221.62,   225.65
  598.75,   220.22,   350.64
  604.40,   347.97,   102.10
  603.10,   346.57,   227.08
  601.80,   345.18,   352.07
  607.44,   472.93,   103.52
  606.14,   471.53,   228.51
  604.84,   470.13,   353.49
  726.31,   219.95,   101.93
  725.01,   218.56,   226.92
  723.71,   217.16,   351.90
  729.35,   344.91,   103.36
  728.05,   343.51,   228.35
  726.75,   342.12,   353.33
  732.40,   469.86,   104.79
  731.10,   468.47,   229.77
  729.80,   467.07,   354.76
  851.26,   216.89,   103.20
  849.96,   215.50,   228.18
  848.66,   214.10,   353.17
  854.31,   341.85,   104.63
  853.01,   340.45,   229.61
  851.71,   339.05,   354.60
  857.36,   466.80,   106.05
  856.06,   465.41,   231.04
  854.76,   464.01,   356.02
  598.34,   225.38,   224.90
  599.33,   224.13,   349.89
  600.32,   222.88,   474.88
  601.71,   350.33,   226.12
  602.70,   349.08,   351.11
  603.69,   347.83,   476.10
  605.08,   475.28,   227.35
  606.07,   474.03,   352.34
  607.06,   472.78,   477.33
  723.29,   222.02,   223.88
  724.28,   220.77,   348.87
  725.27,   219.52,   473.86
  726.66,   346.97,   225.10
  727.65,   345.72,   350.09
  728.64,   344.47,   475.08
  730.03,   471.92,   226.32
  731.02,   470.67,   351.31
  732.02,   469.42,   476.30
  848.24,   218.66,   222.85
  849.23,   217.41,   347.84
  850.22,   216.16,   472.83
  851.61,   343.61,   224.07
  852.60,   342.36,   349.06
  853.59,   341.11,   474.05
  854.98,   468.55,   225.30
  855.98,   467.30,   350.29
  856.97,   466.05,   475.28
  598.33,   226.24,   351.41
  600.97,   224.02,   476.36
  603.62,   221.81,   601.31
  596.44,   351.20,   353.66
  599.08,   348.99,   478.61
  601.73,   346.77,   603.57
  594.55,   476.17,   355.92
  597.19,   473.95,   480.87
  599.84,   471.74,   605.82
  723.29,   228.17,   348.79
  725.93,   225.96,   473.75
  728.58,   223.74,   598.70
  721.39,   353.14,   351.05
  724.04,   350.92,   476.00
  726.68,   348.71,   600.96
  719.50,   478.11,   353.31
  722.15,   475.89,   478.26
  724.79,   473.67,   603.21
  848.24,   230.11,   346.18
  850.89,   227.90,   471.14
  853.53,   225.68,   596.09
  846.35,   355.08,   348.44
  849.00,   352.86,   473.39
  851.64,   350.65,   598.34
  844.46,   480.04,   350.70
  847.11,   477.83,   475.65
  849.75,   475.61,   600.60
  598.66,   226.52,   475.67
  600.49,   224.72,   600.65
  602.33,   222.93,   725.62
  598.95,   351.51,   477.47
  600.78,   349.71,   602.44
  602.62,   347.91,   727.42
  599.24,   476.50,   479.26
  601.07,   474.70,   604.24
  602.91,   472.90,   729.21
  723.65,   226.26,   473.84
  725.48,   224.46,   598.81
  727.31,   222.66,   723.79
  723.94,   351.25,   475.63
  725.77,   349.45,   600.61
  727.60,   347.65,   725.58
  724.23,   476.23,   477.43
  726.06,   474.43,   602.40
  727.89,   472.64,   727.37
  848.63,   225.99,   472.00
  850.47,   224.20,   596.98
  852.30,   222.40,   721.95
  848.92,   350.98,   473.80
  850.76,   349.18,   598.77
  852.59,   347.39,   723.74
  849.21,   475.97,   475.59
  851.05,   474.17,   600.56
  852.88,   472.37,   725.54
  598.58,   225.12,   600.66
  599.80,   221.81,   725.61
  601.02,   218.50,   850.56
  596.39,   350.06,   604.00
  597.61,   346.75,   728.95
  598.84,   343.43,   853.90
  594.20,   475.00,   607.33
  595.42,   471.68,   732.28
  596.65,   468.37,   857.23
  723.56,   227.34,   599.50
  724.78,   224.03,   724.45
  726.00,   220.72,   849.40
  721.37,   352.28,   602.84
  722.59,   348.97,   727.79
  723.81,   345.65,   852.74
  719.18,   477.22,   606.17
  720.40,   473.90,   731.12
  721.62,   470.59,   856.07
  848.53,   229.57,   598.34
  849.75,   226.25,   723.29
  850.97,   222.94,   848.24
  846.34,   354.50,   601.67
  847.56,   351.19,   726.62
  848.78,   347.88,   851.57
  844.15,   479.44,   605.01
  845.37,   476.13,   729.96
  846.60,   472.81,   854.91
  600.69,   349.36,    98.36
  597.04,   346.61,   223.28
  593.38,   343.85,   348.20
  604.04,   474.28,   101.22
  600.39,   471.53,   226.13
  596.73,   468.78,   351.05
  607.39,   599.20,   104.07
  603.74,   596.45,   228.98
  600.08,   593.70,   353.90
  725.59,   345.93,   101.94
  721.94,   343.17,   226.86
  718.28,   340.42,   351.78
  728.94,   470.85,   104.79
  725.29,   468.10,   229.71
  721.63,   465.34,   354.63
  732.29,   595.77,   107.65
  728.64,   593.02,   232.56
  724.98,   590.27,   357.48
  850.49,   342.50,   105.52
  846.84,   339.74,   230.44
  843.18,   336.99,   355.35
  853.84,   467.42,   108.37
  850.19,   464.67,   233.29
  846.53,   461.91,   358.21
  857.19,   592.34,   111.22
  853.54,   589.59,   236.14
  849.88,   586.84,   361.06
  601.97,   349.90,   224.13
  598.56,   350.08,   349.09
  595.16,   350.26,   474.04
  603.25,   474.90,   223.99
  599.84,   475.07,   348.94
  596.44,   475.25,   473.90
  604.53,   599.89,   223.85
  601.13,   600.07,   348.80
  597.72,   600.24,   473.75
  726.92,   348.63,   227.54
  723.51,   348.80,   352.49
  720.10,   348.98,   477.45
  728.20,   473.62,   227.40
  724.79,   473.80,   352.35
  721.38,   473.97,   477.31
  729.48,   598.61,   227.26
  726.07,   598.79,   352.21
  722.66,   598.97,   477.16
  851.86,   347.35,   230.95
  848.46,   347.53,   355.90
  845.05,   347.70,   480.86
  853.15,   472.34,   230.81
  849.74,   472.52,   355.76
  846.33,   472.70,   480.71
  854.43,   597.34,   230.67
  851.02,   597.51,   355.62
  847.61,   597.69,   480.57
  600.64,   349.04,   349.76
  600.22,   347.10,   474.75
  599.79,   345.17,   599.73
  603.70,   473.99,   351.71
  603.27,   472.05,   476.69
  602.84,   470.12,   601.67
  606.75,   598.93,   353.65
  606.32,   597.00,   478.63
  605.90,   595.06,   603.62
  725.60,   345.98,   350.14
  725.18,   344.04,   475.12
  724.75,   342.11,   600.11
  728.66,   470.93,   352.08
  728.23,   468.99,   477.07
  727.81,   467.06,   602.05
  731.71,   595.87,   354.03
  731.28,   593.94,   479.01
  730.86,   592.01,   604.00
  850.57,   342.92,   350.52
  850.14,   340.99,   475.50
  849.71,   339.05,   600.49
  853.62,   467.87,   352.46
  853.19,   465.93,   477.45
  852.77,   464.00,   602.43
  856.67,   592.82,   354.41
  856.25,   590.88,   479.39
  855.82,   588.95,   604.38
  599.90,   348.92,   476.61
  603.33,   351.44,   601.54
  606.76,   353.96,   726.46
  600.70,   473.89,   474.07
  604.13,   476.41,   598.99
  607.56,   478.93,   723.92
  601.50,   598.86,   471.53
  604.93,   601.38,   596.45
  608.36,   603.90,   721.38
  724.85,   348.05,   473.20
  728.28,   350.57,   598.12
  731.71,   353.09,   723.05
  725.65,   473.02,   470.65
  729.08,   475.54,   595.58
  732.51,   478.06,   720.51
  726.45,   597.99,   468.11
  729.88,   600.51,   593.04
  733.31,   603.03,   717.97
  849.80,   347.18,   469.78
  853.23,   349.70,   594.71
  856.66,   352.22,   719.64
  850.60,   472.16,   467.24
  854.03,   474.67,   592.17
  857.46,   477.19,   717.10
  851.40,   597.13,   464.70
  854.83,   599.65,   589.63
  858.26,   602.17,   714.56
  599.15,   351.97,   599.04
  601.00,   348.54,   723.98
  602.84,   345.10,   848.92
  602.27,   476.89,   602.43
  604.12,   473.45,   727.36
  605.96,   470.02,   852.30
  605.39,   601.80,   605.81
  607.24,   598.37,   730.75
  609.08,   594.93,   855.69
  724.10,   348.91,   597.11
  725.95,   345.47,   722.05
  727.79,   342.04,   846.99
  727.22,   473.82,   600.50
  729.07,   470.39,   725.44
  730.91,   466.95,   850.38
  730.34,   598.74,   603.88
  732.19,   595.30,   728.82
  734.03,   591.87,   853.76
  849.05,   345.84,   595.18
  850.89,   342.40,   720.12
  852.74,   338.97,   845.06
  852.17,   470.75,   598.57
  854.01,   467.32,   723.51
  855.86,   463.88,   848.45
  855.29,   595.67,   601.96
  857.13,   592.23,   726.90
  858.98,   588.80,   851.83
  601.33,   474.18,   100.63
  603.70,   477.80,   225.56
  606.06,   481.42,   350.48
  602.55,   599.12,    96.99
  604.91,   602.74,   221.91
  607.27,   606.36,   346.84
  603.76,   724.06,    93.34
  606.13,   727.68,   218.27
  608.49,   731.30,   343.19
  726.30,   472.89,    98.30
  728.67,   476.51,   223.23
  731.03,   480.13,   348.15
  727.52,   597.83,    94.66
  729.88,   601.45,   219.59
  732.25,   605.07,   344.51
  728.73,   722.78,    91.02
  731.10,   726.39,   215.94
  733.46,   730.01,   340.87
  851.27,   471.61,    95.98
  853.64,   475.23,   220.90
  856.00,   478.85,   345.83
  852.49,   596.55,    92.33
  854.85,   600.17,   217.26
  857.22,   603.79,   342.18
  853.71,   721.49,    88.69
  856.07,   725.11,   213.61
  858.43,   728.73,   338.54
  601.54,   475.55,   223.18
  598.29,   474.31,   348.13
  595.03,   473.07,   473.08
  604.08,   600.51,   224.48
  600.82,   599.28,   349.43
  597.57,   598.04,   474.39
  606.61,   725.48,   225.79
  603.36,   724.24,   350.74
  600.10,   723.01,   475.69
  726.48,   472.98,   226.41
  723.22,   471.74,   351.36
  719.96,   470.50,   476.31
  729.01,   597.94,   227.71
  725.76,   596.71,   352.66
  722.50,   595.47,   477.62
  731.55,   722.91,   229.02
  728.29,   721.67,   353.97
  725.04,   720.44,   478.92
  851.41,   470.41,   229.64
  848.15,   469.17,   354.59
  844.90,   467.93,   479.54
  853.94,   595.38,   230.94
  850.69,   594.14,   355.89
  847.43,   592.90,   480.84
  856.48,   720.34,   232.25
  853.22,   719.11,   357.20
  849.97,   717.87,   482.15
  600.19,   476.54,   351.43
  599.99,   473.50,   476.40
  599.79,   470.46,   601.36
  600.41,   601.50,   354.47
  600.21,   598.46,   479.43
  600.01,   595.42,   604.40
  600.64,   726.46,   357.51
  600.44,   723.42,   482.47
  600.24,   720.39,   607.44
  725.19,   476.31,   351.63
  724.99,   473.27,   476.59
  724.79,   470.23,   601.55
  725.41,   601.27,   354.67
  725.21,   598.23,   479.63
  725.01,   595.19,   604.59
  725.64,   726.23,   357.70
  725.44,   723.19,   482.67
  725.24,   720.16,   607.63
  850.19,   476.08,   351.82
  849.99,   473.04,   476.78
  849.79,   470.00,   601.75
  850.41,   601.04,   354.86
  850.21,   598.00,   479.82
  850.01,   594.96,   604.78
  850.64,   726.00,   357.90
  850.44,   722.97,   482.86
  850.24,   719.93,   607.82
  599.67,   476.62,   476.09
  599.19,   478.53,   601.07
  598.71,   480.43,   726.06
  600.82,   601.60,   474.19
  600.34,   603.51,   599.17
  599.86,   605.41,   724.16
  601.97,   726.58,   472.28
  601.49,   728.49,   597.27
  601.01,   730.40,   722.25
  724.66,   475.48,   476.58
  724.18,   477.38,   601.57
  723.71,   479.29,   726.55
  725.81,   600.46,   474.68
  725.33,   602.36,   599.67
  724.86,   604.27,   724.65
  726.96,   725.44,   472.78
  726.49,   727.34,   597.76
  726.01,   729.25,   722.75
  849.66,   474.33,   477.08
  849.18,   476.24,   602.06
  848.70,   478.15,   727.05
  850.81,   599.31,   475.18
  850.33,   601.22,   600.16
  849.85,   603.13,   725.14
  851.96,   724.29,   473.27
  851.48,   726.20,   598.26
  851.00,   728.11,   723.24
  598.25,   473.68,   601.42
  600.81,   477.38,   726.34
  603.37,   481.08,   851.26
  596.02,   598.61,   597.77
  598.58,   602.31,   722.69
  601.14,   606.01,   847.61
  593.78,   723.53,   594.11
  596.34,   727.23,   719.03
  598.90,   730.93,   843.95
  723.21,   475.84,   598.80
  725.77,   479.54,   723.72
  728.33,   483.24,   848.63
  720.97,   600.77,   595.14
  723.53,   604.47,   720.06
  726.09,   608.17,   844.98
  718.74,   725.69,   591.49
  721.30,   729.39,   716.41
  723.86,   733.09,   841.33
  848.16,   478.00,   596.17
  850.72,   481.70,   721.09
  853.28,   485.40,   846.01
  845.92,   602.92,   592.52
  848.49,   606.62,   717.44
  851.05,   610.32,   842.36
  843.69,   727.85,   588.86
  846.25,   731.55,   713.78
  848.81,   735.25,   838.70
  601.11,   598.97,    99.00
  597.93,   602.12,   223.92
  594.76,   605.27,   348.84
  598.54,   723.90,    95.78
  595.37,   727.05,   220.70
  592.19,   730.21,   345.62
  595.97,   848.83,    92.56
  592.80,   851.99,   217.48
  589.63,   855.14,   342.40
  726.04,   601.62,   102.11
  722.87,   604.77,   227.03
  719.69,   607.92,   351.95
  723.47,   726.55,    98.89
  720.30,   729.70,   223.81
  717.13,   732.85,   348.73
  720.91,   851.48,    95.67
  717.73,   854.63,   220.59
  714.56,   857.78,   345.51
  850.97,   604.26,   105.22
  847.80,   607.41,   230.14
  844.62,   610.57,   355.06
  848.41,   729.19,   102.00
  845.23,   732.35,   226.92
  842.06,   735.50,   351.84
  845.84,   854.13,    98.78
  842.67,   857.28,   223.70
  839.49,   860.43,   348.62
  599.08,   598.29,   226.14
  598.52,   597.77,   351.14
  597.96,   597.25,   476.14
  597.03,   723.27,   226.65
  596.47,   722.75,   351.65
  595.91,   722.23,   476.65
  594.97,   848.25,   227.16
  594.41,   847.73,   352.16
  593.85,   847.21,   477.16
  724.06,   600.34,   226.71
  723.51,   599.82,   351.71
  722.95,   599.31,   476.71
  722.01,   725.32,   227.22
  721.45,   724.81,   352.22
  720.89,   724.29,   477.21
  719.95,   850.31,   227.73
  719.39,   849.79,   352.73
  718.83,   849.27,   477.72
  849.05,   602.40,   227.28
  848.49,   601.88,   352.28
  847.93,   601.36,   477.27
  846.99,   727.38,   227.79
  846.43,   726.86,   352.78
  845.87,   726.34,   477.78
  844.93,   852.36,   228.30
  844.37,   851.84,   353.29
  843.81,   851.33,   478.29
  599.11,   601.18,   351.14
  597.46,   603.85,   476.10
  595.80,   606.53,   601.06
  600.83,   726.14,   348.49
  599.18,   728.81,   473.45
  597.53,   731.49,   598.41
  602.55,   851.10,   345.84
  600.90,   853.77,   470.80
  599.25,   856.45,   595.76
  724.09,   599.49,   352.83
  722.43,   602.17,   477.79
  720.78,   604.84,   602.75
  725.81,   724.45,   350.18
  724.16,   727.13,   475.14
  722.50,   729.80,   600.10
  727.53,   849.41,   347.52
  725.88,   852.09,   472.49
  724.22,   854.76,   597.45
  849.06,   597.81,   354.52
  847.41,   600.48,   479.48
  845.76,   603.16,   604.44
  850.79,   722.77,   351.87
  849.13,   725.44,   476.83
  847.48,   728.12,   601.79
  852.51,   847.73,   349.21
  850.85,   850.40,   474.17
  849.20,   853.08,   599.14
  601.91,   600.37,   474.30
  602.84,   601.56,   599.29
  603.78,   602.75,   724.28
  604.94,   725.33,   473.09
  605.88,   726.52,   598.08
  606.81,   727.70,   723.07
  607.98,   850.29,   471.88
  608.91,   851.47,   596.88
  609.85,   852.66,   721.87
  726.87,   597.33,   473.39
  727.80,   598.52,   598.39
  728.74,   599.70,   723.38
  729.90,   722.29,   472.19
  730.84,   723.47,   597.18
  731.77,   724.66,   722.17
  732.93,   847.24,   470.98
  733.87,   848.43,   595.97
  734.81,   849.62,   720.96
  851.82,   594.29,   472.49
  852.76,   595.47,   597.48
  853.70,   596.66,   722.47
  854.86,   719.24,   471.28
  855.80,   720.43,   596.27
  856.73,   721.62,   721.26
  857.89,   844.20,   470.07
  858.83,   845.39,   595.06
  859.77,   846.57,   720.05
  600.12,   601.17,   599.41
  597.50,   598.54,   724.35
  594.89,   595.92,   849.30
  600.11,   726.14,   602.03
  597.49,   723.52,   726.98
  594.88,   720.89,   851.92
  600.10,   851.11,   604.65
  597.48,   848.49,   729.60
  594.87,   845.87,   854.54
  725.09,   601.12,   602.02
  722.48,   598.50,   726.97
  719.86,   595.88,   851.91
  725.08,   726.10,   604.64
  722.47,   723.47,   729.59
  719.85,   720.85,   854.54
  725.07,   851.07,   607.27
  722.45,   848.45,   732.21
  719.84,   845.82,   857.16
  850.06,   601.08,   604.64
  847.45,   598.46,   729.58
  844.84,   595.84,   854.53
  850.05,   726.05,   607.26
  847.44,   723.43,   732.20
  844.82,   720.81,   857.15
  850.04,   851.03,   609.88
  847.43,   848.40,   734.83
  844.81,   845.78,   859.77
