27, 125, pa2-debug-f-output1.txt
  192.91,   195.35,   196.57
  396.86,   404.76,   202.51
   99.11,   100.67,   101.75
   96.18,   102.25,   227.22
   93.37,   102.15,   351.31
  101.46,   226.23,   101.55
   98.36,   227.38,   226.34
   94.84,   227.57,   349.73
  103.34,   350.50,   100.57
   99.75,   351.08,   224.75
   96.20,   350.90,   348.71
  222.42,    98.74,   104.95
  220.18,   100.01,   229.77
  219.46,   100.55,   353.90
  224.90,   223.90,   104.52
  222.39,   224.94,   229.09
  221.38,   225.65,   352.02
  228.20,   348.53,   103.51
  224.75,   349.38,   227.66
  221.67,   349.34,   351.25
  348.09,    97.09,   107.91
  345.98,    97.99,   232.79
  344.43,    99.14,   357.81
  349.46,   221.60,   107.51
  348.05,   222.65,   232.05
  346.63,   223.60,   356.17
  353.63,   346.93,   106.80
  350.49,   347.62,   231.00
  346.93,   347.93,   354.87
   98.57,    99.83,   223.83
  101.85,   101.73,   347.90
  105.37,   103.32,   472.20
  100.47,   225.16,   221.72
  103.51,   226.96,   344.68
  107.12,   228.52,   468.86
  102.46,   349.20,   218.38
  104.94,   350.09,   342.02
  108.23,   352.28,   467.10
  222.02,    97.80,   220.47
  227.73,    99.49,   344.72
  231.96,   101.63,   469.07
  224.41,   222.70,   218.25
  229.58,   224.57,   341.67
  233.70,   226.52,   465.37
  227.38,   346.91,   215.42
  230.23,   348.39,   339.19
  233.26,   350.33,   463.39
  348.04,    95.20,   217.37
  352.53,    98.12,   342.63
  356.15,   100.35,   467.38
  350.08,   219.73,   215.52
  354.93,   222.30,   339.56
  358.27,   224.61,   464.18
  353.23,   344.78,   212.85
  356.03,   346.63,   336.59
  358.40,   348.66,   461.13
  101.96,    98.52,   349.28
  104.60,    98.59,   473.52
  107.24,    99.82,   598.65
   99.03,   224.08,   347.94
  101.46,   223.91,   471.80
  104.76,   224.65,   597.69
   95.78,   347.32,   347.11
   98.33,   347.57,   471.84
  101.80,   349.26,   598.22
  227.64,   101.18,   346.59
  231.35,   101.47,   470.72
  232.14,   102.17,   595.49
  224.82,   226.19,   344.85
  228.38,   226.27,   468.87
  229.78,   226.75,   594.49
  221.27,   350.08,   344.22
  223.68,   350.31,   468.92
  226.13,   351.24,   595.53
  352.41,   104.17,   344.66
  355.27,   104.62,   469.24
  356.80,   105.28,   593.96
  350.10,   228.46,   343.31
  353.03,   228.89,   467.87
  354.21,   230.34,   593.75
  346.56,   352.93,   342.34
  348.55,   353.18,   467.03
  350.95,   354.54,   593.40
  102.15,   100.23,   473.87
   99.20,   100.73,   598.91
   95.60,   101.77,   724.80
  104.10,   225.53,   472.90
  101.60,   225.67,   598.86
   98.92,   226.73,   726.02
  105.48,   349.26,   473.48
  103.49,   350.06,   599.67
  101.26,   351.72,   726.54
  228.57,    98.16,   476.90
  223.85,    98.16,   601.52
  218.61,    98.96,   726.88
  230.60,   223.01,   475.44
  226.44,   222.86,   601.12
  221.26,   223.93,   727.90
  230.69,   346.76,   475.85
  228.03,   347.39,   602.57
  225.38,   348.82,   729.60
  352.47,    96.67,   480.95
  348.33,    96.51,   605.41
  343.56,    96.99,   729.93
  355.26,   220.92,   480.15
  350.96,   221.69,   605.56
  345.85,   222.25,   731.96
  355.57,   345.01,   479.60
  352.60,   346.17,   606.13
  349.70,   347.48,   732.99
  102.24,   102.22,   599.55
  102.50,   100.47,   724.92
  103.38,    97.73,   851.04
  105.02,   226.96,   601.35
  106.45,   225.68,   728.65
  107.35,   224.12,   854.97
  107.57,   351.45,   604.80
  109.62,   350.60,   731.46
  110.68,   349.28,   857.20
  227.45,    98.89,   598.00
  225.64,    97.32,   723.16
  226.98,    95.72,   848.26
  229.90,   223.76,   599.75
  228.93,   222.34,   726.62
  230.44,   221.15,   852.33
  232.07,   348.10,   603.39
  233.50,   347.12,   730.41
  234.78,   345.49,   855.48
  351.64,    96.76,   597.65
  350.90,    95.07,   722.70
  352.22,    93.22,   847.85
  354.42,   221.64,   600.51
  353.83,   220.20,   726.41
  355.10,   217.76,   851.84
  356.92,   346.22,   603.06
  357.88,   345.31,   730.29
  358.91,   343.65,   853.93
  100.37,   226.23,   103.05
   96.48,   222.89,   227.53
   92.63,   218.62,   351.14
  101.05,   350.23,   106.35
   97.45,   346.52,   230.50
   93.56,   341.72,   354.38
  101.74,   474.90,   109.03
   98.09,   471.00,   233.43
   94.32,   465.74,   358.41
  223.60,   224.60,   106.16
  220.27,   221.28,   230.65
  219.35,   216.90,   353.79
  225.86,   348.97,   109.79
  222.23,   345.36,   233.78
  218.83,   340.91,   357.27
  227.67,   474.54,   113.00
  223.42,   470.68,   237.34
  218.43,   465.33,   361.12
  347.97,   222.91,   109.19
  346.13,   219.37,   233.97
  344.39,   215.66,   358.17
  351.65,   348.22,   113.07
  347.81,   343.95,   237.45
  344.20,   340.07,   360.99
  354.19,   473.58,   117.22
  349.19,   469.28,   241.06
  343.90,   464.50,   364.44
  101.38,   227.73,   224.79
  101.49,   230.26,   348.19
  101.40,   232.79,   472.05
  103.78,   351.38,   220.69
  103.12,   353.41,   344.69
  103.15,   356.28,   469.66
  105.79,   476.08,   217.09
  105.36,   477.65,   341.72
  105.43,   480.76,   467.43
  225.52,   224.62,   224.43
  227.68,   227.55,   347.75
  228.14,   230.15,   471.83
  229.00,   349.36,   221.24
  228.43,   351.19,   344.69
  228.33,   353.90,   469.42
  231.53,   474.56,   218.19
  229.83,   476.00,   341.99
  229.33,   478.46,   466.95
  351.38,   221.59,   224.76
  352.85,   224.64,   348.80
  352.96,   227.98,   473.59
  354.63,   346.52,   221.61
  353.92,   348.98,   345.29
  353.56,   351.97,   470.02
  357.93,   471.78,   218.58
  355.59,   473.65,   341.83
  354.21,   476.88,   466.40
  100.69,   225.17,   347.68
  101.93,   223.51,   471.78
  103.23,   222.57,   597.69
  103.88,   348.43,   348.38
  104.84,   347.35,   473.56
  106.28,   347.27,   599.89
  107.20,   472.65,   350.01
  107.91,   471.56,   475.27
  109.90,   471.78,   601.46
  226.68,   221.46,   346.40
  228.56,   219.83,   470.33
  228.00,   218.58,   596.15
  229.10,   345.20,   347.45
  229.95,   343.80,   471.88
  230.96,   342.99,   598.50
  231.46,   469.51,   348.53
  232.08,   468.29,   473.74
  233.96,   467.86,   600.19
  352.01,   217.53,   346.33
  353.04,   216.36,   471.00
  352.59,   215.70,   596.69
  354.50,   341.82,   347.04
  354.89,   340.53,   471.88
  355.48,   340.48,   598.50
  356.94,   466.19,   347.57
  357.19,   465.19,   472.54
  358.77,   464.94,   599.68
   98.02,   223.17,   472.72
  101.31,   222.36,   598.53
  103.89,   222.72,   725.45
   99.78,   346.69,   474.02
  102.87,   347.02,   600.12
  106.24,   348.00,   727.08
  102.03,   471.11,   475.23
  104.85,   471.69,   601.07
  108.29,   472.44,   727.09
  224.99,   220.70,   470.01
  226.24,   219.89,   595.64
  226.50,   220.16,   722.15
  224.90,   344.42,   470.88
  227.57,   344.44,   597.22
  230.24,   345.07,   724.71
  225.69,   469.13,   472.33
  229.34,   469.46,   598.85
  233.55,   470.31,   725.88
  349.90,   218.54,   468.90
  350.76,   218.51,   594.82
  351.44,   218.71,   720.68
  349.98,   342.70,   469.25
  352.19,   343.09,   595.54
  354.68,   343.89,   722.59
  350.86,   467.48,   469.43
  354.03,   467.67,   596.44
  358.48,   468.40,   723.70
  100.82,   225.00,   600.20
   98.15,   225.53,   727.59
   95.54,   226.43,   854.10
  101.45,   349.66,   601.51
   99.20,   351.12,   728.37
   96.39,   351.37,   854.09
  102.17,   474.34,   602.26
   99.96,   475.47,   727.65
   97.06,   475.40,   852.71
  225.55,   223.63,   602.78
  220.66,   224.31,   729.56
  218.60,   224.71,   854.99
  225.80,   348.16,   604.34
  223.32,   349.19,   731.35
  220.66,   349.33,   856.38
  226.36,   473.19,   605.35
  225.37,   474.27,   732.21
  221.94,   474.41,   856.98
  350.24,   223.55,   607.34
  345.48,   223.97,   733.55
  342.67,   223.43,   858.34
  350.56,   348.25,   608.22
  347.71,   349.00,   735.10
  344.62,   349.28,   858.64
  351.50,   472.89,   608.49
  350.31,   473.72,   735.70
  347.27,   473.77,   859.37
   99.38,   350.31,   101.69
   96.90,   350.79,   225.95
   93.70,   350.78,   349.84
  102.61,   474.69,    99.96
   99.73,   475.54,   224.39
   96.87,   474.90,   349.23
  105.09,   600.14,    98.64
  101.99,   601.46,   223.54
  100.48,   601.23,   348.95
  224.35,   346.75,   104.25
  221.55,   347.76,   228.31
  219.05,   347.78,   351.86
  228.63,   471.90,   102.84
  224.83,   472.74,   227.46
  221.01,   472.35,   351.18
  230.87,   597.36,   101.93
  227.45,   598.67,   226.39
  224.23,   598.28,   350.39
  349.74,   343.56,   106.48
  347.24,   344.48,   231.34
  344.51,   344.54,   354.76
  354.89,   468.77,   105.77
  351.13,   469.45,   230.30
  346.44,   469.14,   353.41
  357.54,   594.23,   105.37
  354.28,   594.77,   229.10
  349.96,   594.50,   352.33
  100.79,   351.82,   226.11
  100.39,   348.46,   350.05
  100.49,   345.37,   474.82
  100.41,   476.53,   227.87
   99.72,   472.71,   352.75
  100.01,   469.73,   478.50
   99.24,   602.40,   230.92
   99.86,   598.99,   356.21
  100.25,   595.74,   481.55
  226.14,   352.82,   225.97
  225.69,   348.99,   349.52
  226.08,   345.97,   474.34
  225.68,   477.85,   228.67
  224.18,   473.38,   352.41
  223.93,   470.43,   477.52
  224.48,   603.72,   231.21
  223.39,   599.29,   355.29
  223.93,   596.25,   480.31
  351.68,   352.95,   226.51
  351.44,   349.63,   350.31
  350.97,   346.97,   474.95
  351.73,   478.11,   228.86
  349.57,   474.44,   352.15
  349.14,   471.37,   477.36
  351.24,   603.38,   231.51
  349.34,   599.45,   354.65
  348.65,   596.98,   479.87
   99.60,   347.59,   347.30
   99.32,   346.94,   472.19
   99.48,   347.99,   598.32
  100.85,   472.03,   347.78
  100.46,   471.63,   472.98
  100.67,   472.50,   599.13
  102.78,   598.35,   348.75
  102.63,   597.69,   474.00
  101.99,   597.93,   598.83
  225.01,   346.46,   347.29
  224.35,   345.27,   472.02
  223.67,   345.84,   598.63
  225.21,   471.04,   348.15
  224.46,   470.14,   473.22
  224.89,   470.51,   599.58
  226.87,   596.63,   348.24
  226.40,   595.82,   473.32
  226.84,   596.25,   599.30
  350.36,   344.88,   348.54
  349.60,   344.46,   473.45
  348.55,   345.16,   599.81
  351.02,   469.50,   348.26
  349.43,   469.01,   473.43
  349.90,   469.87,   600.28
  352.42,   595.02,   348.23
  351.01,   594.43,   473.24
  351.81,   594.95,   600.41
  100.51,   349.46,   475.68
   99.47,   353.56,   601.83
   98.50,   357.98,   728.66
  103.17,   474.09,   473.31
  102.09,   478.36,   599.37
  100.93,   482.28,   724.71
  106.68,   599.99,   471.23
  105.06,   603.48,   595.93
  103.45,   606.85,   720.08
  225.81,   346.48,   476.89
  223.72,   350.07,   603.64
  222.22,   354.00,   730.59
  227.27,   471.04,   474.74
  226.36,   474.66,   601.37
  226.36,   479.38,   728.15
  230.71,   596.89,   471.64
  229.90,   600.16,   597.41
  229.35,   604.47,   723.81
  350.73,   344.18,   479.69
  348.63,   348.00,   606.41
  346.84,   352.14,   733.42
  352.31,   468.52,   476.34
  351.52,   472.55,   603.33
  351.33,   476.35,   730.69
  355.14,   594.03,   473.26
  354.58,   597.52,   600.03
  355.09,   600.68,   727.66
  100.53,   350.94,   600.11
  102.92,   353.09,   727.16
  104.31,   354.57,   852.68
   97.19,   475.84,   600.11
   99.16,   477.69,   725.54
  100.67,   478.43,   850.46
   93.91,   601.22,   598.83
   95.19,   602.33,   723.28
   96.69,   602.89,   847.83
  225.15,   353.52,   598.71
  226.88,   355.60,   725.67
  228.62,   356.92,   851.01
  221.23,   478.64,   598.55
  224.43,   480.83,   725.57
  225.55,   481.89,   850.85
  218.40,   603.97,   597.11
  221.21,   605.94,   723.13
  221.83,   606.69,   848.90
  349.89,   357.72,   598.00
  351.70,   359.92,   724.87
  352.94,   361.00,   849.13
  346.22,   482.73,   597.22
  349.84,   484.34,   724.72
  350.97,   485.19,   848.98
  343.04,   607.49,   596.08
  346.85,   608.99,   723.65
  348.54,   609.43,   849.90
   98.03,   476.31,    99.69
   98.00,   479.27,   223.95
   97.63,   481.28,   349.13
   98.31,   602.12,    96.50
   98.13,   605.53,   221.24
   98.92,   607.50,   346.77
   99.20,   727.41,    93.36
   99.03,   732.03,   218.68
  100.79,   734.94,   344.50
  223.90,   476.00,   100.02
  223.26,   479.09,   224.76
  222.07,   480.81,   348.72
  224.11,   601.40,    97.19
  223.28,   604.91,   221.65
  223.02,   606.82,   345.65
  223.40,   726.38,    93.72
  223.28,   730.98,   218.26
  224.60,   733.69,   342.55
  350.31,   475.14,   100.57
  349.71,   478.13,   224.85
  347.61,   480.14,   348.17
  350.29,   600.40,    97.59
  350.67,   603.19,   221.73
  348.42,   605.36,   344.82
  348.93,   725.22,    94.55
  350.45,   728.11,   218.30
  350.38,   731.18,   341.79
  100.37,   475.81,   223.18
   99.41,   476.45,   348.30
   99.09,   477.85,   473.76
  102.31,   602.28,   221.68
  102.06,   602.53,   347.35
  102.16,   603.70,   472.47
  104.57,   728.78,   220.58
  105.58,   730.09,   346.33
  105.65,   730.91,   470.93
  226.04,   474.26,   224.64
  223.77,   474.43,   348.29
  222.66,   475.32,   473.64
  227.69,   600.04,   223.05
  226.26,   600.29,   347.07
  225.56,   600.99,   472.10
  228.96,   726.00,   220.96
  229.26,   727.00,   345.60
  230.02,   727.51,   469.86
  351.96,   471.90,   225.66
  349.21,   471.95,   348.70
  347.88,   473.53,   473.95
  354.48,   596.75,   223.90
  351.94,   597.36,   347.03
  350.51,   598.87,   471.99
  356.51,   721.57,   221.88
  355.31,   723.03,   345.57
  354.52,   724.42,   470.30
   97.56,   472.31,   347.30
   94.72,   469.13,   472.73
   92.35,   467.70,   598.66
   98.84,   598.74,   351.17
   96.41,   595.08,   476.29
   93.46,   592.78,   601.30
  100.93,   725.78,   355.11
   98.48,   722.17,   479.70
   94.56,   718.88,   603.33
  221.68,   471.35,   350.27
  218.32,   467.75,   475.23
  216.31,   465.91,   601.50
  222.97,   597.59,   353.44
  219.89,   593.75,   478.10
  218.24,   591.37,   604.10
  224.74,   724.02,   356.41
  223.02,   719.96,   480.81
  220.17,   717.07,   605.50
  347.32,   470.69,   353.08
  343.63,   467.18,   477.98
  341.42,   465.24,   604.86
  348.28,   595.72,   355.78
  344.53,   592.61,   480.85
  342.79,   590.27,   607.83
  350.57,   721.52,   358.82
  347.14,   718.21,   483.66
  344.85,   715.29,   609.87
   98.74,   473.35,   473.00
   97.36,   477.01,   598.98
   95.83,   480.77,   724.42
   96.21,   599.18,   471.10
   94.01,   602.32,   595.85
   91.84,   605.24,   720.18
   93.94,   726.48,   468.85
   90.72,   728.45,   592.29
   87.85,   730.94,   716.46
  222.64,   476.60,   474.62
  221.71,   480.24,   601.25
  221.12,   484.21,   727.94
  219.49,   602.47,   472.02
  218.76,   605.46,   597.67
  217.65,   609.23,   723.68
  217.90,   728.97,   468.91
  216.44,   731.33,   593.46
  213.95,   734.46,   718.67
  347.43,   480.78,   476.13
  346.69,   484.20,   603.48
  346.53,   487.32,   730.70
  344.49,   606.02,   473.62
  343.37,   609.10,   600.23
  343.46,   612.19,   727.90
  342.51,   731.65,   470.81
  341.03,   734.27,   596.79
  339.45,   737.06,   723.92
  101.09,   472.71,   600.22
  104.41,   473.94,   725.58
  107.27,   474.37,   850.63
   99.92,   598.29,   599.64
  102.87,   598.73,   723.92
  105.62,   598.81,   848.17
   99.48,   724.20,   598.18
  100.98,   724.10,   722.34
  103.71,   724.03,   847.07
  225.50,   473.27,   597.70
  230.04,   475.14,   724.25
  232.43,   475.25,   849.75
  224.96,   598.85,   596.68
  228.70,   600.36,   722.92
  230.83,   600.69,   848.52
  224.72,   724.64,   594.89
  227.06,   725.45,   720.41
  228.71,   725.36,   846.94
  350.32,   475.02,   595.07
  354.91,   476.09,   722.23
  357.69,   476.32,   846.53
  349.53,   600.26,   594.62
  354.44,   600.71,   722.07
  357.62,   600.84,   848.08
  349.47,   725.50,   593.56
  353.01,   725.65,   720.84
  355.80,   725.36,   848.84
  100.06,   600.43,    99.94
  101.58,   601.24,   224.60
  103.64,   600.76,   350.37
   98.30,   726.00,    99.26
   99.36,   727.87,   224.87
  102.65,   728.03,   350.68
   96.91,   850.53,    99.21
   97.65,   852.62,   225.30
  101.07,   853.35,   350.22
  226.07,   602.70,    99.10
  227.12,   603.72,   223.43
  227.78,   602.67,   347.70
  222.50,   727.89,    98.38
  223.93,   729.98,   222.55
  226.53,   729.53,   347.14
  221.11,   853.06,    98.29
  221.49,   854.14,   222.86
  224.96,   854.13,   346.78
  352.29,   604.69,    98.20
  353.75,   605.00,   222.06
  353.41,   604.25,   345.44
  348.13,   729.24,    97.79
  351.00,   729.85,   221.30
  352.41,   729.98,   344.78
  345.13,   854.33,    97.36
  347.55,   854.69,   220.95
  351.10,   854.50,   345.09
   98.60,   599.99,   223.53
   96.94,   596.47,   349.14
   95.36,   593.80,   474.34
   94.87,   726.72,   226.45
   94.26,   723.72,   352.28
   92.72,   720.92,   476.57
   91.79,   851.26,   229.28
   90.90,   849.32,   354.65
   90.03,   846.77,   478.81
  223.59,   603.92,   226.13
  220.84,   600.06,   350.28
  218.81,   597.16,   475.12
  219.13,   730.05,   227.99
  218.06,   727.22,   352.48
  217.13,   723.64,   476.84
  215.36,   854.58,   230.53
  215.25,   851.74,   354.69
  214.87,   848.98,   478.94
  350.43,   606.67,   228.56
  346.45,   603.33,   351.51
  343.56,   600.93,   476.83
  346.00,   731.58,   230.44
  343.61,   729.17,   353.82
  341.53,   726.60,   478.97
  341.42,   856.23,   232.66
  340.70,   853.92,   356.59
  339.52,   851.32,   481.27
   97.36,   599.50,   348.86
  101.16,   596.33,   473.71
  104.33,   594.18,   598.40
   97.96,   727.09,   352.35
  101.87,   723.34,   476.62
  104.56,   720.32,   599.95
   97.94,   852.58,   355.08
  102.49,   849.36,   479.11
  104.66,   846.10,   602.17
  221.48,   600.27,   344.52
  224.63,   596.70,   469.45
  229.21,   594.57,   594.96
  221.98,   727.08,   347.18
  226.17,   722.81,   471.44
  229.93,   720.22,   596.12
  222.18,   851.75,   350.15
  227.32,   848.45,   474.33
  230.37,   845.43,   598.43
  347.13,   599.95,   340.56
  349.50,   597.07,   465.30
  353.69,   595.14,   592.06
  347.66,   725.94,   343.41
  350.60,   722.69,   468.20
  354.48,   719.85,   594.26
  347.97,   850.60,   346.61
  351.80,   847.57,   471.21
  354.72,   844.70,   596.74
   99.01,   600.94,   476.75
   95.19,   599.44,   601.20
   91.76,   597.75,   725.57
  102.00,   727.66,   478.97
   97.73,   725.61,   602.16
   93.38,   723.29,   726.42
  104.85,   853.51,   480.51
  100.06,   850.67,   603.88
   94.59,   848.20,   728.56
  222.30,   598.41,   479.16
  220.17,   597.11,   604.57
  217.76,   596.30,   730.94
  226.18,   724.46,   480.27
  223.19,   722.73,   605.13
  219.32,   721.41,   730.62
  229.52,   850.10,   482.53
  225.53,   847.88,   606.52
  221.42,   846.73,   731.53
  347.25,   596.46,   481.80
  344.88,   595.16,   608.73
  343.44,   593.38,   736.19
  350.58,   721.97,   484.12
  347.93,   719.96,   610.23
  344.98,   718.60,   737.73
  353.89,   846.83,   486.41
  350.29,   844.91,   611.90
  346.21,   843.24,   738.29
  101.72,   599.77,   601.59
  100.69,   601.26,   726.01
  100.03,   602.15,   850.53
  100.14,   725.90,   599.39
   98.35,   726.56,   723.71
   97.77,   727.42,   848.43
   98.64,   851.38,   597.79
   95.94,   852.08,   722.86
   96.30,   851.77,   848.50
  226.35,   601.55,   602.03
  226.72,   603.48,   728.17
  225.21,   604.43,   853.75
  225.70,   727.03,   599.33
  224.52,   728.86,   724.62
  222.86,   729.78,   851.03
  224.44,   852.51,   597.98
  222.67,   854.16,   722.78
  221.09,   854.40,   849.17
  351.14,   603.23,   603.52
  352.79,   604.65,   730.90
  352.15,   605.80,   856.55
  350.36,   728.29,   601.57
  350.22,   729.75,   728.90
  349.47,   730.41,   856.74
  348.91,   853.19,   599.95
  347.61,   854.95,   726.46
  345.88,   854.64,   853.72
  222.08,   101.23,    98.63
  224.20,    99.91,   223.66
  228.76,    97.33,   347.89
  222.40,   226.14,   100.90
  224.26,   224.80,   225.39
  228.64,   222.77,   348.86
  223.38,   350.82,   102.48
  225.27,   349.14,   226.81
  227.17,   346.41,   350.33
  346.89,   101.39,    96.58
  350.11,    99.78,   221.13
  353.61,    98.00,   346.25
  346.95,   226.09,    98.70
  350.20,   224.36,   223.47
  353.84,   222.64,   347.88
  349.21,   351.34,   100.77
  350.89,   349.13,   225.30
  352.48,   346.77,   349.11
  472.67,   101.23,    93.89
  475.95,    99.29,   218.75
  477.99,    98.44,   344.90
  471.99,   226.12,    96.18
  475.57,   224.04,   221.50
  478.31,   222.05,   346.56
  473.98,   351.95,    98.47
  475.64,   349.20,   223.69
  477.63,   346.75,   347.53
  222.62,   102.55,   224.44
  224.97,   100.72,   348.87
  225.55,    98.81,   473.38
  225.00,   227.54,   226.18
  226.71,   225.47,   349.25
  227.11,   223.65,   473.59
  227.52,   352.05,   227.51
  226.94,   349.46,   351.08
  226.58,   347.50,   475.54
  348.69,   100.64,   224.69
  349.82,    99.42,   350.04
  349.75,    97.75,   474.58
  350.74,   225.27,   226.54
  351.93,   223.80,   350.62
  351.89,   222.13,   475.55
  353.05,   350.34,   228.12
  352.29,   348.16,   351.69
  351.44,   346.19,   476.69
  474.62,    98.73,   224.74
  474.33,    97.89,   350.47
  473.73,    96.66,   476.08
  475.93,   223.36,   226.96
  476.45,   221.45,   352.06
  475.83,   220.31,   477.25
  478.02,   348.49,   228.80
  477.40,   346.13,   352.61
  476.41,   344.90,   477.38
  227.88,   101.37,   350.10
  231.24,   101.49,   474.51
  232.18,   102.06,   599.53
  227.89,   226.51,   348.91
  231.10,   226.57,   473.14
  232.21,   227.02,   598.70
  226.75,   350.69,   348.35
  229.14,   350.48,   473.38
  231.80,   351.34,   599.54
  352.53,   101.54,   348.34
  355.34,   102.16,   473.12
  356.72,   102.30,   597.74
  353.22,   225.98,   347.37
  355.90,   226.55,   472.18
  356.85,   227.32,   597.91
  352.01,   350.33,   346.55
  354.11,   350.78,   471.04
  356.42,   351.82,   597.75
  476.99,   101.44,   346.17
  479.53,   102.08,   471.94
  481.48,   102.83,   595.91
  477.69,   225.25,   345.73
  480.23,   225.91,   470.76
  481.75,   227.05,   596.24
  477.19,   350.22,   344.47
  479.29,   350.40,   468.96
  481.47,   351.72,   595.30
  227.61,   101.69,   475.96
  229.53,   105.35,   600.49
  230.13,   109.50,   725.71
  227.34,   226.62,   471.11
  229.69,   230.18,   596.73
  231.06,   234.00,   723.59
  225.23,   350.19,   468.26
  228.70,   354.49,   594.39
  232.35,   359.01,   721.48
  351.76,   102.40,   473.34
  354.07,   105.59,   598.06
  355.46,   109.60,   722.96
  352.24,   226.66,   469.28
  354.26,   230.69,   594.80
  355.53,   234.97,   721.35
  350.43,   350.70,   465.33
  353.60,   355.03,   591.66
  357.09,   359.70,   718.71
  475.76,   102.53,   471.11
  479.03,   106.20,   595.47
  481.68,   109.67,   719.82
  476.52,   226.13,   466.83
  478.91,   230.45,   592.57
  481.35,   235.03,   717.94
  475.26,   350.56,   462.05
  478.18,   355.07,   588.36
  482.09,   360.24,   715.77
  226.85,    99.53,   600.09
  221.34,   103.12,   725.17
  219.00,   106.68,   850.46
  225.00,   224.42,   596.51
  220.40,   227.96,   723.14
  218.25,   231.73,   849.16
  222.64,   348.63,   594.69
  220.08,   352.64,   721.95
  217.91,   356.53,   847.48
  351.01,   101.74,   603.29
  346.46,   105.30,   728.39
  344.13,   108.27,   853.86
  349.53,   226.77,   600.96
  345.17,   230.48,   727.05
  342.52,   233.62,   852.05
  347.45,   351.10,   598.24
  344.79,   355.58,   725.27
  342.30,   358.77,   849.43
  476.07,   104.23,   607.01
  472.50,   106.99,   731.54
  469.71,   110.08,   857.36
  474.26,   228.43,   604.62
  470.46,   232.57,   730.05
  468.19,   235.18,   855.58
  472.18,   353.35,   601.24
  469.62,   357.68,   728.39
  466.99,   360.92,   852.30
  222.84,   226.03,    99.98
  220.35,   222.96,   224.37
  219.68,   219.14,   347.57
  223.34,   350.48,   103.29
  220.09,   347.32,   227.28
  217.32,   342.70,   350.77
  223.16,   475.85,   106.33
  219.54,   472.15,   230.54
  215.20,   466.96,   354.40
  347.12,   226.05,   102.41
  345.85,   222.77,   227.10
  345.21,   219.35,   351.18
  348.88,   351.68,   105.92
  345.95,   347.92,   230.25
  342.74,   343.53,   354.12
  349.23,   477.03,   109.50
  345.69,   473.08,   233.47
  340.76,   468.08,   357.13
  472.69,   227.24,   104.38
  471.26,   223.21,   229.54
  469.71,   219.78,   354.35
  473.54,   352.76,   108.50
  470.69,   348.44,   233.06
  467.81,   344.36,   357.12
  474.22,   477.72,   112.49
  470.50,   473.42,   236.07
  466.38,   469.07,   359.63
  222.69,   227.15,   223.82
  223.66,   225.40,   347.05
  223.11,   223.89,   471.01
  223.00,   351.58,   224.81
  221.20,   349.41,   348.34
  219.95,   347.35,   472.81
  222.29,   477.03,   225.77
  219.22,   474.08,   349.77
  217.80,   471.95,   474.98
  348.43,   227.46,   225.41
  348.79,   226.10,   349.27
  347.78,   224.86,   473.92
  348.70,   352.34,   226.32
  346.74,   350.49,   350.18
  344.96,   348.88,   474.79
  348.52,   477.50,   227.63
  344.87,   475.13,   350.88
  342.83,   473.40,   476.03
  473.86,   227.84,   226.77
  473.43,   226.41,   351.50
  471.77,   225.42,   476.71
  473.34,   352.75,   228.13
  471.77,   350.98,   351.88
  469.94,   349.96,   476.50
  473.58,   477.99,   229.07
  470.23,   476.01,   352.35
  468.25,   474.97,   477.01
  225.84,   226.97,   347.05
  230.26,   223.79,   471.23
  232.17,   221.14,   596.84
  224.01,   350.85,   350.00
  227.57,   347.56,   474.53
  230.99,   345.34,   601.17
  221.90,   475.50,   353.09
  225.34,   472.38,   478.12
  229.66,   470.34,   604.54
  351.36,   227.73,   344.89
  354.99,   224.74,   469.54
  357.07,   222.48,   595.01
  349.32,   351.82,   347.15
  352.21,   349.07,   471.79
  355.63,   347.23,   598.23
  347.50,   476.53,   349.42
  350.00,   473.73,   474.31
  354.48,   471.79,   601.49
  475.80,   227.78,   341.99
  479.32,   225.19,   467.39
  481.73,   223.33,   592.53
  474.27,   352.57,   343.97
  477.37,   350.02,   468.67
  480.21,   347.85,   595.29
  473.11,   477.63,   346.11
  475.62,   474.82,   470.72
  479.52,   473.14,   597.91
  229.08,   226.61,   472.54
  230.46,   228.37,   598.20
  231.48,   230.68,   725.06
  223.34,   350.31,   471.55
  226.31,   352.50,   598.08
  229.65,   355.52,   724.89
  218.63,   475.05,   470.68
  222.75,   477.43,   596.86
  227.43,   480.81,   723.73
  353.29,   229.88,   471.10
  355.06,   232.38,   596.79
  356.12,   234.85,   723.12
  348.12,   354.16,   468.95
  351.13,   356.72,   595.78
  354.65,   359.53,   722.81
  343.54,   478.91,   466.84
  347.64,   481.28,   593.91
  352.61,   483.78,   721.52
  477.55,   233.04,   469.14
  479.80,   235.48,   594.68
  481.63,   238.02,   720.13
  473.30,   357.35,   466.15
  475.92,   360.07,   592.64
  479.39,   363.40,   719.79
  468.88,   482.63,   463.62
  472.62,   485.23,   590.97
  477.54,   487.38,   718.38
  223.75,   223.47,   599.75
  223.68,   227.71,   726.52
  226.16,   232.47,   852.35
  224.41,   347.83,   597.45
  226.51,   352.61,   724.42
  228.75,   357.13,   849.75
  225.54,   472.63,   594.42
  229.34,   477.77,   720.95
  231.27,   482.01,   846.21
  348.06,   222.77,   599.35
  348.34,   227.03,   725.44
  350.47,   230.47,   850.82
  349.32,   346.84,   596.21
  351.28,   352.09,   723.30
  353.32,   355.93,   847.15
  350.49,   471.49,   592.34
  354.09,   476.32,   719.69
  356.61,   480.38,   844.20
  472.99,   220.96,   598.58
  474.05,   225.55,   723.95
  476.12,   228.77,   849.42
  473.99,   345.61,   594.60
  476.25,   350.77,   721.65
  478.19,   354.79,   845.62
  475.44,   470.56,   590.58
  479.07,   474.96,   718.11
  481.30,   478.92,   841.50
  223.97,   352.31,   101.02
  220.91,   355.97,   225.25
  217.64,   358.48,   348.90
  228.08,   477.38,    97.03
  224.44,   481.31,   221.56
  219.80,   483.16,   345.49
  230.75,   602.41,    93.62
  226.98,   606.74,   217.78
  223.36,   609.29,   342.01
  349.40,   349.05,   104.37
  346.51,   352.34,   228.86
  342.95,   355.55,   352.23
  354.27,   474.42,   100.81
  350.74,   477.58,   225.01
  345.24,   480.16,   348.23
  356.81,   599.29,    97.13
  354.07,   602.84,   221.37
  348.91,   605.48,   344.10
  474.32,   346.22,   107.38
  471.33,   349.11,   231.73
  468.16,   352.15,   355.70
  479.27,   471.10,   104.03
  475.47,   474.06,   227.98
  470.70,   477.13,   351.00
  482.49,   595.48,   100.36
  479.94,   598.47,   223.93
  474.66,   602.43,   347.05
  225.62,   348.66,   224.58
  227.98,   349.13,   348.06
  231.09,   350.56,   472.79
  226.90,   473.69,   222.68
  228.26,   473.69,   346.54
  230.68,   474.81,   471.70
  227.03,   599.50,   221.06
  229.02,   599.68,   344.87
  232.20,   600.66,   469.98
  351.11,   346.95,   222.19
  353.47,   348.05,   345.85
  356.16,   349.68,   470.51
  353.23,   472.55,   220.36
  353.69,   472.92,   343.79
  355.57,   474.55,   468.60
  354.24,   597.44,   218.62
  355.10,   598.31,   341.75
  356.83,   599.78,   466.38
  476.17,   345.89,   219.67
  478.49,   346.88,   343.61
  480.88,   348.56,   468.11
  477.95,   470.89,   217.70
  479.40,   471.73,   340.90
  480.93,   473.92,   465.27
  480.02,   595.61,   215.49
  480.88,   596.96,   338.77
  482.27,   599.32,   464.00
  223.84,   350.68,   348.82
  222.85,   347.15,   473.21
  221.71,   344.82,   599.84
  223.57,   475.23,   352.13
  221.84,   471.56,   477.07
  222.08,   469.56,   603.77
  224.07,   601.18,   355.25
  223.15,   597.33,   480.12
  223.04,   594.91,   606.07
  349.42,   350.16,   350.25
  347.90,   346.90,   475.15
  346.32,   344.70,   601.76
  349.18,   474.76,   352.87
  347.21,   471.69,   478.02
  347.04,   469.26,   605.04
  349.96,   600.23,   355.83
  347.87,   596.95,   480.94
  347.93,   594.27,   607.83
  474.36,   349.13,   351.80
  472.85,   346.41,   476.57
  471.11,   344.06,   603.35
  474.69,   474.28,   354.15
  472.42,   471.54,   478.97
  471.76,   469.43,   606.19
  475.41,   599.22,   356.74
  473.40,   596.89,   482.28
  473.28,   594.42,   609.33
  224.69,   349.57,   471.79
  222.97,   346.85,   598.24
  221.49,   344.77,   725.05
  223.89,   474.01,   475.86
  223.64,   471.85,   602.22
  223.71,   470.08,   729.07
  225.39,   599.79,   478.92
  224.93,   597.09,   604.54
  224.51,   595.39,   730.93
  349.45,   349.23,   474.15
  347.74,   346.53,   600.82
  346.12,   344.70,   727.44
  349.20,   473.72,   476.79
  348.33,   471.49,   603.88
  348.65,   468.98,   731.14
  350.23,   599.23,   480.16
  349.76,   596.55,   606.99
  350.53,   593.82,   734.43
  474.77,   348.19,   476.14
  472.84,   345.98,   602.44
  471.08,   344.52,   729.56
  474.60,   473.54,   478.41
  473.54,   470.99,   605.89
  473.42,   468.64,   732.92
  475.56,   599.01,   482.01
  475.23,   596.14,   608.88
  476.28,   591.87,   736.06
  225.38,   349.05,   601.36
  226.13,   348.20,   728.37
  226.52,   346.73,   853.67
  225.09,   473.82,   603.84
  227.18,   473.38,   730.70
  227.44,   471.52,   855.77
  225.70,   599.35,   605.09
  227.24,   598.69,   731.28
  226.87,   596.63,   857.07
  350.17,   349.59,   601.84
  350.75,   349.06,   728.83
  350.84,   347.56,   852.58
  350.06,   474.64,   603.86
  352.49,   473.52,   730.89
  352.38,   471.64,   854.92
  350.53,   599.58,   605.34
  353.15,   598.14,   732.95
  353.28,   595.90,   858.23
  475.38,   349.81,   601.45
  475.78,   349.57,   728.73
  476.08,   347.59,   852.49
  475.23,   475.19,   603.33
  477.31,   473.53,   730.88
  477.58,   472.09,   854.03
  475.96,   599.86,   605.61
  478.99,   597.11,   732.35
  478.79,   594.42,   857.18
  227.15,   477.24,   101.72
  226.29,   478.37,   226.38
  224.59,   477.76,   350.52
  226.43,   602.49,   100.61
  225.80,   603.93,   225.24
  225.06,   603.86,   349.20
  225.43,   727.73,    99.54
  225.00,   730.26,   223.42
  226.06,   730.85,   348.23
  353.61,   477.10,   102.61
  352.39,   477.70,   226.77
  350.49,   477.63,   350.25
  352.99,   602.10,   101.39
  352.83,   602.84,   225.45
  350.86,   603.27,   348.51
  351.19,   726.80,   100.40
  352.22,   727.76,   223.71
  351.85,   728.68,   347.61
  478.34,   476.78,   102.71
  477.48,   477.13,   226.82
  476.05,   477.65,   350.19
  478.60,   601.03,   101.40
  478.73,   601.75,   225.18
  476.72,   602.95,   348.45
  477.28,   725.51,   100.26
  479.37,   726.27,   223.83
  478.13,   727.89,   347.77
  226.34,   476.82,   224.04
  224.52,   474.87,   348.01
  224.24,   474.19,   473.22
  224.09,   602.82,   224.39
  223.38,   600.97,   348.30
  223.38,   599.77,   473.51
  222.09,   728.74,   224.16
  222.95,   727.91,   348.73
  224.20,   726.27,   473.14
  352.48,   477.84,   224.48
  350.01,   476.13,   347.80
  349.01,   475.77,   472.66
  351.17,   603.07,   224.48
  349.03,   601.47,   347.74
  348.34,   601.36,   472.78
  349.46,   728.05,   224.49
  348.69,   727.42,   348.10
  348.41,   727.02,   473.28
  477.71,   478.54,   224.53
  475.70,   477.56,   347.89
  474.61,   477.42,   472.61
  477.34,   603.20,   224.56
  474.84,   602.70,   347.89
  473.66,   603.17,   473.37
  476.39,   727.50,   224.75
  474.97,   728.16,   348.78
  473.68,   728.12,   474.57
  225.20,   474.41,   350.68
  225.84,   469.94,   475.65
  227.84,   466.95,   602.51
  226.38,   600.10,   354.51
  227.57,   595.77,   479.54
  229.48,   592.71,   605.36
  228.35,   726.73,   358.29
  230.17,   721.99,   482.44
  231.54,   718.36,   607.20
  351.18,   473.59,   349.42
  350.96,   469.45,   474.69
  353.02,   466.85,   601.45
  351.91,   598.87,   352.90
  352.32,   594.98,   478.18
  354.26,   591.62,   605.22
  354.30,   724.49,   356.72
  354.67,   720.36,   481.94
  356.35,   716.65,   607.95
  476.46,   472.67,   348.75
  476.41,   469.17,   473.54
  477.97,   466.21,   600.53
  477.86,   597.60,   352.25
  477.50,   594.65,   477.38
  479.51,   591.26,   604.61
  480.03,   722.80,   356.50
  479.92,   719.77,   481.94
  481.51,   715.75,   608.51
  222.86,   474.22,   473.03
  221.42,   474.63,   599.29
  220.37,   475.32,   726.34
  226.93,   599.98,   473.58
  225.73,   599.80,   599.33
  223.90,   600.52,   725.50
  232.35,   726.37,   473.81
  229.97,   725.61,   598.65
  227.39,   725.58,   724.09
  347.91,   471.59,   475.16
  346.23,   471.53,   602.50
  345.77,   471.68,   729.49
  351.62,   596.94,   475.79
  350.14,   596.65,   602.83
  349.76,   596.46,   730.04
  356.57,   722.46,   476.72
  354.73,   721.72,   602.83
  352.92,   721.27,   730.18
  473.29,   468.59,   477.70
  471.26,   468.55,   605.09
  470.37,   468.34,   732.51
  476.98,   594.10,   478.59
  475.63,   593.38,   605.92
  475.71,   591.94,   732.97
  481.67,   719.25,   480.70
  480.01,   718.13,   606.85
  479.43,   716.01,   733.52
  224.86,   473.69,   599.49
  223.54,   471.58,   726.42
  220.35,   468.75,   851.77
  223.08,   599.31,   602.16
  221.36,   597.16,   728.60
  217.82,   593.60,   853.76
  221.95,   725.01,   603.90
  218.78,   722.14,   729.23
  214.65,   718.74,   855.17
  349.87,   476.48,   602.97
  348.68,   473.72,   730.19
  345.51,   470.62,   854.09
  348.15,   601.30,   606.15
  347.04,   598.55,   733.53
  343.88,   594.89,   858.84
  346.62,   726.46,   608.45
  344.37,   723.25,   735.97
  341.46,   719.65,   863.08
  474.62,   479.31,   606.06
  473.73,   476.16,   733.24
  470.12,   472.84,   856.26
  473.22,   603.96,   609.55
  472.98,   599.41,   736.29
  469.47,   595.68,   861.24
  471.98,   728.32,   612.92
  471.05,   723.66,   739.58
  467.55,   719.35,   866.75
  223.83,   600.17,   102.28
  225.33,   602.46,   226.86
  227.13,   603.06,   350.74
  219.36,   725.40,   100.37
  221.29,   728.94,   224.51
  224.95,   730.15,   349.00
  217.11,   850.37,    98.75
  218.15,   853.05,   223.04
  222.46,   854.72,   346.99
  350.48,   602.92,   100.74
  352.41,   605.01,   224.92
  352.63,   605.81,   347.96
  344.98,   727.76,    98.93
  348.58,   729.73,   222.29
  350.41,   731.47,   345.80
  340.64,   852.82,    96.70
  343.96,   854.56,   220.75
  348.24,   856.27,   344.39
  475.84,   605.30,    98.51
  478.52,   606.82,   222.36
  478.60,   608.62,   345.37
  470.93,   729.47,    96.58
  475.62,   731.47,   219.97
  476.69,   734.14,   343.96
  466.83,   855.19,    94.66
  471.04,   856.84,   218.65
  473.96,   858.59,   342.77
  223.57,   599.62,   223.17
  222.13,   596.12,   347.61
  221.93,   593.35,   472.34
  221.92,   725.69,   225.04
  222.92,   722.71,   349.66
  223.48,   719.58,   473.65
  221.46,   849.91,   227.19
  223.19,   847.81,   351.39
  224.54,   845.06,   475.69
  350.50,   599.03,   223.98
  348.11,   595.94,   347.33
  346.84,   594.07,   471.98
  349.29,   723.90,   225.40
  348.49,   721.78,   349.11
  347.96,   719.48,   473.95
  347.55,   848.87,   227.76
  349.06,   846.45,   351.41
  349.00,   844.40,   476.41
  476.53,   598.18,   224.14
  474.03,   596.24,   347.46
  472.29,   594.74,   472.62
  476.55,   722.83,   225.90
  474.67,   721.36,   349.74
  473.18,   720.03,   475.32
  474.88,   848.41,   228.21
  474.66,   846.26,   352.55
  474.07,   844.40,   478.07
  224.53,   601.88,   347.34
  221.05,   604.15,   472.16
  218.84,   607.79,   597.96
  228.77,   728.40,   344.60
  226.16,   730.37,   468.53
  223.09,   733.43,   593.05
  232.30,   853.29,   341.35
  230.78,   855.49,   465.65
  227.05,   858.57,   589.96
  350.09,   598.00,   350.29
  345.80,   601.35,   475.37
  343.44,   604.76,   602.05
  354.42,   723.86,   347.55
  350.56,   726.57,   472.26
  347.36,   729.75,   598.31
  358.05,   848.55,   344.90
  355.27,   851.17,   469.46
  351.28,   854.36,   595.03
  475.85,   595.11,   354.11
  471.05,   598.90,   479.26
  468.61,   602.01,   606.37
  480.20,   720.25,   351.50
  475.19,   723.95,   477.17
  472.84,   726.84,   603.42
  484.17,   844.88,   349.35
  479.74,   848.22,   474.69
  476.04,   851.09,   600.59
  222.62,   600.94,   473.39
  221.75,   600.39,   598.95
  220.67,   600.66,   725.12
  225.47,   727.45,   473.78
  224.06,   726.17,   598.57
  221.56,   725.70,   723.86
  228.11,   852.49,   475.04
  225.96,   851.44,   599.06
  222.95,   851.01,   724.26
  347.45,   599.83,   474.82
  346.51,   599.21,   601.85
  346.48,   598.74,   729.11
  350.07,   725.47,   475.97
  348.71,   724.50,   601.97
  347.32,   723.64,   729.65
  352.94,   850.02,   477.62
  350.43,   849.15,   603.03
  347.77,   848.47,   729.02
  472.48,   599.45,   477.24
  471.62,   598.47,   604.37
  472.23,   596.70,   731.44
  474.96,   724.56,   479.57
  474.01,   723.07,   605.96
  473.81,   720.51,   732.11
  477.41,   848.96,   481.19
  475.47,   847.38,   606.66
  473.38,   846.53,   732.96
  225.68,   598.73,   597.84
  224.08,   603.03,   723.99
  221.16,   606.28,   849.72
  225.60,   724.64,   593.30
  222.79,   728.34,   718.24
  219.47,   731.11,   844.56
  225.66,   849.81,   589.48
  222.00,   853.62,   714.63
  218.80,   856.15,   840.67
  350.44,   599.69,   601.20
  350.09,   603.59,   728.64
  347.74,   606.29,   854.38
  350.08,   724.90,   597.19
  348.61,   728.22,   724.44
  346.14,   731.31,   851.85
  349.89,   849.75,   593.52
  346.89,   853.23,   719.40
  343.81,   855.67,   846.67
  475.72,   601.37,   603.95
  475.86,   603.47,   731.06
  473.06,   605.88,   855.98
  475.43,   725.72,   600.93
  475.18,   727.79,   727.66
  472.46,   729.67,   854.87
  474.92,   850.28,   597.65
  472.57,   853.55,   723.81
  469.23,   856.48,   850.62
  350.50,    99.13,    99.32
  348.97,   100.43,   224.15
  348.29,   101.34,   349.20
  353.82,   223.77,    98.97
  352.64,   224.67,   223.93
  351.95,   225.76,   348.13
  359.60,   348.89,    98.40
  357.33,   349.77,   222.82
  354.34,   349.78,   346.55
  476.43,    95.31,   101.38
  475.05,    96.51,   226.21
  473.00,    97.97,   352.08
  478.80,   220.51,   100.96
  478.23,   220.92,   226.06
  476.75,   221.63,   351.00
  484.15,   346.06,   100.54
  481.70,   346.16,   225.51
  479.32,   346.31,   349.16
  601.77,    91.23,   102.93
  600.14,    92.08,   227.46
  597.22,    94.03,   353.75
  604.57,   217.64,   102.74
  602.94,   217.92,   227.61
  601.05,   218.11,   353.28
  608.46,   342.57,   102.98
  605.73,   342.46,   227.35
  603.37,   342.74,   351.35
  349.25,    99.64,   226.44
  348.12,   100.37,   351.75
  345.45,   101.27,   476.62
  346.12,   223.88,   226.12
  345.12,   224.72,   350.10
  342.70,   225.45,   474.64
  344.08,   348.86,   225.08
  340.79,   349.24,   348.72
  337.54,   349.81,   473.71
  474.92,   102.36,   229.00
  472.54,   103.47,   354.76
  469.59,   104.87,   480.04
  471.52,   226.86,   228.91
  469.62,   227.69,   353.57
  466.92,   228.64,   478.83
  468.76,   351.80,   228.12
  465.84,   352.13,   351.80
  462.29,   353.09,   476.48
  600.18,   105.18,   230.86
  597.14,   106.32,   357.12
  594.22,   107.58,   483.12
  596.41,   230.30,   231.04
  594.02,   230.38,   356.33
  591.37,   231.02,   481.52
  592.46,   354.92,   230.76
  590.07,   355.31,   354.60
  587.31,   356.39,   479.37
  352.42,   100.71,   349.36
  352.78,   102.11,   474.06
  351.06,   103.62,   598.59
  352.74,   225.33,   347.44
  352.88,   226.71,   471.77
  351.39,   228.33,   597.83
  352.08,   349.39,   345.14
  351.26,   350.72,   470.22
  351.24,   353.11,   596.88
  476.88,   100.63,   349.80
  476.67,   102.59,   475.21
  475.99,   103.95,   599.66
  477.66,   224.48,   348.16
  477.25,   226.33,   473.28
  476.44,   228.35,   598.54
  477.16,   349.19,   345.64
  476.55,   350.49,   470.64
  475.89,   353.01,   597.13
  601.87,    99.51,   349.43
  601.44,   101.47,   475.42
  601.58,   102.81,   599.69
  602.08,   224.06,   348.03
  602.00,   225.49,   473.15
  601.89,   227.61,   598.26
  601.27,   348.96,   345.79
  601.33,   350.31,   470.47
  601.42,   352.07,   596.69
  349.81,   101.73,   475.78
  351.47,   101.75,   600.44
  352.29,   101.82,   725.23
  352.94,   225.91,   475.04
  354.46,   226.56,   600.76
  355.21,   227.24,   726.97
  353.75,   349.88,   474.67
  356.56,   350.98,   601.01
  359.61,   352.29,   728.28
  473.70,    99.20,   473.92
  476.35,    99.21,   598.46
  478.46,    99.14,   722.71
  476.99,   223.00,   473.29
  479.06,   223.70,   598.73
  480.92,   224.81,   723.95
  478.96,   347.18,   471.65
  481.55,   348.39,   598.39
  484.66,   350.09,   725.60
  598.51,    95.84,   471.23
  601.42,    95.96,   595.64
  604.31,    95.55,   718.71
  601.80,   219.50,   470.64
  604.45,   220.23,   595.44
  606.55,   221.77,   719.98
  603.84,   344.40,   468.94
  606.86,   344.80,   594.85
  610.34,   345.86,   721.55
  350.11,   100.64,   597.92
  348.65,   104.49,   722.83
  349.52,   108.07,   848.03
  348.31,   225.45,   594.71
  347.16,   229.66,   720.89
  347.70,   232.97,   846.28
  345.76,   349.95,   591.71
  346.72,   354.54,   718.72
  347.29,   358.32,   843.02
  474.84,   102.69,   597.91
  474.78,   106.27,   722.45
  475.13,   109.71,   848.48
  473.21,   227.32,   595.14
  472.74,   231.60,   720.52
  473.12,   234.61,   846.08
  470.53,   351.77,   591.23
  471.67,   356.65,   718.42
  472.17,   360.63,   842.68
  600.26,   104.07,   597.55
  600.64,   107.32,   720.74
  600.71,   111.26,   847.50
  598.27,   228.25,   593.84
  598.37,   233.37,   719.07
  598.87,   237.45,   845.11
  596.28,   353.16,   590.15
  597.07,   357.37,   717.02
  597.82,   361.19,   842.13
  349.71,   224.79,   101.03
  351.70,   221.47,   226.04
  353.83,   217.48,   350.01
  353.88,   350.42,   105.23
  354.23,   346.18,   229.58
  354.50,   341.80,   353.55
  357.43,   475.70,   109.09
  356.84,   471.37,   233.26
  355.20,   466.28,   356.46
  475.10,   223.36,   100.32
  476.89,   219.32,   225.34
  478.25,   215.49,   350.41
  478.81,   348.71,   104.67
  479.28,   344.35,   229.33
  479.59,   339.77,   353.25
  482.06,   473.59,   108.87
  481.61,   469.19,   232.69
  480.60,   464.96,   356.05
  600.59,   222.23,    99.26
  601.85,   217.49,   224.25
  602.80,   213.32,   349.39
  602.82,   347.36,   103.87
  603.01,   342.23,   228.65
  603.69,   337.93,   352.56
  605.14,   471.55,   107.96
  604.95,   466.46,   232.51
  605.06,   463.36,   355.69
  348.77,   225.76,   226.09
  352.13,   224.08,   350.55
  354.08,   222.40,   475.18
  351.63,   350.44,   227.76
  353.08,   348.31,   351.22
  354.30,   346.73,   476.37
  354.49,   475.74,   229.22
  353.85,   472.94,   352.54
  355.03,   471.22,   477.52
  473.97,   223.52,   224.56
  476.65,   221.77,   349.55
  478.41,   220.25,   474.74
  476.34,   348.56,   226.10
  478.07,   346.07,   350.14
  479.12,   344.92,   474.60
  479.23,   473.28,   227.63
  479.32,   471.23,   350.78
  480.05,   470.07,   475.45
  598.81,   221.57,   221.99
  601.30,   219.22,   347.27
  603.08,   217.52,   472.91
  600.18,   346.32,   224.22
  602.18,   344.03,   348.48
  604.04,   342.53,   473.08
  602.45,   470.52,   225.76
  603.60,   469.39,   349.40
  605.48,   468.22,   473.99
  350.97,   223.36,   350.29
  347.98,   221.08,   474.70
  343.44,   219.28,   600.35
  351.21,   347.59,   352.02
  347.79,   345.28,   476.57
  344.40,   343.61,   603.32
  351.75,   472.14,   354.02
  348.02,   469.99,   478.66
  345.97,   468.53,   605.83
  475.70,   221.52,   353.85
  472.50,   219.44,   479.25
  468.12,   217.84,   604.47
  476.41,   345.84,   355.39
  472.63,   343.66,   480.35
  469.46,   342.25,   606.87
  477.31,   470.97,   356.92
  473.22,   468.83,   482.01
  470.99,   467.60,   609.25
  599.89,   219.12,   356.88
  596.87,   217.18,   482.26
  593.68,   215.43,   607.36
  600.62,   344.18,   358.74
  597.71,   341.83,   483.41
  594.88,   340.01,   609.43
  601.76,   469.32,   360.26
  598.94,   467.53,   484.95
  596.81,   465.42,   611.70
  351.43,   225.50,   472.88
  351.96,   227.99,   598.51
  352.58,   230.79,   724.77
  350.34,   349.86,   470.19
  352.54,   352.51,   597.06
  354.85,   355.94,   723.88
  349.88,   474.36,   467.96
  352.83,   477.19,   594.93
  357.17,   480.27,   722.53
  475.69,   224.45,   471.93
  477.00,   227.05,   597.12
  477.89,   229.95,   722.56
  475.58,   348.99,   468.45
  477.41,   351.81,   595.02
  479.82,   355.36,   721.98
  475.45,   474.11,   465.63
  477.95,   477.07,   592.83
  482.24,   479.50,   720.50
  600.30,   223.16,   469.87
  602.27,   225.54,   594.74
  603.78,   229.04,   719.58
  600.34,   347.91,   466.33
  602.91,   350.31,   592.38
  605.25,   353.04,   719.03
  600.81,   473.78,   463.92
  603.69,   475.92,   590.23
  607.04,   477.75,   717.46
  351.62,   225.87,   600.97
  350.88,   229.28,   727.45
  352.71,   231.47,   852.24
  347.47,   350.39,   598.84
  348.69,   354.18,   726.18
  350.05,   357.15,   849.98
  343.28,   474.97,   596.35
  346.49,   478.49,   723.72
  348.15,   481.07,   848.32
  476.27,   229.53,   600.44
  476.72,   233.33,   726.01
  478.24,   235.38,   851.66
  472.22,   354.20,   597.80
  473.83,   358.45,   724.82
  475.16,   361.26,   849.14
  468.34,   479.44,   594.98
  471.44,   482.34,   722.46
  472.89,   485.18,   846.19
  601.61,   232.61,   598.68
  602.45,   236.54,   723.55
  603.65,   239.86,   849.72
  597.57,   357.66,   595.72
  599.28,   360.63,   722.68
  600.61,   363.44,   847.62
  593.92,   482.97,   593.40
  596.40,   485.38,   720.38
  597.76,   487.18,   844.31
  351.73,   348.32,   100.56
  350.39,   348.60,   225.10
  348.80,   348.40,   348.99
  350.50,   473.83,   100.22
  348.42,   473.92,   224.89
  345.08,   472.88,   347.94
  347.25,   598.80,   100.00
  345.65,   598.97,   224.29
  342.59,   598.25,   347.18
  476.68,   351.53,   101.90
  475.44,   351.27,   226.55
  473.78,   350.94,   350.43
  475.35,   476.45,   101.64
  473.37,   476.17,   226.00
  470.79,   475.86,   348.92
  472.68,   600.95,   101.52
  471.86,   600.78,   225.14
  468.29,   600.91,   348.45
  600.50,   354.15,   102.81
  599.01,   353.63,   227.56
  598.19,   353.32,   351.56
  598.76,   478.79,   102.52
  596.65,   478.02,   227.25
  595.04,   478.81,   350.39
  596.50,   602.67,   101.96
  595.55,   602.60,   226.05
  593.35,   604.10,   349.97
  351.80,   351.69,   224.87
  349.63,   349.56,   348.66
  347.19,   348.12,   473.42
  355.85,   476.68,   226.37
  351.59,   474.25,   349.63
  349.12,   472.56,   474.43
  358.93,   601.77,   227.42
  354.87,   599.37,   350.59
  352.09,   597.92,   475.92
  476.77,   348.07,   226.86
  474.72,   346.36,   350.78
  472.43,   344.76,   475.77
  480.70,   473.11,   227.97
  477.08,   471.27,   351.50
  474.27,   470.15,   476.10
  484.80,   597.67,   229.29
  480.54,   596.25,   352.56
  477.46,   595.75,   477.78
  600.31,   344.62,   228.48
  598.55,   342.99,   352.51
  597.21,   341.62,   477.30
  603.71,   469.22,   230.21
  601.46,   468.29,   353.50
  599.74,   467.30,   478.35
  608.39,   593.80,   230.82
  605.13,   593.64,   355.05
  603.25,   593.25,   480.27
  351.82,   350.42,   349.30
  350.08,   353.86,   474.01
  348.40,   358.38,   601.03
  353.71,   475.04,   345.40
  351.49,   478.67,   470.00
  350.78,   483.26,   597.29
  356.71,   600.38,   341.20
  354.39,   603.81,   466.17
  354.09,   607.98,   593.04
  476.76,   347.44,   351.40
  474.93,   351.30,   475.83
  473.17,   356.12,   602.53
  479.02,   472.39,   346.93
  476.60,   476.42,   471.34
  475.94,   481.05,   598.60
  482.08,   597.43,   342.81
  479.74,   601.78,   467.88
  479.42,   606.21,   594.86
  601.04,   344.49,   352.93
  600.06,   348.70,   477.55
  598.92,   353.01,   603.37
  603.26,   469.80,   348.71
  602.21,   474.27,   473.02
  601.63,   478.33,   599.57
  606.97,   595.05,   345.08
  605.06,   600.11,   470.14
  604.88,   603.99,   596.44
  349.48,   348.22,   473.42
  350.11,   350.00,   600.17
  351.38,   352.25,   727.36
  351.48,   473.16,   472.23
  353.21,   474.67,   599.49
  356.33,   476.68,   726.67
  354.63,   598.27,   471.38
  356.69,   599.63,   598.05
  360.07,   601.20,   725.78
  474.36,   345.11,   472.91
  475.07,   347.03,   599.54
  476.39,   349.51,   726.86
  476.64,   470.16,   471.09
  478.17,   472.15,   598.57
  480.90,   473.80,   725.98
  479.93,   596.04,   470.51
  482.10,   597.28,   597.46
  485.62,   597.35,   724.59
  599.55,   341.84,   471.95
  600.74,   343.39,   598.16
  601.98,   345.04,   724.87
  601.93,   467.39,   470.57
  603.95,   468.63,   597.15
  605.93,   469.37,   724.03
  605.41,   593.24,   470.17
  607.79,   594.24,   596.38
  609.91,   594.20,   722.37
  351.11,   348.58,   601.00
  348.03,   351.77,   728.12
  344.47,   353.72,   851.90
  352.77,   473.44,   599.56
  351.54,   476.15,   726.62
  348.09,   478.04,   850.65
  355.06,   598.25,   597.20
  353.75,   600.49,   724.77
  351.01,   602.08,   850.39
  475.86,   347.12,   604.47
  472.73,   350.50,   731.76
  469.79,   352.07,   855.39
  477.80,   472.38,   602.64
  476.15,   474.67,   730.18
  472.68,   476.29,   853.13
  480.40,   597.34,   600.94
  479.38,   597.80,   728.07
  476.14,   599.06,   852.90
  601.70,   344.79,   607.57
  598.60,   347.35,   734.16
  595.35,   349.23,   858.46
  603.42,   470.20,   605.74
  601.33,   471.50,   732.76
  597.67,   473.16,   855.77
  606.06,   595.76,   604.45
  604.10,   596.20,   730.06
  599.82,   597.42,   854.21
  350.44,   476.18,   100.23
  350.22,   474.87,   224.63
  348.42,   472.52,   347.83
  346.93,   601.33,   101.27
  346.91,   599.89,   225.20
  345.33,   597.74,   348.49
  342.01,   726.03,   102.61
  343.34,   724.96,   225.97
  343.34,   723.59,   349.61
  475.68,   478.75,    99.92
  475.04,   477.28,   224.00
  473.74,   475.39,   347.28
  472.52,   603.24,   101.04
  473.24,   601.94,   224.90
  471.49,   600.79,   348.05
  468.15,   727.45,   102.15
  470.49,   726.52,   225.70
  469.37,   725.96,   349.68
  598.74,   481.22,    99.15
  598.49,   479.17,   223.87
  598.25,   478.57,   347.51
  596.70,   605.47,   100.19
  596.92,   603.93,   224.04
  596.01,   603.88,   348.28
  594.09,   729.78,   100.81
  595.73,   728.98,   224.60
  594.62,   729.31,   349.89
  350.03,   473.98,   225.90
  345.03,   470.99,   349.45
  341.23,   469.62,   474.37
  351.74,   599.03,   227.15
  347.02,   596.28,   350.63
  343.23,   595.11,   475.62
  353.01,   723.68,   228.25
  349.58,   722.34,   351.90
  346.79,   720.34,   476.66
  474.83,   471.23,   228.70
  470.28,   469.29,   351.94
  466.77,   468.16,   477.03
  477.74,   595.87,   229.62
  472.47,   594.64,   352.97
  468.47,   593.64,   478.36
  480.05,   720.57,   231.01
  475.56,   719.57,   355.18
  471.79,   718.97,   480.60
  597.86,   468.49,   231.73
  594.70,   467.39,   355.10
  592.04,   466.72,   479.84
  601.60,   593.47,   232.43
  597.57,   592.94,   356.63
  594.42,   592.43,   481.94
  604.95,   718.54,   233.24
  600.87,   718.47,   358.79
  597.26,   717.77,   484.81
  350.08,   474.64,   350.79
  349.48,   471.51,   475.55
  350.48,   470.00,   602.79
  349.76,   599.62,   353.03
  349.15,   597.11,   478.20
  350.51,   595.01,   605.06
  350.40,   725.47,   355.75
  350.16,   722.53,   480.91
  351.06,   719.99,   607.12
  475.64,   474.80,   350.69
  474.77,   472.38,   475.43
  475.63,   470.99,   602.71
  475.48,   600.19,   352.89
  474.46,   598.28,   478.45
  475.79,   595.77,   605.75
  476.33,   725.33,   356.25
  475.33,   723.28,   482.01
  476.23,   720.20,   608.30
  600.13,   475.45,   350.83
  600.22,   473.30,   475.52
  601.36,   471.07,   602.33
  600.62,   601.18,   353.55
  600.17,   599.11,   478.93
  601.71,   596.40,   605.11
  601.62,   726.44,   357.02
  600.73,   724.77,   483.18
  601.82,   721.39,   608.44
  349.53,   474.40,   475.57
  349.15,   472.71,   602.67
  349.41,   471.29,   729.94
  349.58,   600.16,   477.90
  349.23,   597.95,   604.64
  349.85,   596.09,   732.21
  351.00,   725.51,   480.26
  350.07,   723.09,   606.42
  349.19,   721.01,   733.76
  474.98,   475.31,   476.80
  474.04,   473.74,   604.35
  474.25,   471.85,   731.75
  474.86,   601.03,   479.98
  474.61,   598.63,   606.97
  475.78,   595.05,   733.83
  475.60,   726.16,   483.32
  475.12,   723.20,   609.63
  475.81,   719.40,   736.05
  600.25,   475.90,   478.97
  599.57,   473.82,   605.55
  599.26,   470.91,   732.58
  600.51,   601.70,   482.23
  600.05,   599.33,   608.26
  600.18,   595.55,   733.74
  601.50,   726.89,   485.92
  600.68,   724.43,   611.40
  600.48,   720.27,   735.52
  349.95,   472.67,   601.70
  355.50,   470.43,   729.04
  358.57,   467.83,   852.99
  351.65,   597.81,   604.66
  357.29,   594.98,   732.26
  360.51,   591.80,   857.51
  353.40,   722.98,   607.22
  357.98,   720.08,   734.56
  361.49,   716.23,   862.16
  475.17,   472.36,   598.35
  480.05,   469.77,   725.88
  483.66,   466.67,   848.94
  476.70,   597.48,   601.65
  482.79,   593.22,   728.74
  485.94,   589.40,   853.27
  478.69,   721.99,   605.07
  484.22,   717.59,   731.67
  487.34,   713.13,   858.60
  600.57,   471.40,   594.42
  605.34,   467.77,   721.64
  608.55,   464.12,   845.08
  602.14,   597.05,   598.05
  607.29,   592.59,   723.72
  609.97,   588.67,   847.82
  603.99,   721.98,   601.78
  608.74,   717.25,   726.02
  610.83,   713.60,   851.57
  350.98,   599.17,   101.50
  351.61,   598.92,   225.67
  350.07,   597.75,   348.85
  349.02,   724.03,   101.67
  350.76,   724.05,   225.28
  351.51,   723.73,   348.70
  347.67,   849.24,   101.48
  349.97,   848.92,   225.38
  352.47,   848.66,   349.23
  476.22,   598.53,   100.90
  477.57,   597.68,   224.60
  476.00,   597.73,   347.71
  475.11,   722.49,   100.69
  478.20,   722.49,   224.18
  477.37,   722.83,   348.19
  474.01,   848.00,   100.97
  477.24,   847.93,   224.77
  478.38,   847.54,   349.09
  600.29,   597.20,    99.41
  601.10,   596.83,   223.53
  600.91,   597.67,   347.50
  601.19,   721.47,    99.20
  603.21,   721.75,   222.84
  602.76,   723.18,   348.34
  601.32,   847.54,    99.23
  603.38,   847.51,   223.88
  603.57,   847.77,   349.47
  350.51,   599.88,   227.26
  348.08,   596.00,   350.31
  346.91,   593.40,   475.34
  346.12,   724.82,   229.59
  345.29,   721.97,   352.94
  344.43,   718.73,   478.07
  341.19,   849.53,   232.22
  342.25,   846.76,   356.04
  342.24,   843.64,   480.98
  476.57,   602.92,   227.34
  473.70,   599.69,   350.73
  472.22,   597.94,   476.28
  473.02,   727.35,   229.91
  471.05,   724.93,   353.93
  469.34,   722.73,   479.57
  468.25,   852.72,   232.96
  467.99,   849.60,   357.43
  467.22,   847.14,   483.10
  600.55,   605.46,   227.74
  598.58,   604.08,   351.91
  597.60,   602.33,   477.37
  598.20,   730.70,   230.33
  596.68,   729.41,   355.35
  594.88,   727.58,   481.63
  594.34,   856.33,   233.78
  593.54,   853.78,   359.40
  592.30,   851.33,   485.09
  349.30,   599.37,   347.86
  352.06,   602.53,   472.93
  356.98,   605.93,   599.78
  349.51,   725.39,   344.94
  352.90,   727.84,   469.78
  356.88,   731.13,   595.75
  348.93,   849.90,   342.42
  353.52,   852.77,   467.14
  356.61,   855.85,   592.32
  475.27,   600.30,   344.23
  477.62,   604.15,   469.61
  482.36,   607.42,   596.62
  475.56,   725.64,   341.89
  477.75,   729.20,   467.33
  482.28,   731.99,   593.72
  475.19,   850.15,   339.66
  478.02,   853.54,   464.88
  481.39,   856.56,   590.34
  600.03,   601.51,   341.19
  603.36,   605.73,   466.52
  607.74,   608.64,   592.78
  600.60,   726.92,   338.91
  603.15,   731.05,   465.12
  607.54,   734.09,   590.65
  600.41,   851.53,   337.14
  603.23,   855.06,   462.93
  607.08,   857.38,   587.63
  347.13,   600.76,   471.55
  351.01,   597.63,   598.36
  355.60,   594.59,   725.81
  350.44,   726.14,   475.07
  353.37,   722.89,   600.96
  357.12,   719.56,   728.55
  353.07,   850.69,   478.60
  355.29,   847.45,   604.09
  357.44,   844.56,   730.23
  472.63,   599.97,   469.15
  476.14,   596.89,   596.21
  481.24,   592.48,   723.03
  475.27,   724.96,   473.42
  478.61,   721.39,   599.92
  483.48,   716.43,   726.07
  477.93,   849.22,   477.60
  480.35,   845.53,   603.27
  483.32,   841.97,   729.04
  598.26,   598.96,   467.37
  601.72,   595.97,   593.60
  605.82,   591.29,   719.05
  600.72,   724.45,   472.26
  604.20,   720.77,   597.68
  607.95,   716.09,   721.92
  603.25,   848.58,   476.46
  606.06,   844.66,   601.17
  609.04,   841.08,   725.11
  350.29,   598.60,   598.78
  354.63,   601.81,   726.50
  357.02,   604.91,   852.41
  348.17,   723.55,   595.07
  351.07,   726.95,   722.39
  353.25,   729.33,   850.14
  345.72,   848.20,   591.52
  346.99,   851.78,   717.99
  348.53,   854.07,   845.40
  475.41,   602.27,   597.40
  480.21,   604.30,   724.32
  482.25,   606.35,   849.50
  473.37,   726.54,   594.62
  477.27,   728.50,   720.92
  479.27,   730.41,   848.36
  470.61,   851.11,   591.63
  472.31,   854.14,   717.50
  473.88,   857.00,   844.21
  601.14,   605.52,   595.13
  604.83,   607.49,   720.85
  606.29,   609.78,   845.27
  598.79,   730.70,   592.92
  602.00,   732.15,   717.26
  603.10,   734.51,   842.78
  595.92,   854.44,   589.89
  598.14,   857.10,   713.99
  599.71,   860.74,   839.19
  474.15,   100.29,   100.62
  474.55,   101.71,   225.54
  474.22,   103.29,   351.79
  470.96,   225.51,    99.99
  471.96,   226.10,   225.47
  471.86,   227.46,   350.10
  470.30,   350.75,    99.59
  469.41,   351.26,   224.16
  468.45,   352.02,   348.22
  599.85,   102.54,   100.98
  599.75,   103.86,   225.41
  598.91,   105.28,   351.99
  596.69,   228.63,   100.34
  596.48,   228.90,   225.22
  596.41,   229.48,   350.66
  594.37,   353.86,    99.96
  593.11,   353.55,   224.78
  592.79,   354.43,   348.70
  725.70,   105.13,   101.31
  724.80,   106.37,   226.00
  723.83,   107.62,   352.14
  721.91,   231.83,   101.65
  720.88,   232.04,   225.80
  720.82,   232.09,   350.92
  718.35,   356.21,   100.85
  717.10,   356.18,   225.25
  716.83,   356.88,   349.28
  476.41,   101.90,   225.93
  473.94,   100.61,   351.86
  470.61,    99.46,   477.61
  477.83,   226.60,   228.68
  475.40,   224.84,   353.52
  472.61,   223.11,   478.85
  479.51,   351.63,   230.70
  476.36,   349.32,   354.46
  472.70,   347.41,   479.30
  601.85,    99.87,   228.30
  598.19,    98.69,   354.57
  595.30,    97.48,   480.72
  602.52,   225.42,   230.99
  600.00,   222.77,   356.61
  597.28,   220.84,   481.96
  603.25,   349.81,   233.46
  600.55,   347.47,   357.67
  597.65,   345.90,   482.30
  726.61,    98.41,   231.24
  723.18,    96.95,   357.00
  720.15,    94.86,   483.03
  726.84,   224.04,   233.56
  724.45,   221.01,   358.92
  721.75,   218.88,   483.91
  726.92,   348.18,   236.05
  724.61,   346.05,   360.10
  722.57,   344.21,   485.00
  474.60,   102.40,   349.05
  476.71,   102.35,   474.55
  478.23,   101.82,   598.86
  473.48,   226.19,   349.61
  475.46,   226.23,   474.83
  476.73,   226.29,   600.08
  470.96,   351.22,   349.29
  472.62,   350.63,   474.00
  474.24,   351.10,   600.40
  599.45,   103.63,   346.62
  601.29,   103.37,   472.57
  603.59,   102.82,   597.08
  597.77,   227.90,   347.09
  600.13,   227.04,   472.43
  602.01,   227.33,   597.42
  594.83,   352.70,   347.15
  597.57,   352.38,   471.69
  599.78,   352.06,   597.64
  724.34,   104.83,   343.88
  726.31,   103.90,   469.75
  728.04,   103.36,   594.50
  722.27,   229.25,   344.21
  724.78,   228.58,   469.46
  726.97,   228.67,   594.23
  719.01,   354.28,   344.52
  722.38,   353.55,   469.20
  725.47,   353.01,   594.88
  475.60,   100.41,   475.32
  475.38,    98.13,   599.60
  475.30,    95.79,   724.38
  475.82,   224.07,   477.36
  475.20,   222.72,   602.82
  474.52,   221.45,   727.99
  474.22,   348.48,   477.94
  474.21,   347.47,   604.76
  474.80,   346.70,   732.02
  600.46,   100.08,   475.52
  600.64,    98.03,   599.66
  600.87,    95.27,   722.75
  600.54,   223.98,   476.93
  600.48,   222.42,   601.76
  600.30,   221.51,   726.43
  599.09,   348.69,   477.55
  599.91,   347.02,   603.69
  600.56,   345.62,   730.76
  725.57,    99.47,   474.44
  725.25,    97.03,   598.87
  725.30,    95.68,   721.57
  725.25,   223.77,   475.66
  725.60,   222.16,   600.39
  725.29,   221.75,   724.72
  723.99,   349.11,   477.14
  725.39,   346.59,   602.55
  726.30,   343.91,   728.65
  475.93,    99.49,   598.64
  473.40,    96.38,   723.05
  471.77,    93.47,   849.19
  478.98,   223.76,   602.13
  476.13,   221.94,   727.51
  474.79,   218.07,   852.87
  481.54,   348.64,   604.94
  479.75,   347.22,   731.85
  478.30,   344.37,   855.82
  601.15,    95.77,   600.06
  599.28,    92.22,   723.40
  597.56,    88.88,   850.50
  604.10,   219.94,   603.07
  601.72,   218.73,   727.91
  599.91,   216.49,   854.30
  607.01,   344.85,   605.82
  605.59,   342.70,   732.73
  604.13,   339.71,   857.18
  725.77,    91.65,   601.23
  723.37,    89.41,   724.11
  722.24,    85.79,   850.19
  729.24,   216.59,   603.43
  726.81,   215.50,   727.74
  724.36,   213.62,   854.41
  732.62,   340.76,   606.53
  731.09,   337.40,   732.53
  729.01,   335.01,   857.69
  472.76,   226.50,    99.79
  476.30,   225.92,   225.17
  479.13,   225.65,   349.85
  473.74,   352.12,   100.60
  475.87,   351.10,   225.62
  477.72,   350.25,   349.47
  474.82,   477.09,   101.39
  476.14,   476.00,   225.53
  476.45,   474.96,   348.94
  598.00,   227.68,    97.50
  601.12,   226.69,   222.28
  603.86,   225.85,   347.49
  598.07,   352.88,    98.45
  599.61,   351.33,   223.16
  601.81,   350.54,   347.28
  597.91,   477.40,    99.12
  599.08,   476.00,   223.57
  600.80,   475.92,   347.22
  723.78,   229.21,    95.85
  725.29,   227.84,   219.68
  728.22,   226.13,   345.00
  721.87,   353.79,    96.49
  723.54,   352.14,   220.90
  726.07,   351.20,   344.82
  720.80,   477.87,    95.91
  722.17,   476.12,   221.13
  724.63,   476.65,   345.59
  475.78,   223.35,   224.24
  474.66,   219.31,   349.29
  472.69,   216.18,   474.38
  478.39,   347.97,   228.05
  476.27,   343.94,   351.98
  473.76,   340.78,   476.45
  481.46,   473.06,   231.38
  477.70,   468.93,   354.57
  475.00,   465.87,   479.52
  600.86,   220.86,   225.73
  599.02,   216.78,   350.81
  597.29,   213.41,   476.56
  602.03,   345.59,   229.69
  600.29,   341.72,   353.75
  598.58,   337.94,   478.60
  604.56,   470.14,   233.46
  601.91,   466.67,   356.86
  600.47,   464.05,   481.66
  724.91,   219.01,   227.02
  723.61,   214.40,   352.24
  722.11,   210.45,   477.44
  725.86,   343.18,   231.66
  724.52,   338.91,   355.50
  723.43,   335.52,   480.04
  727.64,   467.28,   235.43
  726.00,   464.51,   359.40
  725.52,   461.67,   483.75
  475.60,   224.06,   349.62
  472.94,   223.45,   474.57
  468.91,   223.66,   600.19
  478.05,   348.50,   349.58
  474.49,   347.76,   474.01
  471.43,   348.20,   600.62
  480.51,   473.19,   349.35
  476.70,   472.94,   473.98
  474.37,   473.12,   601.45
  600.09,   220.56,   352.35
  597.49,   219.76,   477.49
  594.14,   219.92,   602.57
  602.31,   345.38,   352.40
  599.43,   344.72,   476.95
  596.82,   344.62,   603.08
  604.55,   470.75,   352.41
  601.96,   470.29,   477.15
  600.20,   470.09,   603.78
  724.63,   217.31,   354.37
  722.30,   216.25,   479.82
  719.05,   216.29,   604.09
  726.52,   342.12,   354.91
  724.25,   341.44,   479.36
  722.44,   340.47,   605.20
  728.31,   467.44,   356.10
  727.18,   467.63,   480.43
  725.48,   465.92,   606.06
  477.58,   224.17,   475.52
  478.22,   222.91,   600.97
  479.20,   222.30,   726.48
  478.79,   348.84,   475.92
  480.04,   347.84,   602.58
  482.10,   347.57,   729.72
  480.02,   473.88,   477.29
  482.34,   472.99,   604.52
  485.87,   471.43,   731.70
  602.40,   221.36,   473.95
  603.90,   220.36,   598.60
  604.94,   219.61,   723.38
  603.48,   346.26,   474.23
  605.85,   344.82,   600.02
  607.86,   343.82,   726.91
  605.22,   472.21,   475.54
  608.07,   470.23,   602.12
  610.78,   468.04,   729.06
  726.84,   218.53,   471.26
  728.67,   217.42,   595.94
  729.57,   217.37,   720.10
  728.55,   343.93,   472.18
  731.30,   341.81,   597.57
  733.69,   339.76,   723.78
  730.16,   470.06,   474.00
  733.50,   467.00,   599.70
  736.46,   463.46,   725.99
  475.62,   226.07,   599.45
  476.45,   226.19,   724.97
  478.82,   224.73,   850.48
  471.20,   350.91,   599.91
  473.63,   351.49,   727.26
  475.61,   350.82,   851.12
  467.74,   476.02,   600.71
  471.48,   475.41,   728.07
  473.44,   474.89,   851.47
  600.87,   229.26,   596.99
  602.25,   229.51,   721.88
  603.86,   229.67,   848.19
  596.86,   354.10,   597.59
  599.17,   353.75,   724.39
  601.21,   353.28,   848.98
  593.20,   479.50,   598.56
  596.56,   478.44,   725.33
  598.48,   477.15,   849.06
  725.69,   232.11,   593.84
  727.20,   232.74,   718.21
  728.39,   233.39,   844.46
  722.56,   356.65,   594.64
  724.90,   355.13,   721.02
  726.91,   354.38,   845.92
  718.69,   482.47,   595.83
  721.65,   479.71,   722.18
  724.34,   477.57,   846.63
  474.85,   349.54,    99.91
  472.91,   350.71,   224.54
  470.78,   352.46,   348.33
  476.36,   474.48,    98.07
  473.93,   475.89,   222.56
  470.44,   477.24,   345.54
  476.19,   599.19,    96.35
  474.87,   600.41,   220.24
  470.93,   602.44,   343.45
  598.73,   349.74,   101.46
  596.52,   350.62,   226.24
  595.07,   351.86,   350.37
  599.53,   473.90,    99.63
  596.94,   474.90,   224.31
  594.87,   477.40,   347.69
  600.08,   598.09,    97.34
  598.70,   599.66,   221.76
  595.81,   602.79,   345.50
  722.88,   349.40,   103.13
  720.50,   350.27,   227.62
  719.43,   351.88,   351.66
  722.45,   473.74,   100.34
  719.85,   474.27,   225.82
  718.61,   477.23,   350.04
  723.67,   597.80,    98.34
  721.28,   599.79,   222.87
  719.46,   603.00,   348.23
  477.03,   349.30,   224.99
  477.68,   348.46,   348.77
  478.51,   348.17,   473.43
  481.32,   474.36,   224.85
  480.57,   473.37,   348.28
  480.86,   473.29,   472.72
  485.79,   598.65,   224.56
  484.67,   598.42,   348.14
  484.42,   598.81,   473.55
  600.45,   345.37,   223.49
  601.81,   345.01,   347.70
  603.32,   344.75,   472.51
  604.29,   470.02,   223.85
  604.89,   469.99,   347.53
  606.11,   470.51,   472.08
  609.32,   594.76,   223.68
  609.30,   595.49,   347.74
  609.94,   596.43,   472.80
  724.28,   342.08,   222.33
  726.33,   341.13,   346.46
  728.12,   340.86,   471.04
  727.48,   466.05,   222.94
  728.75,   466.59,   346.84
  731.11,   467.05,   471.30
  731.70,   591.14,   221.98
  732.81,   592.51,   347.39
  734.98,   593.23,   472.55
  477.14,   348.28,   348.70
  474.98,   346.08,   473.42
  473.23,   344.37,   600.02
  476.33,   473.21,   350.28
  473.72,   471.00,   475.05
  472.94,   469.61,   602.25
  476.16,   598.62,   352.15
  473.64,   596.56,   477.70
  473.53,   594.47,   604.86
  601.37,   348.25,   350.13
  600.11,   346.03,   474.79
  598.73,   344.18,   600.68
  600.52,   473.78,   351.97
  599.21,   472.11,   476.74
  598.79,   469.70,   603.47
  600.99,   599.12,   354.51
  599.24,   597.75,   479.94
  598.94,   595.35,   606.15
  725.53,   348.51,   351.42
  724.85,   346.30,   476.03
  724.58,   343.49,   601.45
  724.42,   473.93,   354.13
  724.21,   472.14,   478.46
  724.49,   468.94,   604.15
  725.01,   599.93,   356.93
  724.86,   598.61,   482.19
  724.40,   595.57,   607.22
  473.64,   347.96,   472.96
  472.80,   350.28,   599.50
  472.53,   353.10,   726.70
  474.49,   473.33,   470.93
  474.82,   475.53,   598.11
  476.29,   477.26,   725.83
  476.70,   598.74,   470.19
  477.45,   600.48,   597.08
  479.76,   600.80,   723.82
  598.62,   346.09,   473.17
  598.41,   347.90,   599.29
  598.45,   349.87,   726.40
  599.77,   471.78,   471.37
  600.65,   473.04,   597.89
  601.27,   474.14,   725.21
  602.28,   597.64,   471.23
  603.10,   598.94,   597.32
  604.09,   598.65,   722.87
  723.24,   343.64,   473.31
  723.79,   344.89,   598.79
  724.06,   345.40,   725.11
  724.80,   469.91,   472.36
  726.28,   470.25,   597.78
  726.60,   469.92,   724.20
  727.37,   596.05,   472.02
  728.30,   596.97,   597.07
  728.27,   596.86,   722.20
  475.83,   350.56,   602.10
  473.63,   351.11,   729.30
  471.51,   350.43,   853.32
  474.17,   475.88,   602.77
  473.41,   475.57,   730.08
  471.41,   474.60,   853.42
  472.82,   600.68,   603.97
  473.46,   598.81,   730.71
  471.05,   597.49,   855.65
  601.42,   351.62,   603.85
  599.46,   351.71,   730.74
  597.38,   351.05,   855.18
  599.85,   477.40,   604.52
  598.58,   476.22,   731.84
  596.31,   475.12,   854.82
  598.68,   602.98,   605.66
  597.92,   600.61,   731.31
  594.95,   599.00,   855.78
  727.16,   352.62,   605.17
  725.50,   351.04,   731.34
  722.94,   350.49,   856.46
  725.48,   477.98,   606.14
  724.13,   475.67,   732.54
  722.10,   473.52,   856.74
  723.85,   604.81,   607.33
  721.74,   602.82,   732.34
  718.81,   601.26,   856.13
  476.98,   476.58,   100.03
  475.68,   474.21,   224.29
  473.54,   472.20,   347.49
  480.43,   600.74,   101.62
  480.26,   598.60,   225.05
  477.33,   597.23,   348.71
  482.93,   724.98,   102.92
  484.09,   723.13,   226.62
  481.86,   722.52,   350.41
  600.51,   472.43,   100.12
  598.68,   469.74,   224.95
  597.46,   468.77,   348.26
  604.54,   596.49,   101.68
  603.69,   594.43,   225.73
  602.18,   593.91,   349.80
  608.61,   720.60,   102.59
  608.86,   719.37,   226.64
  607.19,   719.28,   351.79
  723.37,   468.44,    99.92
  721.63,   465.68,   225.43
  721.47,   464.82,   349.59
  727.77,   592.55,   101.03
  726.10,   590.63,   225.82
  725.63,   590.71,   351.32
  733.50,   717.52,   102.11
  732.09,   716.80,   226.46
  731.59,   716.23,   353.21
  475.07,   473.98,   223.52
  472.98,   470.54,   346.79
  471.50,   468.62,   471.52
  478.90,   598.61,   225.35
  475.99,   596.00,   348.62
  474.13,   593.89,   474.09
  481.80,   722.90,   227.90
  479.62,   721.02,   351.88
  478.03,   719.17,   477.47
  598.21,   470.24,   224.07
  597.36,   468.06,   347.67
  596.72,   466.18,   472.08
  602.35,   595.03,   225.76
  600.67,   593.50,   350.13
  599.81,   592.00,   475.18
  606.77,   719.97,   227.83
  604.77,   718.94,   352.95
  603.44,   717.52,   479.20
  721.46,   467.09,   224.40
  721.00,   465.50,   348.62
  721.72,   463.44,   473.10
  724.78,   592.01,   226.02
  724.29,   591.40,   351.44
  724.86,   589.73,   476.38
  729.78,   718.38,   227.29
  729.32,   716.76,   354.30
  729.36,   715.12,   480.15
  474.37,   473.85,   347.45
  475.25,   474.61,   472.26
  477.62,   476.11,   599.29
  478.26,   599.13,   346.51
  478.60,   600.15,   471.64
  481.63,   601.07,   598.92
  482.87,   724.22,   346.29
  483.45,   725.28,   471.92
  486.06,   725.85,   598.53
  598.47,   470.44,   346.20
  600.37,   471.66,   470.42
  603.26,   472.36,   597.00
  603.07,   595.76,   345.48
  604.22,   597.21,   470.65
  607.29,   597.99,   597.00
  608.13,   721.12,   345.17
  608.93,   722.55,   471.44
  611.78,   722.93,   597.05
  722.32,   466.84,   344.99
  725.36,   467.95,   469.06
  728.48,   467.95,   594.72
  726.54,   592.62,   344.25
  729.42,   594.33,   469.55
  732.49,   594.12,   594.57
  732.60,   718.22,   344.19
  734.80,   719.67,   470.40
  736.52,   720.65,   594.50
  475.67,   474.91,   475.01
  473.58,   478.96,   602.13
  473.07,   482.22,   729.64
  474.52,   600.43,   472.35
  473.22,   603.75,   599.41
  473.49,   605.60,   726.09
  474.53,   725.85,   470.31
  473.29,   728.26,   596.55
  472.84,   730.02,   722.99
  601.08,   476.66,   477.40
  599.64,   479.62,   603.98
  598.09,   482.12,   731.25
  600.29,   602.46,   475.31
  599.24,   605.20,   601.77
  598.09,   606.76,   727.03
  600.34,   727.84,   474.15
  598.80,   730.19,   599.52
  597.91,   731.86,   723.72
  726.03,   477.70,   480.27
  725.14,   479.82,   606.07
  723.63,   481.09,   732.12
  725.60,   604.18,   478.46
  724.28,   606.60,   603.60
  721.97,   608.63,   728.23
  726.01,   729.34,   477.02
  723.62,   732.87,   600.75
  720.49,   735.65,   723.55
  474.48,   473.60,   601.78
  472.57,   472.98,   728.95
  469.06,   471.55,   852.05
  476.89,   598.72,   603.02
  475.83,   596.51,   729.82
  472.57,   594.40,   854.91
  479.41,   723.28,   604.80
  477.88,   720.65,   731.03
  474.21,   718.07,   858.50
  599.85,   471.78,   604.45
  597.67,   470.11,   731.83
  594.16,   468.65,   855.00
  602.31,   597.28,   606.22
  600.45,   594.56,   731.83
  596.33,   592.45,   856.38
  604.63,   722.21,   608.20
  602.61,   719.43,   732.48
  597.77,   717.41,   858.43
  725.68,   468.77,   607.56
  723.32,   465.95,   734.06
  719.96,   463.14,   858.12
  727.28,   595.42,   609.05
  724.09,   592.87,   733.87
  720.15,   590.74,   857.69
  729.41,   722.05,   610.83
  725.27,   720.73,   733.71
  719.63,   719.74,   856.99
  477.17,   599.96,   101.88
  477.36,   598.32,   225.84
  475.15,   596.90,   348.80
  474.29,   724.14,   102.98
  476.42,   722.68,   226.69
  475.19,   722.30,   350.41
  471.84,   849.58,   104.03
  473.80,   848.42,   228.10
  474.18,   846.94,   352.42
  601.00,   600.44,   101.43
  601.08,   598.57,   225.49
  600.16,   598.61,   349.46
  600.18,   724.55,   102.38
  601.62,   723.99,   226.04
  600.23,   723.97,   351.25
  599.18,   850.77,   103.09
  600.13,   849.43,   228.06
  599.69,   848.73,   353.70
  724.63,   601.43,   100.23
  723.56,   600.00,   224.98
  723.72,   600.57,   350.43
  725.52,   726.30,   100.78
  724.62,   725.95,   225.09
  724.96,   726.10,   351.72
  725.38,   853.50,   102.13
  724.12,   851.03,   227.67
  724.26,   850.65,   354.10
  479.00,   598.25,   226.44
  474.06,   599.18,   349.66
  470.27,   601.06,   474.88
  480.39,   722.61,   224.79
  476.31,   724.67,   348.75
  472.44,   726.33,   474.41
  480.66,   848.49,   224.08
  478.00,   849.32,   348.61
  474.80,   850.75,   474.09
  602.54,   596.50,   228.78
  598.74,   598.46,   352.69
  595.78,   600.64,   478.32
  605.54,   721.34,   227.18
  601.49,   723.76,   352.47
  597.91,   726.06,   478.66
  606.74,   846.84,   226.53
  603.33,   848.70,   352.58
  600.13,   850.18,   478.36
  725.13,   595.06,   230.92
  722.58,   598.03,   356.54
  721.20,   600.17,   481.45
  728.61,   721.17,   229.13
  726.02,   723.38,   355.50
  723.59,   725.41,   481.52
  730.64,   846.39,   229.14
  727.98,   848.13,   355.74
  725.17,   849.38,   480.81
  476.17,   601.44,   349.28
  477.35,   599.45,   474.67
  480.80,   597.15,   601.91
  473.99,   726.82,   352.62
  474.91,   724.60,   478.35
  477.94,   721.63,   604.63
  471.17,   851.65,   356.32
  472.69,   848.78,   481.86
  474.81,   845.83,   607.31
  600.93,   605.24,   347.79
  603.00,   603.94,   473.40
  606.29,   600.92,   599.48
  599.05,   730.49,   351.43
  600.66,   729.01,   477.72
  603.62,   726.11,   603.00
  596.34,   855.24,   355.59
  597.78,   852.92,   481.06
  600.24,   849.58,   605.69
  725.03,   609.45,   346.78
  728.14,   607.81,   471.67
  731.31,   604.56,   596.84
  723.71,   735.04,   349.73
  726.29,   733.00,   475.81
  728.15,   730.86,   599.87
  720.56,   859.36,   354.06
  722.60,   856.74,   478.90
  724.90,   854.01,   602.20
  474.44,   598.97,   472.90
  472.95,   600.79,   599.97
  472.69,   601.15,   726.85
  476.78,   723.90,   472.07
  474.80,   725.41,   598.74
  473.71,   725.73,   725.03
  479.00,   848.40,   471.47
  475.88,   849.78,   597.01
  473.05,   851.07,   722.82
  600.35,   598.45,   476.68
  598.39,   600.01,   602.94
  597.05,   600.45,   728.67
  602.26,   723.75,   476.71
  600.09,   725.29,   602.10
  598.59,   725.18,   726.22
  604.46,   848.18,   475.94
  601.51,   848.90,   600.76
  599.08,   850.03,   724.74
  725.51,   598.22,   480.28
  723.78,   599.07,   605.16
  720.74,   599.77,   730.17
  728.08,   723.58,   480.18
  725.14,   725.29,   603.81
  721.26,   727.39,   726.70
  729.16,   847.15,   478.68
  725.99,   849.13,   602.19
  723.06,   851.36,   724.96
  475.36,   601.10,   599.93
  477.03,   597.26,   727.18
  476.59,   592.99,   851.78
  477.90,   725.43,   603.55
  479.51,   721.08,   729.86
  478.60,   716.83,   857.23
  480.01,   850.08,   606.59
  479.79,   846.85,   732.66
  478.18,   843.31,   859.60
  600.86,   599.64,   600.39
  601.69,   595.42,   726.12
  600.08,   591.48,   850.79
  603.30,   724.64,   604.53
  604.22,   720.00,   728.82
  602.08,   716.15,   854.33
  605.51,   848.31,   607.76
  605.31,   845.15,   731.55
  603.72,   842.58,   856.73
  725.87,   597.81,   600.67
  725.65,   593.34,   725.56
  724.34,   589.08,   849.39
  728.37,   723.98,   604.11
  726.73,   721.20,   726.67
  723.94,   718.30,   850.31
  730.27,   847.86,   606.53
  729.07,   845.87,   729.13
  726.80,   844.27,   852.81
  598.73,   100.99,   101.01
  599.73,    99.87,   225.45
  600.04,    99.16,   351.75
  600.77,   227.54,   103.16
  601.77,   225.33,   227.68
  602.55,   223.30,   353.16
  604.00,   352.29,   105.10
  603.62,   349.80,   229.94
  604.14,   348.10,   353.78
  724.56,    98.22,   100.17
  724.44,    96.99,   224.96
  724.72,    96.04,   350.63
  726.37,   225.57,   102.78
  726.39,   222.78,   227.03
  727.31,   220.47,   352.18
  727.67,   349.62,   104.74
  727.66,   347.00,   229.30
  728.63,   345.11,   353.10
  850.53,    96.50,   100.10
  849.61,    95.22,   225.74
  850.20,    94.36,   350.65
  852.96,   222.17,   102.97
  851.84,   219.43,   227.44
  852.43,   218.11,   352.18
  852.83,   345.93,   103.85
  853.16,   344.73,   228.34
  854.48,   343.76,   352.57
  601.57,    99.89,   223.33
  605.07,    99.90,   349.30
  608.54,   100.00,   475.59
  599.85,   225.22,   224.81
  604.06,   223.94,   350.02
  607.68,   223.81,   475.14
  597.58,   350.11,   225.90
  601.39,   349.02,   349.56
  605.41,   348.79,   474.30
  726.66,   101.14,   219.15
  729.94,   101.02,   345.04
  733.81,   100.01,   471.00
  724.25,   226.89,   220.52
  728.23,   225.46,   345.78
  732.35,   224.40,   470.70
  721.40,   350.87,   221.96
  725.62,   350.17,   345.72
  730.16,   349.74,   470.21
  851.65,   102.88,   216.51
  855.51,   102.91,   341.52
  858.62,   101.70,   467.50
  849.45,   227.36,   217.76
  853.21,   226.86,   342.54
  857.25,   226.14,   466.81
  846.74,   352.66,   217.66
  851.68,   352.75,   341.77
  855.71,   351.33,   466.75
  601.66,    99.48,   348.58
  603.25,    98.89,   474.67
  605.32,    97.73,   598.76
  601.97,   223.61,   349.77
  604.12,   222.52,   475.26
  605.58,   222.06,   600.03
  601.17,   348.66,   350.46
  602.97,   347.56,   475.03
  605.32,   346.75,   600.90
  726.72,    99.30,   346.34
  728.59,    97.64,   472.09
  730.02,    96.59,   597.02
  726.62,   223.55,   347.69
  728.66,   222.09,   472.69
  730.24,   221.36,   597.28
  725.25,   348.44,   348.15
  727.88,   347.49,   473.02
  730.79,   345.97,   598.59
  852.15,    99.81,   344.44
  853.49,    97.65,   470.41
  853.60,    96.60,   594.85
  851.46,   223.63,   346.22
  853.28,   222.40,   470.84
  854.17,   221.48,   594.96
  851.03,   349.31,   346.46
  853.23,   347.55,   471.34
  855.15,   344.97,   596.88
  598.64,   100.34,   475.16
  595.82,   101.30,   599.06
  593.00,   101.94,   722.73
  601.15,   224.11,   473.60
  597.95,   225.74,   598.38
  594.46,   228.05,   723.55
  602.29,   349.16,   471.39
  599.67,   350.50,   597.31
  597.15,   352.16,   724.25
  723.59,    97.61,   477.08
  720.58,    98.16,   601.66
  717.40,    99.92,   724.36
  725.91,   221.94,   475.40
  723.10,   223.25,   600.02
  719.53,   225.65,   724.57
  727.15,   347.25,   473.88
  725.13,   347.60,   599.45
  723.08,   348.05,   725.50
  848.54,    95.62,   479.70
  844.11,    96.52,   603.88
  840.95,    97.81,   726.51
  850.46,   220.04,   478.19
  846.55,   221.17,   601.95
  843.35,   222.95,   725.25
  852.07,   345.33,   476.45
  849.93,   345.03,   602.47
  847.57,   344.88,   728.14
  598.85,   101.47,   598.89
  600.22,    97.48,   722.07
  601.48,    94.13,   848.87
  600.33,   225.63,   601.94
  601.23,   223.96,   727.03
  602.56,   221.31,   853.42
  601.58,   350.47,   605.35
  603.39,   348.12,   732.23
  604.88,   344.70,   856.59
  723.53,    98.68,   596.83
  724.06,    96.10,   719.48
  725.98,    92.45,   845.41
  725.53,   223.72,   599.47
  726.11,   221.88,   723.69
  726.98,   219.83,   849.98
  727.22,   348.15,   602.76
  729.23,   344.29,   728.83
  730.22,   341.16,   854.06
  847.15,    97.23,   595.23
  847.76,    94.45,   717.72
  850.82,    90.69,   843.13
  849.16,   221.81,   597.21
  849.81,   219.83,   720.56
  851.66,   216.10,   845.86
  851.71,   345.64,   601.50
  853.89,   341.55,   727.46
  855.29,   338.37,   852.20
  600.22,   225.34,    98.39
  602.04,   225.35,   223.09
  603.91,   225.50,   348.50
  598.96,   350.36,    98.58
  599.83,   350.20,   223.28
  601.26,   350.42,   347.15
  598.44,   474.93,    97.60
  598.68,   474.52,   222.34
  599.23,   475.91,   345.72
  725.63,   227.45,    97.49
  726.67,   227.20,   221.56
  728.26,   226.77,   346.60
  723.25,   352.04,    96.84
  723.55,   351.54,   221.73
  725.55,   351.99,   345.53
  721.14,   476.33,    95.68
  721.75,   475.68,   220.71
  722.98,   477.32,   345.28
  852.35,   228.52,    96.66
  852.07,   227.94,   220.86
  853.35,   228.86,   345.90
  847.94,   352.37,    95.48
  849.35,   353.61,   219.94
  851.24,   354.52,   344.03
  845.81,   477.92,    93.29
  847.15,   478.74,   218.71
  848.99,   479.71,   343.02
  600.25,   223.37,   225.06
  597.60,   222.02,   350.36
  595.08,   221.35,   475.55
  599.77,   348.05,   226.22
  597.20,   346.66,   350.29
  594.61,   346.59,   474.70
  600.61,   472.24,   227.00
  596.98,   472.04,   350.42
  594.46,   472.19,   474.89
  724.42,   223.21,   227.41
  722.13,   221.11,   352.33
  719.88,   220.55,   477.85
  723.39,   347.12,   228.69
  721.26,   346.30,   352.59
  719.30,   345.61,   477.32
  723.34,   471.40,   229.43
  720.95,   471.60,   353.75
  719.48,   471.70,   478.14
  849.88,   221.54,   230.96
  847.40,   221.04,   355.71
  844.38,   220.14,   480.12
  849.16,   347.15,   231.03
  847.24,   346.81,   355.19
  844.76,   345.53,   480.22
  848.96,   472.61,   231.53
  846.74,   472.34,   355.85
  844.77,   471.11,   480.65
  600.80,   223.28,   348.70
  600.60,   225.35,   474.02
  600.58,   228.54,   599.00
  600.68,   348.17,   345.70
  600.89,   350.58,   470.32
  601.21,   353.21,   596.42
  601.02,   473.24,   342.99
  601.44,   476.37,   467.71
  602.15,   478.94,   593.95
  725.19,   222.10,   348.25
  725.55,   223.83,   473.41
  725.63,   226.80,   598.03
  724.76,   347.07,   345.55
  725.73,   349.28,   469.96
  726.79,   351.27,   595.43
  724.95,   472.34,   343.80
  726.28,   475.37,   467.80
  727.75,   476.85,   593.52
  850.34,   221.24,   348.73
  850.36,   223.41,   473.07
  849.46,   225.80,   597.05
  850.44,   346.75,   345.41
  850.91,   348.58,   470.07
  851.27,   349.50,   595.76
  851.19,   472.36,   342.74
  851.77,   474.11,   467.53
  853.14,   474.76,   594.42
  600.73,   223.47,   473.96
  599.59,   222.31,   598.64
  598.39,   222.03,   723.49
  603.00,   348.76,   474.23
  602.70,   347.22,   600.49
  602.53,   346.20,   727.05
  605.69,   474.34,   475.90
  606.29,   472.49,   602.25
  606.52,   470.37,   729.23
  725.35,   219.75,   473.69
  724.60,   218.79,   598.34
  723.39,   218.26,   722.38
  727.81,   344.96,   474.62
  728.37,   343.20,   600.17
  728.16,   340.72,   726.42
  730.88,   471.04,   476.48
  731.87,   468.24,   602.21
  732.01,   464.74,   728.80
  850.31,   217.02,   474.17
  848.38,   215.15,   598.37
  846.84,   214.38,   721.32
  853.34,   341.95,   475.27
  852.88,   338.91,   600.80
  852.36,   336.21,   726.55
  856.22,   467.38,   476.91
  857.07,   463.75,   603.77
  858.12,   459.72,   730.37
  601.29,   224.30,   599.57
  601.79,   228.21,   724.48
  602.55,   231.46,   850.65
  601.89,   348.96,   596.86
  603.64,   352.48,   723.78
  604.65,   354.99,   848.31
  602.96,   474.48,   593.83
  605.31,   476.93,   721.12
  606.37,   478.75,   844.89
  726.16,   222.62,   597.56
  726.82,   226.69,   721.98
  727.22,   230.85,   848.17
  727.68,   347.16,   594.87
  729.21,   349.04,   721.20
  730.14,   351.72,   846.26
  728.51,   472.48,   592.43
  730.88,   473.41,   718.80
  732.16,   474.56,   843.46
  850.16,   221.32,   595.89
  850.27,   224.95,   719.16
  851.72,   227.41,   844.41
  852.08,   345.23,   593.87
  853.95,   346.89,   720.07
  855.10,   349.23,   845.36
  853.90,   470.44,   592.27
  856.71,   470.86,   719.05
  858.58,   471.49,   843.87
  598.71,   351.40,    99.85
  599.48,   350.67,   224.76
  600.68,   350.56,   348.70
  596.25,   475.78,    99.67
  596.44,   474.99,   224.22
  597.31,   476.03,   347.64
  593.69,   599.68,    98.80
  594.93,   599.94,   223.01
  594.89,   601.29,   347.11
  722.46,   354.43,    98.62
  723.10,   353.80,   223.29
  725.19,   353.84,   347.17
  719.17,   478.46,    97.25
  719.41,   477.94,   222.87
  721.05,   479.39,   346.99
  716.86,   602.53,    96.55
  717.49,   603.14,   221.19
  718.67,   605.13,   346.34
  847.38,   356.59,    97.01
  848.85,   357.26,   221.18
  850.74,   358.08,   345.48
  843.70,   482.32,    95.19
  845.12,   482.94,   220.43
  846.90,   483.58,   344.87
  841.44,   606.86,    95.16
  841.18,   608.19,   219.41
  843.26,   609.22,   344.96
  598.19,   349.40,   226.43
  602.11,   347.99,   350.37
  605.98,   347.32,   475.32
  598.03,   473.59,   227.58
  600.93,   473.39,   351.08
  604.67,   472.95,   475.59
  599.08,   598.45,   227.46
  601.27,   598.60,   351.68
  604.65,   599.09,   477.12
  721.92,   349.41,   222.68
  726.05,   348.44,   346.92
  730.77,   347.49,   471.24
  720.96,   473.68,   223.83
  724.95,   473.60,   347.91
  729.78,   473.46,   472.16
  721.49,   598.89,   223.58
  725.09,   599.46,   349.00
  729.72,   599.95,   474.03
  847.51,   350.29,   218.92
  852.05,   349.75,   343.09
  855.84,   348.24,   467.97
  846.52,   475.80,   219.27
  850.70,   475.36,   343.81
  855.09,   473.73,   468.35
  845.73,   601.36,   219.80
  849.93,   601.12,   345.11
  855.05,   600.10,   470.12
  597.71,   350.55,   347.78
  595.24,   347.16,   472.34
  592.84,   344.16,   598.32
  600.46,   476.02,   351.20
  597.97,   472.72,   475.88
  596.26,   469.54,   602.48
  604.63,   601.45,   355.01
  601.95,   598.72,   480.07
  600.21,   594.68,   606.56
  721.94,   347.10,   350.00
  719.94,   343.38,   474.73
  718.42,   339.53,   600.16
  724.52,   472.34,   354.41
  723.17,   469.52,   478.75
  722.04,   465.05,   604.28
  728.63,   598.23,   358.24
  726.90,   595.78,   483.19
  725.47,   591.35,   608.22
  847.60,   344.43,   352.69
  845.35,   340.11,   477.06
  842.78,   335.38,   602.83
  850.33,   470.16,   356.02
  848.59,   465.44,   481.01
  847.02,   460.56,   607.47
  853.44,   595.79,   360.59
  852.24,   591.78,   485.44
  850.77,   587.26,   611.07
  600.28,   348.60,   472.49
  603.70,   345.90,   598.28
  607.27,   342.97,   725.21
  600.01,   474.32,   475.43
  604.10,   471.32,   601.74
  608.18,   467.49,   728.74
  600.59,   600.09,   479.56
  605.02,   596.81,   605.85
  609.60,   591.99,   731.40
  725.08,   348.25,   469.28
  729.17,   344.58,   594.52
  732.81,   340.73,   720.46
  724.94,   474.35,   472.72
  729.62,   469.94,   598.42
  733.74,   464.81,   724.73
  725.81,   600.43,   476.89
  730.17,   596.39,   602.09
  733.35,   591.91,   726.68
  850.38,   348.16,   466.16
  853.52,   343.57,   591.78
  857.12,   339.29,   717.43
  850.60,   473.72,   469.19
  854.76,   468.98,   595.94
  859.78,   463.11,   722.56
  850.83,   599.88,   473.88
  855.20,   595.94,   599.09
  859.24,   591.31,   723.94
  601.48,   351.44,   602.20
  604.12,   348.71,   728.80
  606.61,   345.05,   853.62
  598.94,   476.65,   605.92
  602.21,   473.03,   732.65
  604.38,   469.09,   855.77
  596.56,   602.39,   609.85
  600.16,   597.72,   735.11
  601.80,   593.60,   859.54
  726.92,   353.53,   599.15
  729.86,   349.55,   725.06
  732.09,   345.99,   850.34
  724.15,   478.86,   602.73
  727.72,   473.52,   729.27
  730.55,   468.60,   853.51
  721.68,   605.35,   606.71
  724.07,   600.78,   731.59
  725.93,   596.46,   855.15
  851.62,   355.73,   597.02
  854.77,   350.99,   723.12
  857.00,   347.58,   848.12
  849.57,   481.08,   601.33
  853.53,   475.15,   727.83
  856.83,   469.83,   852.54
  846.66,   608.29,   604.35
  849.54,   603.81,   729.01
  852.28,   598.81,   852.93
  600.88,   474.94,    99.64
  599.14,   472.82,   224.21
  597.49,   472.67,   347.86
  602.12,   598.73,   100.08
  601.12,   597.72,   224.38
  599.08,   597.98,   348.45
  603.35,   723.11,   100.48
  603.64,   722.88,   224.18
  601.27,   723.17,   349.56
  724.06,   473.94,    99.63
  722.20,   471.72,   224.97
  721.20,   471.86,   349.28
  725.35,   598.01,   100.02
  723.53,   596.97,   224.81
  722.78,   597.88,   350.29
  728.47,   723.14,   100.18
  726.75,   722.86,   224.82
  725.79,   723.25,   351.25
  848.41,   473.57,    99.50
  847.73,   472.76,   224.97
  847.42,   472.01,   349.26
  849.86,   598.71,   100.73
  847.90,   598.36,   225.43
  847.50,   597.70,   351.03
  852.24,   723.86,   100.44
  849.27,   723.08,   226.89
  849.77,   722.47,   352.73
  598.45,   474.40,   224.33
  597.70,   473.15,   348.14
  598.00,   471.65,   472.40
  603.37,   599.04,   225.68
  602.02,   598.54,   349.76
  601.74,   597.78,   475.03
  608.44,   724.39,   226.87
  607.37,   723.87,   352.41
  606.59,   722.90,   478.39
  721.18,   470.46,   224.52
  721.56,   469.49,   348.37
  722.94,   468.20,   472.63
  725.56,   595.81,   225.30
  725.83,   595.38,   350.58
  727.14,   594.61,   475.78
  731.38,   721.79,   225.95
  731.79,   720.95,   352.68
  731.89,   719.74,   478.77
  846.96,   468.61,   223.39
  847.58,   466.73,   347.54
  848.15,   464.39,   472.58
  849.74,   594.06,   224.90
  850.92,   592.47,   349.85
  852.19,   590.72,   475.25
  853.94,   718.89,   227.43
  855.42,   717.16,   352.90
  857.20,   715.85,   477.69
  599.88,   475.14,   349.73
  603.35,   475.82,   474.07
  607.97,   475.83,   600.44
  603.94,   600.61,   349.80
  607.29,   601.56,   475.00
  611.69,   601.15,   600.90
  608.74,   726.15,   350.54
  611.50,   726.94,   476.49
  615.69,   726.61,   601.91
  723.64,   471.94,   346.72
  728.39,   472.67,   470.89
  733.33,   471.32,   596.54
  727.57,   597.80,   347.03
  732.17,   598.82,   471.99
  736.93,   597.99,   597.13
  733.24,   723.48,   347.44
  736.86,   724.07,   473.53
  740.51,   724.64,   597.38
  849.81,   469.81,   342.46
  853.77,   469.09,   467.49
  858.43,   467.32,   594.12
  852.50,   595.63,   343.36
  857.14,   595.30,   468.29
  862.06,   594.43,   593.69
  856.99,   720.23,   344.39
  861.71,   720.30,   468.92
  864.93,   721.34,   592.58
  600.59,   476.64,   473.13
  600.60,   473.82,   599.73
  601.49,   470.33,   726.90
  600.57,   602.81,   477.20
  601.16,   599.18,   603.50
  602.02,   595.01,   729.30
  601.24,   728.05,   482.23
  601.52,   724.23,   607.27
  602.18,   719.76,   731.71
  725.46,   476.97,   474.18
  726.24,   473.07,   599.97
  726.88,   468.32,   726.16
  726.06,   603.42,   478.71
  726.13,   599.49,   603.67
  725.76,   595.31,   728.13
  727.09,   728.56,   482.99
  726.44,   725.92,   606.91
  724.76,   723.22,   729.83
  850.86,   477.13,   474.54
  851.67,   472.45,   601.11
  852.83,   466.77,   727.93
  851.24,   603.42,   478.83
  851.52,   599.57,   604.14
  851.73,   595.18,   728.92
  851.99,   728.52,   482.43
  850.97,   726.47,   606.13
  848.74,   725.09,   728.14
  600.90,   475.94,   600.34
  602.53,   476.49,   727.68
  602.84,   477.34,   851.08
  601.98,   601.43,   599.95
  603.75,   601.33,   725.49
  603.67,   601.45,   850.08
  603.09,   726.53,   599.55
  604.90,   726.43,   723.62
  603.82,   726.51,   849.51
  726.57,   474.33,   599.69
  727.94,   473.95,   725.97
  728.73,   473.24,   850.45
  727.28,   600.87,   599.09
  727.47,   601.10,   723.57
  727.41,   601.25,   847.44
  727.85,   727.44,   597.96
  727.35,   728.86,   720.99
  725.59,   730.56,   844.21
  852.02,   473.17,   599.96
  853.83,   471.89,   726.94
  855.13,   470.81,   851.17
  852.35,   600.20,   598.42
  853.46,   600.56,   723.22
  854.24,   600.27,   847.23
  852.53,   727.08,   596.27
  851.16,   729.98,   718.44
  850.95,   731.36,   842.64
  601.66,   601.07,   101.89
  599.48,   600.88,   226.00
  595.69,   601.91,   349.85
  599.88,   725.46,   101.37
  598.51,   725.79,   224.93
  594.68,   727.25,   350.26
  597.29,   851.53,   100.98
  596.26,   851.30,   225.81
  592.99,   852.24,   351.36
  724.97,   602.98,   103.10
  721.69,   602.97,   227.71
  719.55,   605.02,   353.34
  725.07,   728.10,   102.42
  721.96,   728.95,   226.94
  719.29,   730.51,   353.52
  723.80,   855.45,   102.18
  720.15,   854.25,   227.87
  717.49,   854.94,   354.34
  849.44,   606.85,   105.30
  845.80,   607.63,   230.17
  844.40,   608.13,   355.57
  848.88,   732.12,   103.74
  844.29,   732.28,   230.31
  843.26,   732.58,   356.16
  849.44,   859.02,   104.10
  843.52,   856.36,   230.13
  841.45,   856.62,   356.29
  600.16,   599.49,   224.53
  595.78,   602.24,   348.64
  591.85,   604.94,   474.01
  600.76,   724.32,   222.41
  596.27,   727.39,   347.64
  592.01,   729.95,   473.82
  599.97,   850.18,   221.48
  595.70,   852.21,   346.99
  591.73,   854.29,   472.73
  722.69,   600.42,   227.59
  719.50,   603.70,   352.78
  717.38,   606.37,   477.94
  724.22,   726.50,   224.92
  720.56,   729.02,   351.68
  717.50,   731.86,   477.66
  723.68,   851.43,   224.61
  720.28,   853.81,   351.26
  716.59,   855.49,   476.06
  846.76,   603.58,   230.59
  844.26,   605.37,   356.08
  842.16,   607.28,   481.16
  846.38,   728.45,   229.57
  844.81,   730.21,   355.50
  842.83,   732.22,   480.23
  847.19,   852.22,   227.72
  844.52,   853.93,   353.79
  841.53,   856.67,   477.19
  600.78,   600.50,   347.80
  599.93,   599.16,   473.07
  600.92,   596.96,   599.38
  601.07,   725.88,   350.80
  599.61,   724.63,   476.69
  599.92,   722.04,   602.25
  599.93,   850.76,   354.02
  599.14,   848.83,   479.99
  598.57,   845.81,   604.84
  724.80,   602.38,   348.83
  725.47,   601.30,   474.09
  725.84,   598.70,   599.33
  725.34,   728.07,   351.62
  725.49,   726.48,   477.68
  725.04,   724.94,   602.01
  724.38,   852.54,   355.51
  724.06,   850.53,   480.08
  723.58,   848.58,   603.64
  849.63,   604.95,   349.31
  850.40,   602.66,   474.41
  851.43,   599.44,   599.59
  849.40,   729.48,   352.51
  850.52,   727.46,   477.34
  849.40,   726.59,   600.83
  848.81,   853.53,   354.96
  848.78,   852.09,   478.61
  847.62,   851.02,   602.08
  600.38,   602.73,   473.59
  599.40,   605.05,   599.88
  598.41,   606.64,   725.52
  602.19,   727.93,   472.52
  600.30,   730.48,   597.93
  599.41,   731.49,   722.03
  603.66,   851.95,   471.06
  601.18,   853.88,   595.77
  598.77,   855.96,   719.53
  725.66,   602.76,   476.69
  724.39,   604.82,   601.80
  721.80,   606.61,   726.43
  727.80,   728.13,   475.51
  725.46,   731.12,   599.71
  721.78,   733.73,   722.12
  728.28,   851.91,   473.13
  725.92,   854.48,   596.58
  723.27,   857.80,   719.58
  851.00,   601.94,   479.08
  849.69,   604.10,   603.98
  847.40,   605.84,   728.58
  852.70,   727.03,   477.21
  850.01,   731.00,   600.55
  845.44,   735.23,   722.41
  853.20,   851.67,   473.39
  849.96,   855.22,   597.28
  846.12,   859.25,   720.80
  602.07,   601.76,   602.24
  604.59,   601.34,   727.70
  604.63,   601.78,   852.17
  602.65,   726.92,   601.99
  604.97,   726.30,   726.09
  604.43,   726.60,   851.88
  602.80,   850.63,   600.82
  604.11,   851.42,   724.74
  604.22,   853.34,   850.20
  727.14,   601.85,   600.60
  728.02,   601.84,   725.16
  728.79,   602.00,   849.32
  727.31,   728.21,   600.03
  727.52,   729.64,   722.64
  726.33,   731.31,   845.84
  727.42,   851.54,   598.19
  728.00,   853.45,   721.32
  727.86,   856.35,   844.64
  852.14,   601.21,   599.50
  853.78,   601.63,   724.21
  855.30,   601.06,   848.07
  852.22,   728.46,   597.17
  851.30,   731.34,   719.28
  851.69,   732.13,   843.97
  851.99,   852.55,   595.68
  851.61,   855.35,   718.98
  851.30,   856.51,   843.90
